rank_data
"{'id': 21, 'rank': 1, 'fitness': 0.9820137900379085, 'generation': 0}","{'id': 12, 'rank': 2, 'fitness': 0.9202213288039969, 'generation': 0}","{'id': 23, 'rank': 3, 'fitness': 0.8901390938409547, 'generation': 0}","{'id': 16, 'rank': 4, 'fitness': 0.8649712849840692, 'generation': 0}","{'id': 25, 'rank': 5, 'fitness': 0.8644988628540656, 'generation': 0}","{'id': 29, 'rank': 6, 'fitness': 0.8562452969521581, 'generation': 0}","{'id': 26, 'rank': 7, 'fitness': 0.802304726026741, 'generation': 0}","{'id': 24, 'rank': 8, 'fitness': 0.7997616771014848, 'generation': 0}","{'id': 13, 'rank': 9, 'fitness': 0.7542085575937638, 'generation': 0}","{'id': 11, 'rank': 10, 'fitness': 0.7056363975429446, 'generation': 0}","{'id': 17, 'rank': 11, 'fitness': 0.6599909394394616, 'generation': 0}","{'id': 1, 'rank': 12, 'fitness': 0.6472545783236061, 'generation': 0}","{'id': 8, 'rank': 13, 'fitness': 0.6401754079011159, 'generation': 0}","{'id': 6, 'rank': 14, 'fitness': 0.634913336830846, 'generation': 0}","{'id': 30, 'rank': 15, 'fitness': 0.6171442611827168, 'generation': 0}","{'id': 5, 'rank': 16, 'fitness': 0.58470199767308, 'generation': 0}","{'id': 7, 'rank': 17, 'fitness': 0.5841354539765696, 'generation': 0}","{'id': 15, 'rank': 18, 'fitness': 0.5560078031141282, 'generation': 0}","{'id': 28, 'rank': 19, 'fitness': 0.5313898945335723, 'generation': 0}","{'id': 9, 'rank': 20, 'fitness': 0.3789365440665624, 'generation': 0}","{'id': 14, 'rank': 21, 'fitness': 0.3416090541295357, 'generation': 0}","{'id': 27, 'rank': 22, 'fitness': 0.32542360386387775, 'generation': 0}","{'id': 3, 'rank': 23, 'fitness': 0.2743252103868398, 'generation': 0}","{'id': 2, 'rank': 24, 'fitness': 0.2629118214983892, 'generation': 0}","{'id': 4, 'rank': 25, 'fitness': 0.2110800845359671, 'generation': 0}","{'id': 22, 'rank': 26, 'fitness': 0.1723549442639541, 'generation': 0}","{'id': 10, 'rank': 27, 'fitness': 0.1707555380013177, 'generation': 0}","{'id': 18, 'rank': 28, 'fitness': 0.166347011837576, 'generation': 0}","{'id': 19, 'rank': 29, 'fitness': 0.021208583934149705, 'generation': 0}","{'id': 20, 'rank': 30, 'fitness': 0.01798620996209155, 'generation': 0}"
"{'id': 21, 'rank': 1, 'fitness': 0.9820137900379085, 'generation': 1}","{'id': 12, 'rank': 2, 'fitness': 0.9202213288039969, 'generation': 1}","{'id': 23, 'rank': 3, 'fitness': 0.8901390938409547, 'generation': 1}","{'id': 16, 'rank': 4, 'fitness': 0.8649712849840692, 'generation': 1}","{'id': 25, 'rank': 5, 'fitness': 0.8644988628540656, 'generation': 1}","{'id': 29, 'rank': 6, 'fitness': 0.8562452969521581, 'generation': 1}","{'id': 26, 'rank': 7, 'fitness': 0.802304726026741, 'generation': 1}","{'id': 24, 'rank': 8, 'fitness': 0.7997616771014848, 'generation': 1}","{'id': 13, 'rank': 9, 'fitness': 0.7542085575937638, 'generation': 1}","{'id': 11, 'rank': 10, 'fitness': 0.7056363975429446, 'generation': 1}","{'id': 17, 'rank': 11, 'fitness': 0.6599909394394616, 'generation': 1}","{'id': 1, 'rank': 12, 'fitness': 0.6472545783236061, 'generation': 1}","{'id': 8, 'rank': 13, 'fitness': 0.6401754079011159, 'generation': 1}","{'id': 6, 'rank': 14, 'fitness': 0.634913336830846, 'generation': 1}","{'id': 30, 'rank': 15, 'fitness': 0.6171442611827168, 'generation': 1}","{'id': 5, 'rank': 16, 'fitness': 0.58470199767308, 'generation': 1}","{'id': 7, 'rank': 17, 'fitness': 0.5841354539765696, 'generation': 1}","{'id': 15, 'rank': 18, 'fitness': 0.5560078031141282, 'generation': 1}","{'id': 28, 'rank': 19, 'fitness': 0.5313898945335723, 'generation': 1}","{'id': 9, 'rank': 20, 'fitness': 0.3789365440665624, 'generation': 1}","{'id': 14, 'rank': 21, 'fitness': 0.3416090541295357, 'generation': 1}","{'id': 27, 'rank': 22, 'fitness': 0.32542360386387775, 'generation': 1}","{'id': 3, 'rank': 23, 'fitness': 0.2743252103868398, 'generation': 1}","{'id': 2, 'rank': 24, 'fitness': 0.2629118214983892, 'generation': 1}","{'id': 4, 'rank': 25, 'fitness': 0.2110800845359671, 'generation': 1}","{'id': 22, 'rank': 26, 'fitness': 0.1723549442639541, 'generation': 1}","{'id': 10, 'rank': 27, 'fitness': 0.1707555380013177, 'generation': 1}","{'id': 18, 'rank': 28, 'fitness': 0.166347011837576, 'generation': 1}","{'id': 19, 'rank': 29, 'fitness': 0.021208583934149705, 'generation': 1}","{'id': 20, 'rank': 30, 'fitness': 0.01798620996209155, 'generation': 1}"
"{'id': 67, 'rank': 1, 'fitness': 0.9820137900379085, 'generation': 2}","{'id': 48, 'rank': 2, 'fitness': 0.9349432429664096, 'generation': 2}","{'id': 48, 'rank': 3, 'fitness': 0.9349432429664096, 'generation': 2}","{'id': 48, 'rank': 4, 'fitness': 0.9349432429664096, 'generation': 2}","{'id': 39, 'rank': 5, 'fitness': 0.8777614512302323, 'generation': 2}","{'id': 57, 'rank': 6, 'fitness': 0.8088708700391534, 'generation': 2}","{'id': 38, 'rank': 7, 'fitness': 0.6906513075183704, 'generation': 2}","{'id': 35, 'rank': 8, 'fitness': 0.6612979641500153, 'generation': 2}","{'id': 35, 'rank': 9, 'fitness': 0.6612979641500153, 'generation': 2}","{'id': 66, 'rank': 10, 'fitness': 0.6222295947018333, 'generation': 2}","{'id': 66, 'rank': 11, 'fitness': 0.6222295947018333, 'generation': 2}","{'id': 47, 'rank': 12, 'fitness': 0.596654030434898, 'generation': 2}","{'id': 65, 'rank': 13, 'fitness': 0.5025541214719929, 'generation': 2}","{'id': 40, 'rank': 14, 'fitness': 0.4905778654854352, 'generation': 2}","{'id': 40, 'rank': 15, 'fitness': 0.4905778654854352, 'generation': 2}","{'id': 81, 'rank': 16, 'fitness': 0.2921026022070598, 'generation': 2}","{'id': 81, 'rank': 17, 'fitness': 0.2921026022070598, 'generation': 2}","{'id': 89, 'rank': 18, 'fitness': 0.2138565361489203, 'generation': 2}","{'id': 64, 'rank': 19, 'fitness': 0.12828290745852128, 'generation': 2}","{'id': 31, 'rank': 20, 'fitness': 0.12767567913057432, 'generation': 2}","{'id': 31, 'rank': 21, 'fitness': 0.12767567913057432, 'generation': 2}","{'id': 46, 'rank': 22, 'fitness': 0.0785125420211979, 'generation': 2}","{'id': 46, 'rank': 23, 'fitness': 0.0785125420211979, 'generation': 2}","{'id': 12, 'rank': 24, 'fitness': 0.0751254466875182, 'generation': 2}","{'id': 71, 'rank': 25, 'fitness': 0.06629500523023135, 'generation': 2}","{'id': 71, 'rank': 26, 'fitness': 0.06629500523023135, 'generation': 2}","{'id': 73, 'rank': 27, 'fitness': 0.054688556808914324, 'generation': 2}","{'id': 26, 'rank': 28, 'fitness': 0.04687910192317013, 'generation': 2}","{'id': 63, 'rank': 29, 'fitness': 0.037404042436889995, 'generation': 2}","{'id': 14, 'rank': 30, 'fitness': 0.01798620996209155, 'generation': 2}"
"{'id': 131, 'rank': 1, 'fitness': 0.9820137900379085, 'generation': 3}","{'id': 67, 'rank': 2, 'fitness': 0.7966122493134558, 'generation': 3}","{'id': 67, 'rank': 3, 'fitness': 0.7966122493134558, 'generation': 3}","{'id': 122, 'rank': 4, 'fitness': 0.6438934775834395, 'generation': 3}","{'id': 122, 'rank': 5, 'fitness': 0.6438934775834395, 'generation': 3}","{'id': 92, 'rank': 6, 'fitness': 0.638303438328004, 'generation': 3}","{'id': 48, 'rank': 7, 'fitness': 0.5639345757269296, 'generation': 3}","{'id': 48, 'rank': 8, 'fitness': 0.5639345757269296, 'generation': 3}","{'id': 95, 'rank': 9, 'fitness': 0.5232875045627302, 'generation': 3}","{'id': 129, 'rank': 10, 'fitness': 0.5127169415340099, 'generation': 3}","{'id': 133, 'rank': 11, 'fitness': 0.44751753240089925, 'generation': 3}","{'id': 133, 'rank': 12, 'fitness': 0.44751753240089925, 'generation': 3}","{'id': 130, 'rank': 13, 'fitness': 0.44075053686658844, 'generation': 3}","{'id': 130, 'rank': 14, 'fitness': 0.44075053686658844, 'generation': 3}","{'id': 39, 'rank': 15, 'fitness': 0.4209544436488732, 'generation': 3}","{'id': 118, 'rank': 16, 'fitness': 0.4111143564965686, 'generation': 3}","{'id': 118, 'rank': 17, 'fitness': 0.4111143564965686, 'generation': 3}","{'id': 118, 'rank': 18, 'fitness': 0.4111143564965686, 'generation': 3}","{'id': 121, 'rank': 19, 'fitness': 0.20421403775464292, 'generation': 3}","{'id': 35, 'rank': 20, 'fitness': 0.197813158372648, 'generation': 3}","{'id': 66, 'rank': 21, 'fitness': 0.1763608019903311, 'generation': 3}","{'id': 47, 'rank': 22, 'fitness': 0.16377165313098674, 'generation': 3}","{'id': 93, 'rank': 23, 'fitness': 0.1434665712005886, 'generation': 3}","{'id': 40, 'rank': 24, 'fitness': 0.12059866636868705, 'generation': 3}","{'id': 106, 'rank': 25, 'fitness': 0.11482896323568836, 'generation': 3}","{'id': 127, 'rank': 26, 'fitness': 0.10956335908405351, 'generation': 3}","{'id': 104, 'rank': 27, 'fitness': 0.04896217815367354, 'generation': 3}","{'id': 94, 'rank': 28, 'fitness': 0.03224692439517052, 'generation': 3}","{'id': 64, 'rank': 29, 'fitness': 0.028023140600067442, 'generation': 3}","{'id': 46, 'rank': 30, 'fitness': 0.01798620996209155, 'generation': 3}"
"{'id': 144, 'rank': 1, 'fitness': 0.9820137900379085, 'generation': 4}","{'id': 144, 'rank': 2, 'fitness': 0.9820137900379085, 'generation': 4}","{'id': 67, 'rank': 3, 'fitness': 0.964936882907425, 'generation': 4}","{'id': 67, 'rank': 4, 'fitness': 0.964936882907425, 'generation': 4}","{'id': 165, 'rank': 5, 'fitness': 0.9529582633374796, 'generation': 4}","{'id': 165, 'rank': 6, 'fitness': 0.9529582633374796, 'generation': 4}","{'id': 161, 'rank': 7, 'fitness': 0.8986944541405237, 'generation': 4}","{'id': 159, 'rank': 8, 'fitness': 0.8057786604430159, 'generation': 4}","{'id': 159, 'rank': 9, 'fitness': 0.8057786604430159, 'generation': 4}","{'id': 48, 'rank': 10, 'fitness': 0.7183295515127159, 'generation': 4}","{'id': 48, 'rank': 11, 'fitness': 0.7183295515127159, 'generation': 4}","{'id': 158, 'rank': 12, 'fitness': 0.6225952609305023, 'generation': 4}","{'id': 158, 'rank': 13, 'fitness': 0.6225952609305023, 'generation': 4}","{'id': 154, 'rank': 14, 'fitness': 0.5311390935547053, 'generation': 4}","{'id': 133, 'rank': 15, 'fitness': 0.4829753934284733, 'generation': 4}","{'id': 133, 'rank': 16, 'fitness': 0.4829753934284733, 'generation': 4}","{'id': 130, 'rank': 17, 'fitness': 0.46830111553595033, 'generation': 4}","{'id': 156, 'rank': 18, 'fitness': 0.46477172258641014, 'generation': 4}","{'id': 156, 'rank': 19, 'fitness': 0.46477172258641014, 'generation': 4}","{'id': 39, 'rank': 20, 'fitness': 0.42548747312662916, 'generation': 4}","{'id': 39, 'rank': 21, 'fitness': 0.42548747312662916, 'generation': 4}","{'id': 173, 'rank': 22, 'fitness': 0.2770873954036026, 'generation': 4}","{'id': 170, 'rank': 23, 'fitness': 0.19358210890109334, 'generation': 4}","{'id': 174, 'rank': 24, 'fitness': 0.1365181542135429, 'generation': 4}","{'id': 176, 'rank': 25, 'fitness': 0.05081359081222431, 'generation': 4}","{'id': 148, 'rank': 26, 'fitness': 0.04497129853253923, 'generation': 4}","{'id': 152, 'rank': 27, 'fitness': 0.04238019183770497, 'generation': 4}","{'id': 145, 'rank': 28, 'fitness': 0.025137582330858332, 'generation': 4}","{'id': 40, 'rank': 29, 'fitness': 0.020218661254771397, 'generation': 4}","{'id': 106, 'rank': 30, 'fitness': 0.01798620996209155, 'generation': 4}"
"{'id': 235, 'rank': 1, 'fitness': 0.9820137900379085, 'generation': 5}","{'id': 67, 'rank': 2, 'fitness': 0.9384990271415559, 'generation': 5}","{'id': 67, 'rank': 3, 'fitness': 0.9384990271415559, 'generation': 5}","{'id': 67, 'rank': 4, 'fitness': 0.9384990271415559, 'generation': 5}","{'id': 67, 'rank': 5, 'fitness': 0.9384990271415559, 'generation': 5}","{'id': 67, 'rank': 6, 'fitness': 0.9384990271415559, 'generation': 5}","{'id': 165, 'rank': 7, 'fitness': 0.9202112092933923, 'generation': 5}","{'id': 165, 'rank': 8, 'fitness': 0.9202112092933923, 'generation': 5}","{'id': 205, 'rank': 9, 'fitness': 0.8229546145893878, 'generation': 5}","{'id': 205, 'rank': 10, 'fitness': 0.8229546145893878, 'generation': 5}","{'id': 229, 'rank': 11, 'fitness': 0.7017975468564704, 'generation': 5}","{'id': 158, 'rank': 12, 'fitness': 0.5382030315106683, 'generation': 5}","{'id': 154, 'rank': 13, 'fitness': 0.452542878942195, 'generation': 5}","{'id': 154, 'rank': 14, 'fitness': 0.452542878942195, 'generation': 5}","{'id': 234, 'rank': 15, 'fitness': 0.4492006804074957, 'generation': 5}","{'id': 130, 'rank': 16, 'fitness': 0.3964152859936909, 'generation': 5}","{'id': 39, 'rank': 17, 'fitness': 0.35920237418755707, 'generation': 5}","{'id': 216, 'rank': 18, 'fitness': 0.35897172672914923, 'generation': 5}","{'id': 211, 'rank': 19, 'fitness': 0.3010120790553519, 'generation': 5}","{'id': 213, 'rank': 20, 'fitness': 0.1996626517788771, 'generation': 5}","{'id': 206, 'rank': 21, 'fitness': 0.09825659373030532, 'generation': 5}","{'id': 206, 'rank': 22, 'fitness': 0.09825659373030532, 'generation': 5}","{'id': 206, 'rank': 23, 'fitness': 0.09825659373030532, 'generation': 5}","{'id': 236, 'rank': 24, 'fitness': 0.07609443531337301, 'generation': 5}","{'id': 183, 'rank': 25, 'fitness': 0.06401418686531929, 'generation': 5}","{'id': 183, 'rank': 26, 'fitness': 0.06401418686531929, 'generation': 5}","{'id': 197, 'rank': 27, 'fitness': 0.059983775754846425, 'generation': 5}","{'id': 196, 'rank': 28, 'fitness': 0.03933338368453204, 'generation': 5}","{'id': 191, 'rank': 29, 'fitness': 0.02664531500488193, 'generation': 5}","{'id': 214, 'rank': 30, 'fitness': 0.01798620996209155, 'generation': 5}"
"{'id': 235, 'rank': 1, 'fitness': 0.9820137900379085, 'generation': 6}","{'id': 266, 'rank': 2, 'fitness': 0.9731540734380125, 'generation': 6}","{'id': 266, 'rank': 3, 'fitness': 0.9731540734380125, 'generation': 6}","{'id': 266, 'rank': 4, 'fitness': 0.9731540734380125, 'generation': 6}","{'id': 289, 'rank': 5, 'fitness': 0.9485889793149196, 'generation': 6}","{'id': 67, 'rank': 6, 'fitness': 0.9455388519557559, 'generation': 6}","{'id': 165, 'rank': 7, 'fitness': 0.9310288923431075, 'generation': 6}","{'id': 277, 'rank': 8, 'fitness': 0.8898229845121582, 'generation': 6}","{'id': 277, 'rank': 9, 'fitness': 0.8898229845121582, 'generation': 6}","{'id': 264, 'rank': 10, 'fitness': 0.8829964536421584, 'generation': 6}","{'id': 205, 'rank': 11, 'fitness': 0.8564193180725894, 'generation': 6}","{'id': 283, 'rank': 12, 'fitness': 0.795587800259753, 'generation': 6}","{'id': 287, 'rank': 13, 'fitness': 0.7562092508642257, 'generation': 6}","{'id': 243, 'rank': 14, 'fitness': 0.6750507589087533, 'generation': 6}","{'id': 269, 'rank': 15, 'fitness': 0.6513325146417777, 'generation': 6}","{'id': 158, 'rank': 16, 'fitness': 0.6323964726682323, 'generation': 6}","{'id': 154, 'rank': 17, 'fitness': 0.5581781339703566, 'generation': 6}","{'id': 211, 'rank': 18, 'fitness': 0.41282401245611716, 'generation': 6}","{'id': 251, 'rank': 19, 'fitness': 0.3225849846635055, 'generation': 6}","{'id': 286, 'rank': 20, 'fitness': 0.30158471526122066, 'generation': 6}","{'id': 206, 'rank': 21, 'fitness': 0.16974184123151204, 'generation': 6}","{'id': 236, 'rank': 22, 'fitness': 0.13716800346434993, 'generation': 6}","{'id': 236, 'rank': 23, 'fitness': 0.13716800346434993, 'generation': 6}","{'id': 183, 'rank': 24, 'fitness': 0.11856806087028865, 'generation': 6}","{'id': 284, 'rank': 25, 'fitness': 0.07052352202884143, 'generation': 6}","{'id': 240, 'rank': 26, 'fitness': 0.07004791707202707, 'generation': 6}","{'id': 191, 'rank': 27, 'fitness': 0.055776265009548354, 'generation': 6}","{'id': 252, 'rank': 28, 'fitness': 0.028713810492923486, 'generation': 6}","{'id': 257, 'rank': 29, 'fitness': 0.028696708231093826, 'generation': 6}","{'id': 260, 'rank': 30, 'fitness': 0.01798620996209155, 'generation': 6}"
"{'id': 235, 'rank': 1, 'fitness': 0.9820137900379085, 'generation': 7}","{'id': 328, 'rank': 2, 'fitness': 0.9804744778029936, 'generation': 7}","{'id': 323, 'rank': 3, 'fitness': 0.9510892917161075, 'generation': 7}","{'id': 323, 'rank': 4, 'fitness': 0.9510892917161075, 'generation': 7}","{'id': 67, 'rank': 5, 'fitness': 0.9488581308488034, 'generation': 7}","{'id': 165, 'rank': 6, 'fitness': 0.9360503647620171, 'generation': 7}","{'id': 165, 'rank': 7, 'fitness': 0.9360503647620171, 'generation': 7}","{'id': 313, 'rank': 8, 'fitness': 0.9280219707509898, 'generation': 7}","{'id': 264, 'rank': 9, 'fitness': 0.8943326078572291, 'generation': 7}","{'id': 321, 'rank': 10, 'fitness': 0.7957266855784717, 'generation': 7}","{'id': 287, 'rank': 11, 'fitness': 0.7855303532167803, 'generation': 7}","{'id': 287, 'rank': 12, 'fitness': 0.7855303532167803, 'generation': 7}","{'id': 158, 'rank': 13, 'fitness': 0.6776192733080821, 'generation': 7}","{'id': 295, 'rank': 14, 'fitness': 0.6753831297124891, 'generation': 7}","{'id': 306, 'rank': 15, 'fitness': 0.6372584748397594, 'generation': 7}","{'id': 306, 'rank': 16, 'fitness': 0.6372584748397594, 'generation': 7}","{'id': 154, 'rank': 17, 'fitness': 0.6111150818979942, 'generation': 7}","{'id': 333, 'rank': 18, 'fitness': 0.6070438372556334, 'generation': 7}","{'id': 333, 'rank': 19, 'fitness': 0.6070438372556334, 'generation': 7}","{'id': 312, 'rank': 20, 'fitness': 0.3282635198788214, 'generation': 7}","{'id': 337, 'rank': 21, 'fitness': 0.31370536161024015, 'generation': 7}","{'id': 236, 'rank': 22, 'fitness': 0.18232449232415543, 'generation': 7}","{'id': 183, 'rank': 23, 'fitness': 0.16002456957178207, 'generation': 7}","{'id': 335, 'rank': 24, 'fitness': 0.14450762224909364, 'generation': 7}","{'id': 300, 'rank': 25, 'fitness': 0.09988287922682693, 'generation': 7}","{'id': 315, 'rank': 26, 'fitness': 0.051822510146669276, 'generation': 7}","{'id': 252, 'rank': 27, 'fitness': 0.043712193839265945, 'generation': 7}","{'id': 301, 'rank': 28, 'fitness': 0.04103640160503785, 'generation': 7}","{'id': 319, 'rank': 29, 'fitness': 0.03501901926054907, 'generation': 7}","{'id': 336, 'rank': 30, 'fitness': 0.01798620996209155, 'generation': 7}"
"{'id': 342, 'rank': 1, 'fitness': 0.9820137900379085, 'generation': 8}","{'id': 342, 'rank': 2, 'fitness': 0.9820137900379085, 'generation': 8}","{'id': 323, 'rank': 3, 'fitness': 0.9731996786852025, 'generation': 8}","{'id': 323, 'rank': 4, 'fitness': 0.9731996786852025, 'generation': 8}","{'id': 323, 'rank': 5, 'fitness': 0.9731996786852025, 'generation': 8}","{'id': 67, 'rank': 6, 'fitness': 0.9717849309079585, 'generation': 8}","{'id': 67, 'rank': 7, 'fitness': 0.9717849309079585, 'generation': 8}","{'id': 165, 'rank': 8, 'fitness': 0.9634626335599352, 'generation': 8}","{'id': 165, 'rank': 9, 'fitness': 0.9634626335599352, 'generation': 8}","{'id': 393, 'rank': 10, 'fitness': 0.9611781660021846, 'generation': 8}","{'id': 264, 'rank': 11, 'fitness': 0.9343243020012565, 'generation': 8}","{'id': 374, 'rank': 12, 'fitness': 0.9036649276938373, 'generation': 8}","{'id': 388, 'rank': 13, 'fitness': 0.7713405632337573, 'generation': 8}","{'id': 295, 'rank': 14, 'fitness': 0.7454344953524203, 'generation': 8}","{'id': 373, 'rank': 15, 'fitness': 0.6825126308996011, 'generation': 8}","{'id': 333, 'rank': 16, 'fitness': 0.6767784285542371, 'generation': 8}","{'id': 349, 'rank': 17, 'fitness': 0.6709647743498366, 'generation': 8}","{'id': 372, 'rank': 18, 'fitness': 0.42564934689630535, 'generation': 8}","{'id': 348, 'rank': 19, 'fitness': 0.31137080710553366, 'generation': 8}","{'id': 236, 'rank': 20, 'fitness': 0.1913160295940225, 'generation': 8}","{'id': 362, 'rank': 21, 'fitness': 0.1813755245779093, 'generation': 8}","{'id': 183, 'rank': 22, 'fitness': 0.16537583679839768, 'generation': 8}","{'id': 383, 'rank': 23, 'fitness': 0.12893276708856904, 'generation': 8}","{'id': 366, 'rank': 24, 'fitness': 0.09343794932508936, 'generation': 8}","{'id': 315, 'rank': 25, 'fitness': 0.04629035033164364, 'generation': 8}","{'id': 347, 'rank': 26, 'fitness': 0.03684860685589797, 'generation': 8}","{'id': 346, 'rank': 27, 'fitness': 0.03078724588852333, 'generation': 8}","{'id': 319, 'rank': 28, 'fitness': 0.029691901545281285, 'generation': 8}","{'id': 352, 'rank': 29, 'fitness': 0.022628338752635146, 'generation': 8}","{'id': 367, 'rank': 30, 'fitness': 0.01798620996209155, 'generation': 8}"
"{'id': 323, 'rank': 1, 'fitness': 0.9820137900379085, 'generation': 9}","{'id': 394, 'rank': 2, 'fitness': 0.9478659958478706, 'generation': 9}","{'id': 434, 'rank': 3, 'fitness': 0.9386328948573663, 'generation': 9}","{'id': 436, 'rank': 4, 'fitness': 0.929019659210756, 'generation': 9}","{'id': 374, 'rank': 5, 'fitness': 0.926349012073525, 'generation': 9}","{'id': 406, 'rank': 6, 'fitness': 0.9074129637008717, 'generation': 9}","{'id': 295, 'rank': 7, 'fitness': 0.7806024139389911, 'generation': 9}","{'id': 295, 'rank': 8, 'fitness': 0.7806024139389911, 'generation': 9}","{'id': 295, 'rank': 9, 'fitness': 0.7806024139389911, 'generation': 9}","{'id': 416, 'rank': 10, 'fitness': 0.7457507648875141, 'generation': 9}","{'id': 373, 'rank': 11, 'fitness': 0.7178782291811538, 'generation': 9}","{'id': 349, 'rank': 12, 'fitness': 0.7061384961728198, 'generation': 9}","{'id': 409, 'rank': 13, 'fitness': 0.6108027826140052, 'generation': 9}","{'id': 409, 'rank': 14, 'fitness': 0.6108027826140052, 'generation': 9}","{'id': 435, 'rank': 15, 'fitness': 0.5648728105161872, 'generation': 9}","{'id': 435, 'rank': 16, 'fitness': 0.5648728105161872, 'generation': 9}","{'id': 435, 'rank': 17, 'fitness': 0.5648728105161872, 'generation': 9}","{'id': 435, 'rank': 18, 'fitness': 0.5648728105161872, 'generation': 9}","{'id': 435, 'rank': 19, 'fitness': 0.5648728105161872, 'generation': 9}","{'id': 433, 'rank': 20, 'fitness': 0.5577906004887122, 'generation': 9}","{'id': 443, 'rank': 21, 'fitness': 0.4364416718220307, 'generation': 9}","{'id': 236, 'rank': 22, 'fitness': 0.188527784853166, 'generation': 9}","{'id': 437, 'rank': 23, 'fitness': 0.17236817965398993, 'generation': 9}","{'id': 383, 'rank': 24, 'fitness': 0.12257874910811506, 'generation': 9}","{'id': 383, 'rank': 25, 'fitness': 0.12257874910811506, 'generation': 9}","{'id': 395, 'rank': 26, 'fitness': 0.11490876300917485, 'generation': 9}","{'id': 411, 'rank': 27, 'fitness': 0.07243574974132988, 'generation': 9}","{'id': 442, 'rank': 28, 'fitness': 0.04502754655241786, 'generation': 9}","{'id': 397, 'rank': 29, 'fitness': 0.02098073734830108, 'generation': 9}","{'id': 430, 'rank': 30, 'fitness': 0.01798620996209155, 'generation': 9}"
"{'id': 503, 'rank': 1, 'fitness': 0.9820137900379085, 'generation': 10}","{'id': 323, 'rank': 2, 'fitness': 0.9623569809621266, 'generation': 10}","{'id': 323, 'rank': 3, 'fitness': 0.9623569809621266, 'generation': 10}","{'id': 394, 'rank': 4, 'fitness': 0.8982309947245759, 'generation': 10}","{'id': 434, 'rank': 5, 'fitness': 0.881900221254772, 'generation': 10}","{'id': 374, 'rank': 6, 'fitness': 0.860725964066616, 'generation': 10}","{'id': 487, 'rank': 7, 'fitness': 0.8175143845599997, 'generation': 10}","{'id': 416, 'rank': 8, 'fitness': 0.6018728662493904, 'generation': 10}","{'id': 448, 'rank': 9, 'fitness': 0.5961600201034964, 'generation': 10}","{'id': 461, 'rank': 10, 'fitness': 0.5950944242475756, 'generation': 10}","{'id': 461, 'rank': 11, 'fitness': 0.5950944242475756, 'generation': 10}","{'id': 461, 'rank': 12, 'fitness': 0.5950944242475756, 'generation': 10}","{'id': 467, 'rank': 13, 'fitness': 0.5738413676911437, 'generation': 10}","{'id': 467, 'rank': 14, 'fitness': 0.5738413676911437, 'generation': 10}","{'id': 373, 'rank': 15, 'fitness': 0.5685220497630008, 'generation': 10}","{'id': 373, 'rank': 16, 'fitness': 0.5685220497630008, 'generation': 10}","{'id': 465, 'rank': 17, 'fitness': 0.5070453075012739, 'generation': 10}","{'id': 435, 'rank': 18, 'fitness': 0.40731214188319814, 'generation': 10}","{'id': 435, 'rank': 19, 'fitness': 0.40731214188319814, 'generation': 10}","{'id': 435, 'rank': 20, 'fitness': 0.40731214188319814, 'generation': 10}","{'id': 435, 'rank': 21, 'fitness': 0.40731214188319814, 'generation': 10}","{'id': 443, 'rank': 22, 'fitness': 0.2942746248189889, 'generation': 10}","{'id': 489, 'rank': 23, 'fitness': 0.12895668824627504, 'generation': 10}","{'id': 495, 'rank': 24, 'fitness': 0.09678400283422595, 'generation': 10}","{'id': 493, 'rank': 25, 'fitness': 0.09412987584539206, 'generation': 10}","{'id': 383, 'rank': 26, 'fitness': 0.0737048953886883, 'generation': 10}","{'id': 395, 'rank': 27, 'fitness': 0.06900749237080206, 'generation': 10}","{'id': 501, 'rank': 28, 'fitness': 0.039585297015703236, 'generation': 10}","{'id': 463, 'rank': 29, 'fitness': 0.038387065515216756, 'generation': 10}","{'id': 478, 'rank': 30, 'fitness': 0.01798620996209155, 'generation': 10}"
"{'id': 503, 'rank': 1, 'fitness': 0.9820137900379085, 'generation': 11}","{'id': 503, 'rank': 2, 'fitness': 0.9820137900379085, 'generation': 11}","{'id': 323, 'rank': 3, 'fitness': 0.9623569809621266, 'generation': 11}","{'id': 323, 'rank': 4, 'fitness': 0.9623569809621266, 'generation': 11}","{'id': 531, 'rank': 5, 'fitness': 0.9164798079651946, 'generation': 11}","{'id': 543, 'rank': 6, 'fitness': 0.8278694201112295, 'generation': 11}","{'id': 543, 'rank': 7, 'fitness': 0.8278694201112295, 'generation': 11}","{'id': 487, 'rank': 8, 'fitness': 0.8175143845599997, 'generation': 11}","{'id': 506, 'rank': 9, 'fitness': 0.7776062284322047, 'generation': 11}","{'id': 506, 'rank': 10, 'fitness': 0.7776062284322047, 'generation': 11}","{'id': 520, 'rank': 11, 'fitness': 0.6824018791079267, 'generation': 11}","{'id': 520, 'rank': 12, 'fitness': 0.6824018791079267, 'generation': 11}","{'id': 521, 'rank': 13, 'fitness': 0.6565563714613367, 'generation': 11}","{'id': 448, 'rank': 14, 'fitness': 0.5961600201034964, 'generation': 11}","{'id': 448, 'rank': 15, 'fitness': 0.5961600201034964, 'generation': 11}","{'id': 461, 'rank': 16, 'fitness': 0.5950944242475756, 'generation': 11}","{'id': 461, 'rank': 17, 'fitness': 0.5950944242475756, 'generation': 11}","{'id': 555, 'rank': 18, 'fitness': 0.5907712027198654, 'generation': 11}","{'id': 373, 'rank': 19, 'fitness': 0.5685220497630008, 'generation': 11}","{'id': 373, 'rank': 20, 'fitness': 0.5685220497630008, 'generation': 11}","{'id': 540, 'rank': 21, 'fitness': 0.4287300118526641, 'generation': 11}","{'id': 540, 'rank': 22, 'fitness': 0.4287300118526641, 'generation': 11}","{'id': 550, 'rank': 23, 'fitness': 0.4280182099472667, 'generation': 11}","{'id': 516, 'rank': 24, 'fitness': 0.303252943941302, 'generation': 11}","{'id': 517, 'rank': 25, 'fitness': 0.2144465583369652, 'generation': 11}","{'id': 507, 'rank': 26, 'fitness': 0.21294548015365072, 'generation': 11}","{'id': 532, 'rank': 27, 'fitness': 0.1400639334034065, 'generation': 11}","{'id': 523, 'rank': 28, 'fitness': 0.08910860398832532, 'generation': 11}","{'id': 463, 'rank': 29, 'fitness': 0.038387065515216756, 'generation': 11}","{'id': 478, 'rank': 30, 'fitness': 0.01798620996209155, 'generation': 11}"
"{'id': 503, 'rank': 1, 'fitness': 0.9820137900379085, 'generation': 12}","{'id': 503, 'rank': 2, 'fitness': 0.9820137900379085, 'generation': 12}","{'id': 503, 'rank': 3, 'fitness': 0.9820137900379085, 'generation': 12}","{'id': 575, 'rank': 4, 'fitness': 0.9708607464961152, 'generation': 12}","{'id': 575, 'rank': 5, 'fitness': 0.9708607464961152, 'generation': 12}","{'id': 323, 'rank': 6, 'fitness': 0.9583703018349493, 'generation': 12}","{'id': 531, 'rank': 7, 'fitness': 0.8978714693857353, 'generation': 12}","{'id': 531, 'rank': 8, 'fitness': 0.8978714693857353, 'generation': 12}","{'id': 581, 'rank': 9, 'fitness': 0.770685894394763, 'generation': 12}","{'id': 596, 'rank': 10, 'fitness': 0.7061783454380681, 'generation': 12}","{'id': 506, 'rank': 11, 'fitness': 0.7051871780999146, 'generation': 12}","{'id': 506, 'rank': 12, 'fitness': 0.7051871780999146, 'generation': 12}","{'id': 461, 'rank': 13, 'fitness': 0.4714533571487121, 'generation': 12}","{'id': 461, 'rank': 14, 'fitness': 0.4714533571487121, 'generation': 12}","{'id': 461, 'rank': 15, 'fitness': 0.4714533571487121, 'generation': 12}","{'id': 373, 'rank': 16, 'fitness': 0.4406204303035231, 'generation': 12}","{'id': 373, 'rank': 17, 'fitness': 0.4406204303035231, 'generation': 12}","{'id': 610, 'rank': 18, 'fitness': 0.36350057233997535, 'generation': 12}","{'id': 540, 'rank': 19, 'fitness': 0.2933316640682233, 'generation': 12}","{'id': 607, 'rank': 20, 'fitness': 0.2718120879694472, 'generation': 12}","{'id': 576, 'rank': 21, 'fitness': 0.2626793724144972, 'generation': 12}","{'id': 576, 'rank': 22, 'fitness': 0.2626793724144972, 'generation': 12}","{'id': 564, 'rank': 23, 'fitness': 0.22646981530300409, 'generation': 12}","{'id': 564, 'rank': 24, 'fitness': 0.22646981530300409, 'generation': 12}","{'id': 594, 'rank': 25, 'fitness': 0.1318604173091137, 'generation': 12}","{'id': 507, 'rank': 26, 'fitness': 0.11502383993772303, 'generation': 12}","{'id': 601, 'rank': 27, 'fitness': 0.11472594293790705, 'generation': 12}","{'id': 532, 'rank': 28, 'fitness': 0.06798725930184946, 'generation': 12}","{'id': 602, 'rank': 29, 'fitness': 0.06633599002050106, 'generation': 12}","{'id': 586, 'rank': 30, 'fitness': 0.01798620996209155, 'generation': 12}"
"{'id': 575, 'rank': 1, 'fitness': 0.9820137900379085, 'generation': 13}","{'id': 647, 'rank': 2, 'fitness': 0.9669604660793641, 'generation': 13}","{'id': 647, 'rank': 3, 'fitness': 0.9669604660793641, 'generation': 13}","{'id': 531, 'rank': 4, 'fitness': 0.9437100831604766, 'generation': 13}","{'id': 581, 'rank': 5, 'fitness': 0.8773014726472098, 'generation': 13}","{'id': 581, 'rank': 6, 'fitness': 0.8773014726472098, 'generation': 13}","{'id': 506, 'rank': 7, 'fitness': 0.8410085757065817, 'generation': 13}","{'id': 639, 'rank': 8, 'fitness': 0.7977013238603057, 'generation': 13}","{'id': 621, 'rank': 9, 'fitness': 0.7366844125206888, 'generation': 13}","{'id': 621, 'rank': 10, 'fitness': 0.7366844125206888, 'generation': 13}","{'id': 373, 'rank': 11, 'fitness': 0.6640468965498119, 'generation': 13}","{'id': 642, 'rank': 12, 'fitness': 0.6394184194673745, 'generation': 13}","{'id': 642, 'rank': 13, 'fitness': 0.6394184194673745, 'generation': 13}","{'id': 642, 'rank': 14, 'fitness': 0.6394184194673745, 'generation': 13}","{'id': 646, 'rank': 15, 'fitness': 0.6225717588186844, 'generation': 13}","{'id': 610, 'rank': 16, 'fitness': 0.5978257409747458, 'generation': 13}","{'id': 610, 'rank': 17, 'fitness': 0.5978257409747458, 'generation': 13}","{'id': 540, 'rank': 18, 'fitness': 0.5283856795224673, 'generation': 13}","{'id': 657, 'rank': 19, 'fitness': 0.5274157363023313, 'generation': 13}","{'id': 657, 'rank': 20, 'fitness': 0.5274157363023313, 'generation': 13}","{'id': 607, 'rank': 21, 'fitness': 0.5048893342961956, 'generation': 13}","{'id': 564, 'rank': 22, 'fitness': 0.4512290123248076, 'generation': 13}","{'id': 564, 'rank': 23, 'fitness': 0.4512290123248076, 'generation': 13}","{'id': 643, 'rank': 24, 'fitness': 0.39986264637307006, 'generation': 13}","{'id': 640, 'rank': 25, 'fitness': 0.3990278181016631, 'generation': 13}","{'id': 602, 'rank': 26, 'fitness': 0.18990864317155676, 'generation': 13}","{'id': 624, 'rank': 27, 'fitness': 0.16976987148998057, 'generation': 13}","{'id': 663, 'rank': 28, 'fitness': 0.07094411249012422, 'generation': 13}","{'id': 648, 'rank': 29, 'fitness': 0.06441198882469462, 'generation': 13}","{'id': 650, 'rank': 30, 'fitness': 0.01798620996209155, 'generation': 13}"
"{'id': 706, 'rank': 1, 'fitness': 0.9820137900379085, 'generation': 14}","{'id': 575, 'rank': 2, 'fitness': 0.8804697453709157, 'generation': 14}","{'id': 670, 'rank': 3, 'fitness': 0.8787415685140655, 'generation': 14}","{'id': 670, 'rank': 4, 'fitness': 0.8787415685140655, 'generation': 14}","{'id': 647, 'rank': 5, 'fitness': 0.8155325170998932, 'generation': 14}","{'id': 531, 'rank': 6, 'fitness': 0.7369570569846686, 'generation': 14}","{'id': 581, 'rank': 7, 'fitness': 0.582368218079965, 'generation': 14}","{'id': 581, 'rank': 8, 'fitness': 0.582368218079965, 'generation': 14}","{'id': 506, 'rank': 9, 'fitness': 0.5214275185587579, 'generation': 14}","{'id': 621, 'rank': 10, 'fitness': 0.39276014570265777, 'generation': 14}","{'id': 621, 'rank': 11, 'fitness': 0.39276014570265777, 'generation': 14}","{'id': 610, 'rank': 12, 'fitness': 0.2781845789603583, 'generation': 14}","{'id': 540, 'rank': 13, 'fitness': 0.23415793756800385, 'generation': 14}","{'id': 540, 'rank': 14, 'fitness': 0.23415793756800385, 'generation': 14}","{'id': 703, 'rank': 15, 'fitness': 0.20823871528431764, 'generation': 14}","{'id': 713, 'rank': 16, 'fitness': 0.19561226657183667, 'generation': 14}","{'id': 640, 'rank': 17, 'fitness': 0.16612731972541045, 'generation': 14}","{'id': 715, 'rank': 18, 'fitness': 0.15879091600989426, 'generation': 14}","{'id': 705, 'rank': 19, 'fitness': 0.13016977756490844, 'generation': 14}","{'id': 680, 'rank': 20, 'fitness': 0.08860529397886319, 'generation': 14}","{'id': 704, 'rank': 21, 'fitness': 0.08311947336958703, 'generation': 14}","{'id': 704, 'rank': 22, 'fitness': 0.08311947336958703, 'generation': 14}","{'id': 671, 'rank': 23, 'fitness': 0.06294484574825421, 'generation': 14}","{'id': 671, 'rank': 24, 'fitness': 0.06294484574825421, 'generation': 14}","{'id': 695, 'rank': 25, 'fitness': 0.03389032018677246, 'generation': 14}","{'id': 699, 'rank': 26, 'fitness': 0.02667211671116626, 'generation': 14}","{'id': 721, 'rank': 27, 'fitness': 0.022636887210117695, 'generation': 14}","{'id': 693, 'rank': 28, 'fitness': 0.020956623411468867, 'generation': 14}","{'id': 693, 'rank': 29, 'fitness': 0.020956623411468867, 'generation': 14}","{'id': 719, 'rank': 30, 'fitness': 0.01798620996209155, 'generation': 14}"
"{'id': 706, 'rank': 1, 'fitness': 0.9820137900379085, 'generation': 15}","{'id': 742, 'rank': 2, 'fitness': 0.9651324856600279, 'generation': 15}","{'id': 742, 'rank': 3, 'fitness': 0.9651324856600279, 'generation': 15}","{'id': 749, 'rank': 4, 'fitness': 0.9052884823717063, 'generation': 15}","{'id': 749, 'rank': 5, 'fitness': 0.9052884823717063, 'generation': 15}","{'id': 749, 'rank': 6, 'fitness': 0.9052884823717063, 'generation': 15}","{'id': 764, 'rank': 7, 'fitness': 0.8971157558057705, 'generation': 15}","{'id': 764, 'rank': 8, 'fitness': 0.8971157558057705, 'generation': 15}","{'id': 575, 'rank': 9, 'fitness': 0.8804697453709157, 'generation': 15}","{'id': 670, 'rank': 10, 'fitness': 0.8787415685140655, 'generation': 15}","{'id': 647, 'rank': 11, 'fitness': 0.8155325170998932, 'generation': 15}","{'id': 581, 'rank': 12, 'fitness': 0.582368218079965, 'generation': 15}","{'id': 581, 'rank': 13, 'fitness': 0.582368218079965, 'generation': 15}","{'id': 734, 'rank': 14, 'fitness': 0.49046082145377906, 'generation': 15}","{'id': 755, 'rank': 15, 'fitness': 0.47286530042679387, 'generation': 15}","{'id': 751, 'rank': 16, 'fitness': 0.35907307902851116, 'generation': 15}","{'id': 751, 'rank': 17, 'fitness': 0.35907307902851116, 'generation': 15}","{'id': 610, 'rank': 18, 'fitness': 0.2781845789603583, 'generation': 15}","{'id': 741, 'rank': 19, 'fitness': 0.20421624899573798, 'generation': 15}","{'id': 713, 'rank': 20, 'fitness': 0.19561226657183667, 'generation': 15}","{'id': 713, 'rank': 21, 'fitness': 0.19561226657183667, 'generation': 15}","{'id': 713, 'rank': 22, 'fitness': 0.19561226657183667, 'generation': 15}","{'id': 759, 'rank': 23, 'fitness': 0.1718011549571653, 'generation': 15}","{'id': 747, 'rank': 24, 'fitness': 0.1398377690045775, 'generation': 15}","{'id': 671, 'rank': 25, 'fitness': 0.06294484574825421, 'generation': 15}","{'id': 726, 'rank': 26, 'fitness': 0.027854346919443662, 'generation': 15}","{'id': 699, 'rank': 27, 'fitness': 0.02667211671116626, 'generation': 15}","{'id': 757, 'rank': 28, 'fitness': 0.02023254421192755, 'generation': 15}","{'id': 729, 'rank': 29, 'fitness': 0.01870221228882485, 'generation': 15}","{'id': 719, 'rank': 30, 'fitness': 0.01798620996209155, 'generation': 15}"
"{'id': 742, 'rank': 1, 'fitness': 0.9820137900379085, 'generation': 16}","{'id': 742, 'rank': 2, 'fitness': 0.9820137900379085, 'generation': 16}","{'id': 742, 'rank': 3, 'fitness': 0.9820137900379085, 'generation': 16}","{'id': 815, 'rank': 4, 'fitness': 0.9789820618998885, 'generation': 16}","{'id': 773, 'rank': 5, 'fitness': 0.9763294499708044, 'generation': 16}","{'id': 773, 'rank': 6, 'fitness': 0.9763294499708044, 'generation': 16}","{'id': 764, 'rank': 7, 'fitness': 0.9454320186529017, 'generation': 16}","{'id': 802, 'rank': 8, 'fitness': 0.922327001861468, 'generation': 16}","{'id': 647, 'rank': 9, 'fitness': 0.8981914321519087, 'generation': 16}","{'id': 784, 'rank': 10, 'fitness': 0.863061050584043, 'generation': 16}","{'id': 783, 'rank': 11, 'fitness': 0.8285339630223099, 'generation': 16}","{'id': 790, 'rank': 12, 'fitness': 0.7887902401025086, 'generation': 16}","{'id': 734, 'rank': 13, 'fitness': 0.6598051058208309, 'generation': 16}","{'id': 734, 'rank': 14, 'fitness': 0.6598051058208309, 'generation': 16}","{'id': 755, 'rank': 15, 'fitness': 0.6439129985737692, 'generation': 16}","{'id': 751, 'rank': 16, 'fitness': 0.5311170644749152, 'generation': 16}","{'id': 610, 'rank': 17, 'fitness': 0.438538938458649, 'generation': 16}","{'id': 812, 'rank': 18, 'fitness': 0.3867922200065947, 'generation': 16}","{'id': 741, 'rank': 19, 'fitness': 0.34272395696987346, 'generation': 16}","{'id': 713, 'rank': 20, 'fitness': 0.3307850415583271, 'generation': 16}","{'id': 713, 'rank': 21, 'fitness': 0.3307850415583271, 'generation': 16}","{'id': 786, 'rank': 22, 'fitness': 0.20253364148052305, 'generation': 16}","{'id': 791, 'rank': 23, 'fitness': 0.1401286021561996, 'generation': 16}","{'id': 800, 'rank': 24, 'fitness': 0.07904909620645245, 'generation': 16}","{'id': 770, 'rank': 25, 'fitness': 0.05331369943300268, 'generation': 16}","{'id': 781, 'rank': 26, 'fitness': 0.041674356376770805, 'generation': 16}","{'id': 781, 'rank': 27, 'fitness': 0.041674356376770805, 'generation': 16}","{'id': 793, 'rank': 28, 'fitness': 0.03926507462104273, 'generation': 16}","{'id': 811, 'rank': 29, 'fitness': 0.022748645255666555, 'generation': 16}","{'id': 814, 'rank': 30, 'fitness': 0.01798620996209155, 'generation': 16}"
"{'id': 742, 'rank': 1, 'fitness': 0.9820137900379085, 'generation': 17}","{'id': 742, 'rank': 2, 'fitness': 0.9820137900379085, 'generation': 17}","{'id': 815, 'rank': 3, 'fitness': 0.9793931116005374, 'generation': 17}","{'id': 773, 'rank': 4, 'fitness': 0.9771385081969688, 'generation': 17}","{'id': 773, 'rank': 5, 'fitness': 0.9771385081969688, 'generation': 17}","{'id': 764, 'rank': 6, 'fitness': 0.9524805334973447, 'generation': 17}","{'id': 863, 'rank': 7, 'fitness': 0.8639765881040619, 'generation': 17}","{'id': 863, 'rank': 8, 'fitness': 0.8639765881040619, 'generation': 17}","{'id': 863, 'rank': 9, 'fitness': 0.8639765881040619, 'generation': 17}","{'id': 855, 'rank': 10, 'fitness': 0.863073654228227, 'generation': 17}","{'id': 827, 'rank': 11, 'fitness': 0.8616150849934192, 'generation': 17}","{'id': 844, 'rank': 12, 'fitness': 0.8236845643295219, 'generation': 17}","{'id': 844, 'rank': 13, 'fitness': 0.8236845643295219, 'generation': 17}","{'id': 851, 'rank': 14, 'fitness': 0.76275902605274, 'generation': 17}","{'id': 734, 'rank': 15, 'fitness': 0.7476643109396638, 'generation': 17}","{'id': 734, 'rank': 16, 'fitness': 0.7476643109396638, 'generation': 17}","{'id': 755, 'rank': 17, 'fitness': 0.7359549272674415, 'generation': 17}","{'id': 856, 'rank': 18, 'fitness': 0.6022044481951115, 'generation': 17}","{'id': 812, 'rank': 19, 'fitness': 0.5263676500296824, 'generation': 17}","{'id': 713, 'rank': 20, 'fitness': 0.47320213769145564, 'generation': 17}","{'id': 835, 'rank': 21, 'fitness': 0.45481113627885045, 'generation': 17}","{'id': 864, 'rank': 22, 'fitness': 0.3344814767750179, 'generation': 17}","{'id': 864, 'rank': 23, 'fitness': 0.3344814767750179, 'generation': 17}","{'id': 838, 'rank': 24, 'fitness': 0.272088840082905, 'generation': 17}","{'id': 862, 'rank': 25, 'fitness': 0.20908130813011927, 'generation': 17}","{'id': 869, 'rank': 26, 'fitness': 0.18902016056095317, 'generation': 17}","{'id': 846, 'rank': 27, 'fitness': 0.0847013433304335, 'generation': 17}","{'id': 831, 'rank': 28, 'fitness': 0.07141654903841693, 'generation': 17}","{'id': 830, 'rank': 29, 'fitness': 0.024292104312319762, 'generation': 17}","{'id': 875, 'rank': 30, 'fitness': 0.01798620996209155, 'generation': 17}"
"{'id': 742, 'rank': 1, 'fitness': 0.9820137900379085, 'generation': 18}","{'id': 815, 'rank': 2, 'fitness': 0.9793931116005374, 'generation': 18}","{'id': 815, 'rank': 3, 'fitness': 0.9793931116005374, 'generation': 18}","{'id': 891, 'rank': 4, 'fitness': 0.9588873947903923, 'generation': 18}","{'id': 764, 'rank': 5, 'fitness': 0.9524805334973447, 'generation': 18}","{'id': 863, 'rank': 6, 'fitness': 0.8639765881040619, 'generation': 18}","{'id': 855, 'rank': 7, 'fitness': 0.863073654228227, 'generation': 18}","{'id': 827, 'rank': 8, 'fitness': 0.8616150849934192, 'generation': 18}","{'id': 844, 'rank': 9, 'fitness': 0.8236845643295219, 'generation': 18}","{'id': 844, 'rank': 10, 'fitness': 0.8236845643295219, 'generation': 18}","{'id': 844, 'rank': 11, 'fitness': 0.8236845643295219, 'generation': 18}","{'id': 734, 'rank': 12, 'fitness': 0.7476643109396638, 'generation': 18}","{'id': 755, 'rank': 13, 'fitness': 0.7359549272674415, 'generation': 18}","{'id': 939, 'rank': 14, 'fitness': 0.706628189599576, 'generation': 18}","{'id': 945, 'rank': 15, 'fitness': 0.7040595959810028, 'generation': 18}","{'id': 856, 'rank': 16, 'fitness': 0.6022044481951115, 'generation': 18}","{'id': 930, 'rank': 17, 'fitness': 0.5755265480087052, 'generation': 18}","{'id': 908, 'rank': 18, 'fitness': 0.48762576419316694, 'generation': 18}","{'id': 713, 'rank': 19, 'fitness': 0.47320213769145564, 'generation': 18}","{'id': 880, 'rank': 20, 'fitness': 0.4164414001841395, 'generation': 18}","{'id': 912, 'rank': 21, 'fitness': 0.40553845339967515, 'generation': 18}","{'id': 912, 'rank': 22, 'fitness': 0.40553845339967515, 'generation': 18}","{'id': 926, 'rank': 23, 'fitness': 0.28905911472097984, 'generation': 18}","{'id': 905, 'rank': 24, 'fitness': 0.23806616850759232, 'generation': 18}","{'id': 900, 'rank': 25, 'fitness': 0.16450569071149856, 'generation': 18}","{'id': 893, 'rank': 26, 'fitness': 0.15157030664756177, 'generation': 18}","{'id': 906, 'rank': 27, 'fitness': 0.08418823486872778, 'generation': 18}","{'id': 909, 'rank': 28, 'fitness': 0.06024514302528089, 'generation': 18}","{'id': 932, 'rank': 29, 'fitness': 0.057416777767684224, 'generation': 18}","{'id': 875, 'rank': 30, 'fitness': 0.01798620996209155, 'generation': 18}"
"{'id': 978, 'rank': 1, 'fitness': 0.9820137900379085, 'generation': 19}","{'id': 984, 'rank': 2, 'fitness': 0.8526821356172346, 'generation': 19}","{'id': 984, 'rank': 3, 'fitness': 0.8526821356172346, 'generation': 19}","{'id': 984, 'rank': 4, 'fitness': 0.8526821356172346, 'generation': 19}","{'id': 863, 'rank': 5, 'fitness': 0.7465557008815363, 'generation': 19}","{'id': 855, 'rank': 6, 'fitness': 0.7448922138680876, 'generation': 19}","{'id': 985, 'rank': 7, 'fitness': 0.7180626569941135, 'generation': 19}","{'id': 844, 'rank': 8, 'fitness': 0.6744922914013958, 'generation': 19}","{'id': 844, 'rank': 9, 'fitness': 0.6744922914013958, 'generation': 19}","{'id': 734, 'rank': 10, 'fitness': 0.5516231985476728, 'generation': 19}","{'id': 755, 'rank': 11, 'fitness': 0.5342513247227437, 'generation': 19}","{'id': 993, 'rank': 12, 'fitness': 0.4701908262914631, 'generation': 19}","{'id': 993, 'rank': 13, 'fitness': 0.4701908262914631, 'generation': 19}","{'id': 993, 'rank': 14, 'fitness': 0.4701908262914631, 'generation': 19}","{'id': 856, 'rank': 15, 'fitness': 0.3631588813580141, 'generation': 19}","{'id': 856, 'rank': 16, 'fitness': 0.3631588813580141, 'generation': 19}","{'id': 930, 'rank': 17, 'fitness': 0.33450359818680403, 'generation': 19}","{'id': 967, 'rank': 18, 'fitness': 0.2873996067589502, 'generation': 19}","{'id': 1001, 'rank': 19, 'fitness': 0.24839414112614666, 'generation': 19}","{'id': 880, 'rank': 20, 'fitness': 0.19422457138333982, 'generation': 19}","{'id': 912, 'rank': 21, 'fitness': 0.18628045163707058, 'generation': 19}","{'id': 982, 'rank': 22, 'fitness': 0.17454945636606256, 'generation': 19}","{'id': 982, 'rank': 23, 'fitness': 0.17454945636606256, 'generation': 19}","{'id': 990, 'rank': 24, 'fitness': 0.1309683424882182, 'generation': 19}","{'id': 926, 'rank': 25, 'fitness': 0.11235355141057224, 'generation': 19}","{'id': 995, 'rank': 26, 'fitness': 0.052025722759782234, 'generation': 19}","{'id': 893, 'rank': 27, 'fitness': 0.0470410245173441, 'generation': 19}","{'id': 999, 'rank': 28, 'fitness': 0.035580066961150625, 'generation': 19}","{'id': 998, 'rank': 29, 'fitness': 0.024184067668480358, 'generation': 19}","{'id': 947, 'rank': 30, 'fitness': 0.01798620996209155, 'generation': 19}"
"{'id': 978, 'rank': 1, 'fitness': 0.9820137900379085, 'generation': 20}","{'id': 978, 'rank': 2, 'fitness': 0.9820137900379085, 'generation': 20}","{'id': 978, 'rank': 3, 'fitness': 0.9820137900379085, 'generation': 20}","{'id': 984, 'rank': 4, 'fitness': 0.8080222553605526, 'generation': 20}","{'id': 984, 'rank': 5, 'fitness': 0.8080222553605526, 'generation': 20}","{'id': 984, 'rank': 6, 'fitness': 0.8080222553605526, 'generation': 20}","{'id': 1032, 'rank': 7, 'fitness': 0.7159239335846023, 'generation': 20}","{'id': 1024, 'rank': 8, 'fitness': 0.7092320843814117, 'generation': 20}","{'id': 1024, 'rank': 9, 'fitness': 0.7092320843814117, 'generation': 20}","{'id': 863, 'rank': 10, 'fitness': 0.6605740969550601, 'generation': 20}","{'id': 855, 'rank': 11, 'fitness': 0.6583242681381891, 'generation': 20}","{'id': 1036, 'rank': 12, 'fitness': 0.631357575963979, 'generation': 20}","{'id': 985, 'rank': 13, 'fitness': 0.6224008103310417, 'generation': 20}","{'id': 1003, 'rank': 14, 'fitness': 0.5529657366825554, 'generation': 20}","{'id': 1003, 'rank': 15, 'fitness': 0.5529657366825554, 'generation': 20}","{'id': 1010, 'rank': 16, 'fitness': 0.48905824364859585, 'generation': 20}","{'id': 1018, 'rank': 17, 'fitness': 0.45750358005318986, 'generation': 20}","{'id': 1040, 'rank': 18, 'fitness': 0.3457407055775551, 'generation': 20}","{'id': 993, 'rank': 19, 'fitness': 0.3308907613251495, 'generation': 20}","{'id': 993, 'rank': 20, 'fitness': 0.3308907613251495, 'generation': 20}","{'id': 856, 'rank': 21, 'fitness': 0.22983395744519886, 'generation': 20}","{'id': 930, 'rank': 22, 'fitness': 0.20531983097377043, 'generation': 20}","{'id': 930, 'rank': 23, 'fitness': 0.20531983097377043, 'generation': 20}","{'id': 1001, 'rank': 24, 'fitness': 0.13797579264945986, 'generation': 20}","{'id': 982, 'rank': 25, 'fitness': 0.08769422353213707, 'generation': 20}","{'id': 1002, 'rank': 26, 'fitness': 0.06433585461424007, 'generation': 20}","{'id': 1005, 'rank': 27, 'fitness': 0.04601265810917737, 'generation': 20}","{'id': 1015, 'rank': 28, 'fitness': 0.028090058488954905, 'generation': 20}","{'id': 1045, 'rank': 29, 'fitness': 0.021518914316122406, 'generation': 20}","{'id': 1008, 'rank': 30, 'fitness': 0.01798620996209155, 'generation': 20}"
"{'id': 1052, 'rank': 1, 'fitness': 0.9820137900379085, 'generation': 21}","{'id': 1052, 'rank': 2, 'fitness': 0.9820137900379085, 'generation': 21}","{'id': 1073, 'rank': 3, 'fitness': 0.93298775570922, 'generation': 21}","{'id': 984, 'rank': 4, 'fitness': 0.9285103816123678, 'generation': 21}","{'id': 984, 'rank': 5, 'fitness': 0.9285103816123678, 'generation': 21}","{'id': 984, 'rank': 6, 'fitness': 0.9285103816123678, 'generation': 21}","{'id': 1061, 'rank': 7, 'fitness': 0.9104766718120114, 'generation': 21}","{'id': 1024, 'rank': 8, 'fitness': 0.8831472477004293, 'generation': 21}","{'id': 1099, 'rank': 9, 'fitness': 0.8801657882307828, 'generation': 21}","{'id': 1056, 'rank': 10, 'fitness': 0.8690722043459732, 'generation': 21}","{'id': 863, 'rank': 11, 'fitness': 0.8579626912626623, 'generation': 21}","{'id': 855, 'rank': 12, 'fitness': 0.8567467115231285, 'generation': 21}","{'id': 985, 'rank': 13, 'fitness': 0.8366644955452496, 'generation': 21}","{'id': 985, 'rank': 14, 'fitness': 0.8366644955452496, 'generation': 21}","{'id': 1003, 'rank': 15, 'fitness': 0.7939144824514803, 'generation': 21}","{'id': 1003, 'rank': 16, 'fitness': 0.7939144824514803, 'generation': 21}","{'id': 1003, 'rank': 17, 'fitness': 0.7939144824514803, 'generation': 21}","{'id': 1010, 'rank': 18, 'fitness': 0.7491675116081646, 'generation': 21}","{'id': 1086, 'rank': 19, 'fitness': 0.7287891963757465, 'generation': 21}","{'id': 1086, 'rank': 20, 'fitness': 0.7287891963757465, 'generation': 21}","{'id': 1063, 'rank': 21, 'fitness': 0.667333821113748, 'generation': 21}","{'id': 1071, 'rank': 22, 'fitness': 0.6141524491135975, 'generation': 21}","{'id': 1071, 'rank': 23, 'fitness': 0.6141524491135975, 'generation': 21}","{'id': 930, 'rank': 24, 'fitness': 0.4487863131704505, 'generation': 21}","{'id': 1078, 'rank': 25, 'fitness': 0.4007024247335282, 'generation': 21}","{'id': 1083, 'rank': 26, 'fitness': 0.31135316624954756, 'generation': 21}","{'id': 982, 'rank': 27, 'fitness': 0.2338152708413982, 'generation': 21}","{'id': 1055, 'rank': 28, 'fitness': 0.19918905337224724, 'generation': 21}","{'id': 1045, 'rank': 29, 'fitness': 0.06594247997507835, 'generation': 21}","{'id': 1075, 'rank': 30, 'fitness': 0.01798620996209155, 'generation': 21}"
"{'id': 1073, 'rank': 1, 'fitness': 0.9820137900379085, 'generation': 22}","{'id': 984, 'rank': 2, 'fitness': 0.9808214236261252, 'generation': 22}","{'id': 984, 'rank': 3, 'fitness': 0.9808214236261252, 'generation': 22}","{'id': 1156, 'rank': 4, 'fitness': 0.9701008540323028, 'generation': 22}","{'id': 1024, 'rank': 5, 'fitness': 0.9684757767282798, 'generation': 22}","{'id': 1056, 'rank': 6, 'fitness': 0.9645246963990907, 'generation': 22}","{'id': 1056, 'rank': 7, 'fitness': 0.9645246963990907, 'generation': 22}","{'id': 1086, 'rank': 8, 'fitness': 0.9206823461956493, 'generation': 22}","{'id': 1086, 'rank': 9, 'fitness': 0.9206823461956493, 'generation': 22}","{'id': 1110, 'rank': 10, 'fitness': 0.8560667757957364, 'generation': 22}","{'id': 1110, 'rank': 11, 'fitness': 0.8560667757957364, 'generation': 22}","{'id': 1111, 'rank': 12, 'fitness': 0.7917942790579542, 'generation': 22}","{'id': 1118, 'rank': 13, 'fitness': 0.753516506039242, 'generation': 22}","{'id': 1118, 'rank': 14, 'fitness': 0.753516506039242, 'generation': 22}","{'id': 1124, 'rank': 15, 'fitness': 0.7504635704335422, 'generation': 22}","{'id': 1154, 'rank': 16, 'fitness': 0.6971957290911389, 'generation': 22}","{'id': 1130, 'rank': 17, 'fitness': 0.6295158659120274, 'generation': 22}","{'id': 982, 'rank': 18, 'fitness': 0.599678924264801, 'generation': 22}","{'id': 982, 'rank': 19, 'fitness': 0.599678924264801, 'generation': 22}","{'id': 1148, 'rank': 20, 'fitness': 0.554448754377039, 'generation': 22}","{'id': 1116, 'rank': 21, 'fitness': 0.4698163361285727, 'generation': 22}","{'id': 1112, 'rank': 22, 'fitness': 0.3379802130182882, 'generation': 22}","{'id': 1170, 'rank': 23, 'fitness': 0.28866222008859344, 'generation': 22}","{'id': 1163, 'rank': 24, 'fitness': 0.2383022353487304, 'generation': 22}","{'id': 1117, 'rank': 25, 'fitness': 0.204373799547169, 'generation': 22}","{'id': 1158, 'rank': 26, 'fitness': 0.13095936348168735, 'generation': 22}","{'id': 1075, 'rank': 27, 'fitness': 0.09589892955003076, 'generation': 22}","{'id': 1157, 'rank': 28, 'fitness': 0.0718965682129753, 'generation': 22}","{'id': 1165, 'rank': 29, 'fitness': 0.0383112311664463, 'generation': 22}","{'id': 1120, 'rank': 30, 'fitness': 0.01798620996209155, 'generation': 22}"
"{'id': 1231, 'rank': 1, 'fitness': 0.9820137900379085, 'generation': 23}","{'id': 1231, 'rank': 2, 'fitness': 0.9820137900379085, 'generation': 23}","{'id': 1073, 'rank': 3, 'fitness': 0.9797598104657594, 'generation': 23}","{'id': 984, 'rank': 4, 'fitness': 0.9783327679419418, 'generation': 23}","{'id': 984, 'rank': 5, 'fitness': 0.9783327679419418, 'generation': 23}","{'id': 1173, 'rank': 6, 'fitness': 0.9698018362584644, 'generation': 23}","{'id': 1204, 'rank': 7, 'fitness': 0.966328888462218, 'generation': 23}","{'id': 1024, 'rank': 8, 'fitness': 0.9633078225428031, 'generation': 23}","{'id': 1024, 'rank': 9, 'fitness': 0.9633078225428031, 'generation': 23}","{'id': 1178, 'rank': 10, 'fitness': 0.9385878666763028, 'generation': 23}","{'id': 1086, 'rank': 11, 'fitness': 0.9031054862542971, 'generation': 23}","{'id': 1086, 'rank': 12, 'fitness': 0.9031054862542971, 'generation': 23}","{'id': 1110, 'rank': 13, 'fitness': 0.820652615864491, 'generation': 23}","{'id': 1175, 'rank': 14, 'fitness': 0.7636975519658947, 'generation': 23}","{'id': 1232, 'rank': 15, 'fitness': 0.7589693685216625, 'generation': 23}","{'id': 1232, 'rank': 16, 'fitness': 0.7589693685216625, 'generation': 23}","{'id': 1118, 'rank': 17, 'fitness': 0.6926729942558366, 'generation': 23}","{'id': 1118, 'rank': 18, 'fitness': 0.6926729942558366, 'generation': 23}","{'id': 1154, 'rank': 19, 'fitness': 0.6250479772007025, 'generation': 23}","{'id': 1177, 'rank': 20, 'fitness': 0.6025172830261828, 'generation': 23}","{'id': 982, 'rank': 21, 'fitness': 0.5134150247822163, 'generation': 23}","{'id': 982, 'rank': 22, 'fitness': 0.5134150247822163, 'generation': 23}","{'id': 1199, 'rank': 23, 'fitness': 0.4585265074680004, 'generation': 23}","{'id': 1220, 'rank': 24, 'fitness': 0.38061569538598133, 'generation': 23}","{'id': 1187, 'rank': 25, 'fitness': 0.22813467534299225, 'generation': 23}","{'id': 1190, 'rank': 26, 'fitness': 0.16415236226701685, 'generation': 23}","{'id': 1075, 'rank': 27, 'fitness': 0.05932728957980454, 'generation': 23}","{'id': 1181, 'rank': 28, 'fitness': 0.03657934486625686, 'generation': 23}","{'id': 1233, 'rank': 29, 'fitness': 0.025793742086071103, 'generation': 23}","{'id': 1210, 'rank': 30, 'fitness': 0.01798620996209155, 'generation': 23}"
"{'id': 1231, 'rank': 1, 'fitness': 0.9820137900379085, 'generation': 24}","{'id': 1231, 'rank': 2, 'fitness': 0.9820137900379085, 'generation': 24}","{'id': 1231, 'rank': 3, 'fitness': 0.9820137900379085, 'generation': 24}","{'id': 1231, 'rank': 4, 'fitness': 0.9820137900379085, 'generation': 24}","{'id': 1231, 'rank': 5, 'fitness': 0.9820137900379085, 'generation': 24}","{'id': 1073, 'rank': 6, 'fitness': 0.9799401954393328, 'generation': 24}","{'id': 1272, 'rank': 7, 'fitness': 0.9331845151631181, 'generation': 24}","{'id': 1272, 'rank': 8, 'fitness': 0.9331845151631181, 'generation': 24}","{'id': 1271, 'rank': 9, 'fitness': 0.9274145233286912, 'generation': 24}","{'id': 1275, 'rank': 10, 'fitness': 0.8968765583564193, 'generation': 24}","{'id': 1110, 'rank': 11, 'fitness': 0.8467017935334687, 'generation': 24}","{'id': 1256, 'rank': 12, 'fitness': 0.8337360172712236, 'generation': 24}","{'id': 1256, 'rank': 13, 'fitness': 0.8337360172712236, 'generation': 24}","{'id': 1253, 'rank': 14, 'fitness': 0.772279118931805, 'generation': 24}","{'id': 1177, 'rank': 15, 'fitness': 0.6655251860879936, 'generation': 24}","{'id': 1177, 'rank': 16, 'fitness': 0.6655251860879936, 'generation': 24}","{'id': 1177, 'rank': 17, 'fitness': 0.6655251860879936, 'generation': 24}","{'id': 1267, 'rank': 18, 'fitness': 0.6621831844713963, 'generation': 24}","{'id': 1267, 'rank': 19, 'fitness': 0.6621831844713963, 'generation': 24}","{'id': 1267, 'rank': 20, 'fitness': 0.6621831844713963, 'generation': 24}","{'id': 1243, 'rank': 21, 'fitness': 0.39829160585593176, 'generation': 24}","{'id': 1257, 'rank': 22, 'fitness': 0.3245265606263299, 'generation': 24}","{'id': 1187, 'rank': 23, 'fitness': 0.3051845149595318, 'generation': 24}","{'id': 1190, 'rank': 24, 'fitness': 0.2313901155467627, 'generation': 24}","{'id': 1289, 'rank': 25, 'fitness': 0.22025870041952345, 'generation': 24}","{'id': 1290, 'rank': 26, 'fitness': 0.21501526505619462, 'generation': 24}","{'id': 1301, 'rank': 27, 'fitness': 0.08459521202993836, 'generation': 24}","{'id': 1210, 'rank': 28, 'fitness': 0.032522768600724505, 'generation': 24}","{'id': 1210, 'rank': 29, 'fitness': 0.032522768600724505, 'generation': 24}","{'id': 1241, 'rank': 30, 'fitness': 0.01798620996209155, 'generation': 24}"
"{'id': 1231, 'rank': 1, 'fitness': 0.9820137900379085, 'generation': 25}","{'id': 1231, 'rank': 2, 'fitness': 0.9820137900379085, 'generation': 25}","{'id': 1073, 'rank': 3, 'fitness': 0.9799967128658563, 'generation': 25}","{'id': 1272, 'rank': 4, 'fitness': 0.9353515249897016, 'generation': 25}","{'id': 1271, 'rank': 5, 'fitness': 0.9299049498530569, 'generation': 25}","{'id': 1275, 'rank': 6, 'fitness': 0.9011922381668789, 'generation': 25}","{'id': 1253, 'rank': 7, 'fitness': 0.784680539827673, 'generation': 25}","{'id': 1253, 'rank': 8, 'fitness': 0.784680539827673, 'generation': 25}","{'id': 1303, 'rank': 9, 'fitness': 0.7464724929761852, 'generation': 25}","{'id': 1177, 'rank': 10, 'fitness': 0.6843305785109743, 'generation': 25}","{'id': 1311, 'rank': 11, 'fitness': 0.5565454900251241, 'generation': 25}","{'id': 1324, 'rank': 12, 'fitness': 0.539078483228064, 'generation': 25}","{'id': 1324, 'rank': 13, 'fitness': 0.539078483228064, 'generation': 25}","{'id': 1304, 'rank': 14, 'fitness': 0.38818853766288614, 'generation': 25}","{'id': 1304, 'rank': 15, 'fitness': 0.38818853766288614, 'generation': 25}","{'id': 1257, 'rank': 16, 'fitness': 0.35193793404960283, 'generation': 25}","{'id': 1345, 'rank': 17, 'fitness': 0.27647956781684346, 'generation': 25}","{'id': 1361, 'rank': 18, 'fitness': 0.24659302214373335, 'generation': 25}","{'id': 1289, 'rank': 19, 'fitness': 0.24454945430527175, 'generation': 25}","{'id': 1343, 'rank': 20, 'fitness': 0.22365445484081492, 'generation': 25}","{'id': 1318, 'rank': 21, 'fitness': 0.13322342137400606, 'generation': 25}","{'id': 1349, 'rank': 22, 'fitness': 0.11277936122930105, 'generation': 25}","{'id': 1349, 'rank': 23, 'fitness': 0.11277936122930105, 'generation': 25}","{'id': 1307, 'rank': 24, 'fitness': 0.1108199086208298, 'generation': 25}","{'id': 1330, 'rank': 25, 'fitness': 0.10519238480029774, 'generation': 25}","{'id': 1312, 'rank': 26, 'fitness': 0.08531570198384952, 'generation': 25}","{'id': 1313, 'rank': 27, 'fitness': 0.04333490729206252, 'generation': 25}","{'id': 1358, 'rank': 28, 'fitness': 0.030921694699921787, 'generation': 25}","{'id': 1333, 'rank': 29, 'fitness': 0.019127182073580773, 'generation': 25}","{'id': 1329, 'rank': 30, 'fitness': 0.01798620996209155, 'generation': 25}"
"{'id': 1369, 'rank': 1, 'fitness': 0.9820137900379085, 'generation': 26}","{'id': 1369, 'rank': 2, 'fitness': 0.9820137900379085, 'generation': 26}","{'id': 1366, 'rank': 3, 'fitness': 0.973737853812148, 'generation': 26}","{'id': 1409, 'rank': 4, 'fitness': 0.9501007234053129, 'generation': 26}","{'id': 1073, 'rank': 5, 'fitness': 0.9154092352216965, 'generation': 26}","{'id': 1403, 'rank': 6, 'fitness': 0.9063825458004595, 'generation': 26}","{'id': 1403, 'rank': 7, 'fitness': 0.9063825458004595, 'generation': 26}","{'id': 1272, 'rank': 8, 'fitness': 0.7892845892984646, 'generation': 26}","{'id': 1271, 'rank': 9, 'fitness': 0.7764643964594344, 'generation': 26}","{'id': 1275, 'rank': 10, 'fitness': 0.714892371866687, 'generation': 26}","{'id': 1275, 'rank': 11, 'fitness': 0.714892371866687, 'generation': 26}","{'id': 1379, 'rank': 12, 'fitness': 0.7083582719753541, 'generation': 26}","{'id': 1253, 'rank': 13, 'fitness': 0.5302860620981341, 'generation': 26}","{'id': 1380, 'rank': 14, 'fitness': 0.5101659717517665, 'generation': 26}","{'id': 1380, 'rank': 15, 'fitness': 0.5101659717517665, 'generation': 26}","{'id': 1303, 'rank': 16, 'fitness': 0.48395206513919586, 'generation': 26}","{'id': 1385, 'rank': 17, 'fitness': 0.4209597030715295, 'generation': 26}","{'id': 1389, 'rank': 18, 'fitness': 0.39367359412611147, 'generation': 26}","{'id': 1401, 'rank': 19, 'fitness': 0.3098555082915237, 'generation': 26}","{'id': 1311, 'rank': 20, 'fitness': 0.3087548923855748, 'generation': 26}","{'id': 1324, 'rank': 21, 'fitness': 0.2958190412487154, 'generation': 26}","{'id': 1304, 'rank': 22, 'fitness': 0.1979356994594219, 'generation': 26}","{'id': 1304, 'rank': 23, 'fitness': 0.1979356994594219, 'generation': 26}","{'id': 1368, 'rank': 24, 'fitness': 0.14381498552160765, 'generation': 26}","{'id': 1365, 'rank': 25, 'fitness': 0.1254624591747847, 'generation': 26}","{'id': 1343, 'rank': 26, 'fitness': 0.11046186505471828, 'generation': 26}","{'id': 1318, 'rank': 27, 'fitness': 0.06707520312117221, 'generation': 26}","{'id': 1405, 'rank': 28, 'fitness': 0.058189397241724505, 'generation': 26}","{'id': 1372, 'rank': 29, 'fitness': 0.028759536620877657, 'generation': 26}","{'id': 1358, 'rank': 30, 'fitness': 0.01798620996209155, 'generation': 26}"
"{'id': 1369, 'rank': 1, 'fitness': 0.9820137900379085, 'generation': 27}","{'id': 1366, 'rank': 2, 'fitness': 0.9738118370637865, 'generation': 27}","{'id': 1409, 'rank': 3, 'fitness': 0.9504732808991172, 'generation': 27}","{'id': 1073, 'rank': 4, 'fitness': 0.9163427349854281, 'generation': 27}","{'id': 1471, 'rank': 5, 'fitness': 0.915428078101406, 'generation': 27}","{'id': 1403, 'rank': 6, 'fitness': 0.9074755677863104, 'generation': 27}","{'id': 1403, 'rank': 7, 'fitness': 0.9074755677863104, 'generation': 27}","{'id': 1481, 'rank': 8, 'fitness': 0.9052086586607229, 'generation': 27}","{'id': 1275, 'rank': 9, 'fitness': 0.7195697112683006, 'generation': 27}","{'id': 1275, 'rank': 10, 'fitness': 0.7195697112683006, 'generation': 27}","{'id': 1379, 'rank': 11, 'fitness': 0.7131485525275134, 'generation': 27}","{'id': 1434, 'rank': 12, 'fitness': 0.518077673881038, 'generation': 27}","{'id': 1380, 'rank': 13, 'fitness': 0.5175702183383923, 'generation': 27}","{'id': 1380, 'rank': 14, 'fitness': 0.5175702183383923, 'generation': 27}","{'id': 1380, 'rank': 15, 'fitness': 0.5175702183383923, 'generation': 27}","{'id': 1458, 'rank': 16, 'fitness': 0.49597915413502025, 'generation': 27}","{'id': 1385, 'rank': 17, 'fitness': 0.4288601300223702, 'generation': 27}","{'id': 1435, 'rank': 18, 'fitness': 0.40406952038106253, 'generation': 27}","{'id': 1437, 'rank': 19, 'fitness': 0.32480339855716733, 'generation': 27}","{'id': 1401, 'rank': 20, 'fitness': 0.31759307989658137, 'generation': 27}","{'id': 1433, 'rank': 21, 'fitness': 0.26230883210631406, 'generation': 27}","{'id': 1440, 'rank': 22, 'fitness': 0.23817150421223293, 'generation': 27}","{'id': 1365, 'rank': 23, 'fitness': 0.13042480228739406, 'generation': 27}","{'id': 1485, 'rank': 24, 'fitness': 0.11933754706212524, 'generation': 27}","{'id': 1485, 'rank': 25, 'fitness': 0.11933754706212524, 'generation': 27}","{'id': 1431, 'rank': 26, 'fitness': 0.07695579190695184, 'generation': 27}","{'id': 1318, 'rank': 27, 'fitness': 0.07024983926417738, 'generation': 27}","{'id': 1445, 'rank': 28, 'fitness': 0.06969245403845004, 'generation': 27}","{'id': 1472, 'rank': 29, 'fitness': 0.03208615299279349, 'generation': 27}","{'id': 1449, 'rank': 30, 'fitness': 0.01798620996209155, 'generation': 27}"
"{'id': 1366, 'rank': 1, 'fitness': 0.9820137900379085, 'generation': 28}","{'id': 1520, 'rank': 2, 'fitness': 0.9561476802973574, 'generation': 28}","{'id': 1520, 'rank': 3, 'fitness': 0.9561476802973574, 'generation': 28}","{'id': 1520, 'rank': 4, 'fitness': 0.9561476802973574, 'generation': 28}","{'id': 1073, 'rank': 5, 'fitness': 0.9300826465800667, 'generation': 28}","{'id': 1471, 'rank': 6, 'fitness': 0.9291854109312558, 'generation': 28}","{'id': 1540, 'rank': 7, 'fitness': 0.9239607182640992, 'generation': 28}","{'id': 1540, 'rank': 8, 'fitness': 0.9239607182640992, 'generation': 28}","{'id': 1403, 'rank': 9, 'fitness': 0.921314144323655, 'generation': 28}","{'id': 1522, 'rank': 10, 'fitness': 0.9113456086418084, 'generation': 28}","{'id': 1522, 'rank': 11, 'fitness': 0.9113456086418084, 'generation': 28}","{'id': 1275, 'rank': 12, 'fitness': 0.7132581230252336, 'generation': 28}","{'id': 1507, 'rank': 13, 'fitness': 0.597968043694523, 'generation': 28}","{'id': 1534, 'rank': 14, 'fitness': 0.5581445283515807, 'generation': 28}","{'id': 1380, 'rank': 15, 'fitness': 0.4759771574676831, 'generation': 28}","{'id': 1380, 'rank': 16, 'fitness': 0.4759771574676831, 'generation': 28}","{'id': 1458, 'rank': 17, 'fitness': 0.4511626416559248, 'generation': 28}","{'id': 1500, 'rank': 18, 'fitness': 0.43177899903704764, 'generation': 28}","{'id': 1435, 'rank': 19, 'fitness': 0.3483584778368326, 'generation': 28}","{'id': 1493, 'rank': 20, 'fitness': 0.30824040216170134, 'generation': 28}","{'id': 1532, 'rank': 21, 'fitness': 0.299680848476759, 'generation': 28}","{'id': 1401, 'rank': 22, 'fitness': 0.2571153929450374, 'generation': 28}","{'id': 1539, 'rank': 23, 'fitness': 0.24937376278606888, 'generation': 28}","{'id': 1487, 'rank': 24, 'fitness': 0.2450461380920564, 'generation': 28}","{'id': 1529, 'rank': 25, 'fitness': 0.1913416273752856, 'generation': 28}","{'id': 1501, 'rank': 26, 'fitness': 0.18436848778273873, 'generation': 28}","{'id': 1485, 'rank': 27, 'fitness': 0.07681182145479765, 'generation': 28}","{'id': 1485, 'rank': 28, 'fitness': 0.07681182145479765, 'generation': 28}","{'id': 1526, 'rank': 29, 'fitness': 0.04630989849326872, 'generation': 28}","{'id': 1504, 'rank': 30, 'fitness': 0.01798620996209155, 'generation': 28}"
"{'id': 1520, 'rank': 1, 'fitness': 0.9820137900379085, 'generation': 29}","{'id': 1520, 'rank': 2, 'fitness': 0.9820137900379085, 'generation': 29}","{'id': 1540, 'rank': 3, 'fitness': 0.9623148695355297, 'generation': 29}","{'id': 1540, 'rank': 4, 'fitness': 0.9623148695355297, 'generation': 29}","{'id': 1540, 'rank': 5, 'fitness': 0.9623148695355297, 'generation': 29}","{'id': 1403, 'rank': 6, 'fitness': 0.9605275105160681, 'generation': 29}","{'id': 1522, 'rank': 7, 'fitness': 0.9535891971150133, 'generation': 29}","{'id': 1587, 'rank': 8, 'fitness': 0.9241483324689586, 'generation': 29}","{'id': 1587, 'rank': 9, 'fitness': 0.9241483324689586, 'generation': 29}","{'id': 1574, 'rank': 10, 'fitness': 0.9107043611467383, 'generation': 29}","{'id': 1554, 'rank': 11, 'fitness': 0.7235644311266476, 'generation': 29}","{'id': 1554, 'rank': 12, 'fitness': 0.7235644311266476, 'generation': 29}","{'id': 1552, 'rank': 13, 'fitness': 0.6875067396224737, 'generation': 29}","{'id': 1507, 'rank': 14, 'fitness': 0.624816937152618, 'generation': 29}","{'id': 1588, 'rank': 15, 'fitness': 0.5912342111378511, 'generation': 29}","{'id': 1588, 'rank': 16, 'fitness': 0.5912342111378511, 'generation': 29}","{'id': 1570, 'rank': 17, 'fitness': 0.28722292904698415, 'generation': 29}","{'id': 1570, 'rank': 18, 'fitness': 0.28722292904698415, 'generation': 29}","{'id': 1600, 'rank': 19, 'fitness': 0.22991694321720324, 'generation': 29}","{'id': 1542, 'rank': 20, 'fitness': 0.20678366907239398, 'generation': 29}","{'id': 1555, 'rank': 21, 'fitness': 0.19884859056635373, 'generation': 29}","{'id': 1592, 'rank': 22, 'fitness': 0.19811754539394238, 'generation': 29}","{'id': 1599, 'rank': 23, 'fitness': 0.15493211038535581, 'generation': 29}","{'id': 1501, 'rank': 24, 'fitness': 0.12578604482788386, 'generation': 29}","{'id': 1566, 'rank': 25, 'fitness': 0.08274485349320282, 'generation': 29}","{'id': 1566, 'rank': 26, 'fitness': 0.08274485349320282, 'generation': 29}","{'id': 1566, 'rank': 27, 'fitness': 0.08274485349320282, 'generation': 29}","{'id': 1563, 'rank': 28, 'fitness': 0.0503441697366499, 'generation': 29}","{'id': 1546, 'rank': 29, 'fitness': 0.03218278786008372, 'generation': 29}","{'id': 1583, 'rank': 30, 'fitness': 0.01798620996209155, 'generation': 29}"
"{'id': 1630, 'rank': 1, 'fitness': 0.9820137900379085, 'generation': 30}","{'id': 1520, 'rank': 2, 'fitness': 0.9661129310461927, 'generation': 30}","{'id': 1520, 'rank': 3, 'fitness': 0.9661129310461927, 'generation': 30}","{'id': 1520, 'rank': 4, 'fitness': 0.9661129310461927, 'generation': 30}","{'id': 1624, 'rank': 5, 'fitness': 0.934206867678803, 'generation': 30}","{'id': 1522, 'rank': 6, 'fitness': 0.926802319994942, 'generation': 30}","{'id': 1587, 'rank': 7, 'fitness': 0.8913434814525805, 'generation': 30}","{'id': 1574, 'rank': 8, 'fitness': 0.876191466032866, 'generation': 30}","{'id': 1574, 'rank': 9, 'fitness': 0.876191466032866, 'generation': 30}","{'id': 1622, 'rank': 10, 'fitness': 0.7848448779010464, 'generation': 30}","{'id': 1554, 'rank': 11, 'fitness': 0.6957817715529454, 'generation': 30}","{'id': 1554, 'rank': 12, 'fitness': 0.6957817715529454, 'generation': 30}","{'id': 1507, 'rank': 13, 'fitness': 0.6110564158644111, 'generation': 30}","{'id': 1588, 'rank': 14, 'fitness': 0.5828957227712639, 'generation': 30}","{'id': 1629, 'rank': 15, 'fitness': 0.5126665382818235, 'generation': 30}","{'id': 1570, 'rank': 16, 'fitness': 0.3259146597532648, 'generation': 30}","{'id': 1570, 'rank': 17, 'fitness': 0.3259146597532648, 'generation': 30}","{'id': 1570, 'rank': 18, 'fitness': 0.3259146597532648, 'generation': 30}","{'id': 1654, 'rank': 19, 'fitness': 0.3249893302198076, 'generation': 30}","{'id': 1542, 'rank': 20, 'fitness': 0.2519149700683839, 'generation': 30}","{'id': 1592, 'rank': 21, 'fitness': 0.24360669001109247, 'generation': 30}","{'id': 1642, 'rank': 22, 'fitness': 0.21355707781668792, 'generation': 30}","{'id': 1501, 'rank': 23, 'fitness': 0.17050929483063348, 'generation': 30}","{'id': 1616, 'rank': 24, 'fitness': 0.09834162927399348, 'generation': 30}","{'id': 1660, 'rank': 25, 'fitness': 0.07585350370400612, 'generation': 30}","{'id': 1627, 'rank': 26, 'fitness': 0.0464150566260636, 'generation': 30}","{'id': 1649, 'rank': 27, 'fitness': 0.022429075033831847, 'generation': 30}","{'id': 1626, 'rank': 28, 'fitness': 0.022343468083840745, 'generation': 30}","{'id': 1650, 'rank': 29, 'fitness': 0.01798620996209155, 'generation': 30}","{'id': 1650, 'rank': 30, 'fitness': 0.01798620996209155, 'generation': 30}"
"{'id': 1630, 'rank': 1, 'fitness': 0.9820137900379085, 'generation': 31}","{'id': 1670, 'rank': 2, 'fitness': 0.9780162973800519, 'generation': 31}","{'id': 1520, 'rank': 3, 'fitness': 0.9661288112479187, 'generation': 31}","{'id': 1522, 'rank': 4, 'fitness': 0.926876315002422, 'generation': 31}","{'id': 1669, 'rank': 5, 'fitness': 0.9126720588222421, 'generation': 31}","{'id': 1669, 'rank': 6, 'fitness': 0.9126720588222421, 'generation': 31}","{'id': 1587, 'rank': 7, 'fitness': 0.8914804811353056, 'generation': 31}","{'id': 1662, 'rank': 8, 'fitness': 0.880277224035945, 'generation': 31}","{'id': 1662, 'rank': 9, 'fitness': 0.880277224035945, 'generation': 31}","{'id': 1687, 'rank': 10, 'fitness': 0.8699135765340007, 'generation': 31}","{'id': 1672, 'rank': 11, 'fitness': 0.8539415655786942, 'generation': 31}","{'id': 1711, 'rank': 12, 'fitness': 0.8470480161894627, 'generation': 31}","{'id': 1696, 'rank': 13, 'fitness': 0.7047036031048984, 'generation': 31}","{'id': 1696, 'rank': 14, 'fitness': 0.7047036031048984, 'generation': 31}","{'id': 1554, 'rank': 15, 'fitness': 0.6962829947389327, 'generation': 31}","{'id': 1693, 'rank': 16, 'fitness': 0.650191290127468, 'generation': 31}","{'id': 1693, 'rank': 17, 'fitness': 0.650191290127468, 'generation': 31}","{'id': 1709, 'rank': 18, 'fitness': 0.5020253450747054, 'generation': 31}","{'id': 1715, 'rank': 19, 'fitness': 0.4413888952237203, 'generation': 31}","{'id': 1715, 'rank': 20, 'fitness': 0.4413888952237203, 'generation': 31}","{'id': 1692, 'rank': 21, 'fitness': 0.37997050347137373, 'generation': 31}","{'id': 1673, 'rank': 22, 'fitness': 0.22221490961153278, 'generation': 31}","{'id': 1689, 'rank': 23, 'fitness': 0.13434744186182596, 'generation': 31}","{'id': 1690, 'rank': 24, 'fitness': 0.13228161523121307, 'generation': 31}","{'id': 1616, 'rank': 25, 'fitness': 0.09875394454067987, 'generation': 31}","{'id': 1712, 'rank': 26, 'fitness': 0.05009169189609364, 'generation': 31}","{'id': 1705, 'rank': 27, 'fitness': 0.04092230871037045, 'generation': 31}","{'id': 1705, 'rank': 28, 'fitness': 0.04092230871037045, 'generation': 31}","{'id': 1676, 'rank': 29, 'fitness': 0.034481477965473295, 'generation': 31}","{'id': 1695, 'rank': 30, 'fitness': 0.01798620996209155, 'generation': 31}"
"{'id': 1733, 'rank': 1, 'fitness': 0.9820137900379085, 'generation': 32}","{'id': 1733, 'rank': 2, 'fitness': 0.9820137900379085, 'generation': 32}","{'id': 1733, 'rank': 3, 'fitness': 0.9820137900379085, 'generation': 32}","{'id': 1733, 'rank': 4, 'fitness': 0.9820137900379085, 'generation': 32}","{'id': 1630, 'rank': 5, 'fitness': 0.9128718473441026, 'generation': 32}","{'id': 1630, 'rank': 6, 'fitness': 0.9128718473441026, 'generation': 32}","{'id': 1670, 'rank': 7, 'fitness': 0.8972913219880027, 'generation': 32}","{'id': 1732, 'rank': 8, 'fitness': 0.8554752470500379, 'generation': 32}","{'id': 1758, 'rank': 9, 'fitness': 0.6347805080045889, 'generation': 32}","{'id': 1711, 'rank': 10, 'fitness': 0.5789248456196464, 'generation': 32}","{'id': 1740, 'rank': 11, 'fitness': 0.5191180393280583, 'generation': 32}","{'id': 1740, 'rank': 12, 'fitness': 0.5191180393280583, 'generation': 32}","{'id': 1771, 'rank': 13, 'fitness': 0.34380442650028586, 'generation': 32}","{'id': 1771, 'rank': 14, 'fitness': 0.34380442650028586, 'generation': 32}","{'id': 1693, 'rank': 15, 'fitness': 0.3428688496345625, 'generation': 32}","{'id': 1735, 'rank': 16, 'fitness': 0.34282447405755934, 'generation': 32}","{'id': 1769, 'rank': 17, 'fitness': 0.2999901760452168, 'generation': 32}","{'id': 1769, 'rank': 18, 'fitness': 0.2999901760452168, 'generation': 32}","{'id': 1769, 'rank': 19, 'fitness': 0.2999901760452168, 'generation': 32}","{'id': 1769, 'rank': 20, 'fitness': 0.2999901760452168, 'generation': 32}","{'id': 1755, 'rank': 21, 'fitness': 0.24005862998890015, 'generation': 32}","{'id': 1750, 'rank': 22, 'fitness': 0.1915229503325392, 'generation': 32}","{'id': 1727, 'rank': 23, 'fitness': 0.15928138910097656, 'generation': 32}","{'id': 1727, 'rank': 24, 'fitness': 0.15928138910097656, 'generation': 32}","{'id': 1729, 'rank': 25, 'fitness': 0.10713935754964127, 'generation': 32}","{'id': 1767, 'rank': 26, 'fitness': 0.05151461534931917, 'generation': 32}","{'id': 1737, 'rank': 27, 'fitness': 0.04032265763051196, 'generation': 32}","{'id': 1752, 'rank': 28, 'fitness': 0.03173537732863341, 'generation': 32}","{'id': 1712, 'rank': 29, 'fitness': 0.021624933031727356, 'generation': 32}","{'id': 1705, 'rank': 30, 'fitness': 0.01798620996209155, 'generation': 32}"
"{'id': 1794, 'rank': 1, 'fitness': 0.9820137900379085, 'generation': 33}","{'id': 1733, 'rank': 2, 'fitness': 0.9792260937730567, 'generation': 33}","{'id': 1733, 'rank': 3, 'fitness': 0.9792260937730567, 'generation': 33}","{'id': 1630, 'rank': 4, 'fitness': 0.9067081079561969, 'generation': 33}","{'id': 1670, 'rank': 5, 'fitness': 0.8909285425149945, 'generation': 33}","{'id': 1804, 'rank': 6, 'fitness': 0.6170130146591559, 'generation': 33}","{'id': 1740, 'rank': 7, 'fitness': 0.5250393453144998, 'generation': 33}","{'id': 1740, 'rank': 8, 'fitness': 0.5250393453144998, 'generation': 33}","{'id': 1784, 'rank': 9, 'fitness': 0.4427291123230531, 'generation': 33}","{'id': 1771, 'rank': 10, 'fitness': 0.3563574812010487, 'generation': 33}","{'id': 1771, 'rank': 11, 'fitness': 0.3563574812010487, 'generation': 33}","{'id': 1771, 'rank': 12, 'fitness': 0.3563574812010487, 'generation': 33}","{'id': 1769, 'rank': 13, 'fitness': 0.3135818947756254, 'generation': 33}","{'id': 1769, 'rank': 14, 'fitness': 0.3135818947756254, 'generation': 33}","{'id': 1798, 'rank': 15, 'fitness': 0.29498680788736176, 'generation': 33}","{'id': 1798, 'rank': 16, 'fitness': 0.29498680788736176, 'generation': 33}","{'id': 1791, 'rank': 17, 'fitness': 0.2546770699549425, 'generation': 33}","{'id': 1755, 'rank': 18, 'fitness': 0.25442073334215975, 'generation': 33}","{'id': 1727, 'rank': 19, 'fitness': 0.17305038827891517, 'generation': 33}","{'id': 1788, 'rank': 20, 'fitness': 0.1708176007555463, 'generation': 33}","{'id': 1799, 'rank': 21, 'fitness': 0.13808862806331412, 'generation': 33}","{'id': 1799, 'rank': 22, 'fitness': 0.13808862806331412, 'generation': 33}","{'id': 1799, 'rank': 23, 'fitness': 0.13808862806331412, 'generation': 33}","{'id': 1729, 'rank': 24, 'fitness': 0.1190969313099498, 'generation': 33}","{'id': 1729, 'rank': 25, 'fitness': 0.1190969313099498, 'generation': 33}","{'id': 1779, 'rank': 26, 'fitness': 0.07784711962410412, 'generation': 33}","{'id': 1767, 'rank': 27, 'fitness': 0.05956753647072366, 'generation': 33}","{'id': 1752, 'rank': 28, 'fitness': 0.03760341958877139, 'generation': 33}","{'id': 1807, 'rank': 29, 'fitness': 0.03212388841563574, 'generation': 33}","{'id': 1817, 'rank': 30, 'fitness': 0.01798620996209155, 'generation': 33}"
"{'id': 1733, 'rank': 1, 'fitness': 0.9820137900379085, 'generation': 34}","{'id': 1670, 'rank': 2, 'fitness': 0.8980392895745078, 'generation': 34}","{'id': 1670, 'rank': 3, 'fitness': 0.8980392895745078, 'generation': 34}","{'id': 1824, 'rank': 4, 'fitness': 0.7233932488578414, 'generation': 34}","{'id': 1822, 'rank': 5, 'fitness': 0.716705668557589, 'generation': 34}","{'id': 1804, 'rank': 6, 'fitness': 0.6191564849361777, 'generation': 34}","{'id': 1740, 'rank': 7, 'fitness': 0.5234683562794666, 'generation': 34}","{'id': 1740, 'rank': 8, 'fitness': 0.5234683562794666, 'generation': 34}","{'id': 1858, 'rank': 9, 'fitness': 0.4847926512095307, 'generation': 34}","{'id': 1858, 'rank': 10, 'fitness': 0.4847926512095307, 'generation': 34}","{'id': 1849, 'rank': 11, 'fitness': 0.42697917696223087, 'generation': 34}","{'id': 1849, 'rank': 12, 'fitness': 0.42697917696223087, 'generation': 34}","{'id': 1867, 'rank': 13, 'fitness': 0.35626119520992305, 'generation': 34}","{'id': 1771, 'rank': 14, 'fitness': 0.3484768981358852, 'generation': 34}","{'id': 1769, 'rank': 15, 'fitness': 0.3045324413249294, 'generation': 34}","{'id': 1769, 'rank': 16, 'fitness': 0.3045324413249294, 'generation': 34}","{'id': 1846, 'rank': 17, 'fitness': 0.2771174034664223, 'generation': 34}","{'id': 1846, 'rank': 18, 'fitness': 0.2771174034664223, 'generation': 34}","{'id': 1846, 'rank': 19, 'fitness': 0.2771174034664223, 'generation': 34}","{'id': 1828, 'rank': 20, 'fitness': 0.2560341078430788, 'generation': 34}","{'id': 1842, 'rank': 21, 'fitness': 0.20522588080524762, 'generation': 34}","{'id': 1727, 'rank': 22, 'fitness': 0.16268016942896507, 'generation': 34}","{'id': 1799, 'rank': 23, 'fitness': 0.1282611210559988, 'generation': 34}","{'id': 1845, 'rank': 24, 'fitness': 0.10649064955367865, 'generation': 34}","{'id': 1829, 'rank': 25, 'fitness': 0.09987255360586311, 'generation': 34}","{'id': 1837, 'rank': 26, 'fitness': 0.09247580208289019, 'generation': 34}","{'id': 1837, 'rank': 27, 'fitness': 0.09247580208289019, 'generation': 34}","{'id': 1779, 'rank': 28, 'fitness': 0.07022160469084865, 'generation': 34}","{'id': 1767, 'rank': 29, 'fitness': 0.05303627245848608, 'generation': 34}","{'id': 1834, 'rank': 30, 'fitness': 0.01798620996209155, 'generation': 34}"
"{'id': 1902, 'rank': 1, 'fitness': 0.9820137900379085, 'generation': 35}","{'id': 1899, 'rank': 2, 'fitness': 0.9812497207386321, 'generation': 35}","{'id': 1822, 'rank': 3, 'fitness': 0.8671760441824939, 'generation': 35}","{'id': 1822, 'rank': 4, 'fitness': 0.8671760441824939, 'generation': 35}","{'id': 1804, 'rank': 5, 'fitness': 0.7569828309111735, 'generation': 35}","{'id': 1907, 'rank': 6, 'fitness': 0.7327054720389814, 'generation': 35}","{'id': 1858, 'rank': 7, 'fitness': 0.5550618781415336, 'generation': 35}","{'id': 1900, 'rank': 8, 'fitness': 0.5132586334735619, 'generation': 35}","{'id': 1849, 'rank': 9, 'fitness': 0.4577676595523834, 'generation': 35}","{'id': 1849, 'rank': 10, 'fitness': 0.4577676595523834, 'generation': 35}","{'id': 1896, 'rank': 11, 'fitness': 0.26796151914989147, 'generation': 35}","{'id': 1896, 'rank': 12, 'fitness': 0.26796151914989147, 'generation': 35}","{'id': 1846, 'rank': 13, 'fitness': 0.21728997964491348, 'generation': 35}","{'id': 1846, 'rank': 14, 'fitness': 0.21728997964491348, 'generation': 35}","{'id': 1846, 'rank': 15, 'fitness': 0.21728997964491348, 'generation': 35}","{'id': 1875, 'rank': 16, 'fitness': 0.20146780794328945, 'generation': 35}","{'id': 1875, 'rank': 17, 'fitness': 0.20146780794328945, 'generation': 35}","{'id': 1828, 'rank': 18, 'fitness': 0.18815276334049358, 'generation': 35}","{'id': 1828, 'rank': 19, 'fitness': 0.18815276334049358, 'generation': 35}","{'id': 1842, 'rank': 20, 'fitness': 0.12534355452867912, 'generation': 35}","{'id': 1876, 'rank': 21, 'fitness': 0.08364743242817929, 'generation': 35}","{'id': 1882, 'rank': 22, 'fitness': 0.063646806213697, 'generation': 35}","{'id': 1885, 'rank': 23, 'fitness': 0.05876453826308897, 'generation': 35}","{'id': 1799, 'rank': 24, 'fitness': 0.05294826150545334, 'generation': 35}","{'id': 1892, 'rank': 25, 'fitness': 0.04060561970923399, 'generation': 35}","{'id': 1892, 'rank': 26, 'fitness': 0.04060561970923399, 'generation': 35}","{'id': 1886, 'rank': 27, 'fitness': 0.026817944586821796, 'generation': 35}","{'id': 1912, 'rank': 28, 'fitness': 0.019806030261107943, 'generation': 35}","{'id': 1779, 'rank': 29, 'fitness': 0.01798620996209155, 'generation': 35}","{'id': 1779, 'rank': 30, 'fitness': 0.01798620996209155, 'generation': 35}"
"{'id': 1902, 'rank': 1, 'fitness': 0.9820137900379085, 'generation': 36}","{'id': 1902, 'rank': 2, 'fitness': 0.9820137900379085, 'generation': 36}","{'id': 1899, 'rank': 3, 'fitness': 0.9814009567614987, 'generation': 36}","{'id': 1916, 'rank': 4, 'fitness': 0.9366840722193372, 'generation': 36}","{'id': 1822, 'rank': 5, 'fitness': 0.9080256987107478, 'generation': 36}","{'id': 1822, 'rank': 6, 'fitness': 0.9080256987107478, 'generation': 36}","{'id': 1915, 'rank': 7, 'fitness': 0.8704906577581398, 'generation': 36}","{'id': 1804, 'rank': 8, 'fitness': 0.8447298260903686, 'generation': 36}","{'id': 1804, 'rank': 9, 'fitness': 0.8447298260903686, 'generation': 36}","{'id': 1804, 'rank': 10, 'fitness': 0.8447298260903686, 'generation': 36}","{'id': 1804, 'rank': 11, 'fitness': 0.8447298260903686, 'generation': 36}","{'id': 1939, 'rank': 12, 'fitness': 0.7011796231995808, 'generation': 36}","{'id': 1849, 'rank': 13, 'fitness': 0.6553242014932248, 'generation': 36}","{'id': 1849, 'rank': 14, 'fitness': 0.6553242014932248, 'generation': 36}","{'id': 1849, 'rank': 15, 'fitness': 0.6553242014932248, 'generation': 36}","{'id': 1944, 'rank': 16, 'fitness': 0.6286907480406, 'generation': 36}","{'id': 1926, 'rank': 17, 'fitness': 0.5901797455666696, 'generation': 36}","{'id': 1930, 'rank': 18, 'fitness': 0.5456499854742212, 'generation': 36}","{'id': 1935, 'rank': 19, 'fitness': 0.5251376266578635, 'generation': 36}","{'id': 1896, 'rank': 20, 'fitness': 0.4923979056923902, 'generation': 36}","{'id': 1846, 'rank': 21, 'fitness': 0.437060066900296, 'generation': 36}","{'id': 1875, 'rank': 22, 'fitness': 0.4182163068065746, 'generation': 36}","{'id': 1842, 'rank': 23, 'fitness': 0.31311694783136684, 'generation': 36}","{'id': 1929, 'rank': 24, 'fitness': 0.27041191048083535, 'generation': 36}","{'id': 1929, 'rank': 25, 'fitness': 0.27041191048083535, 'generation': 36}","{'id': 1929, 'rank': 26, 'fitness': 0.27041191048083535, 'generation': 36}","{'id': 1920, 'rank': 27, 'fitness': 0.11471806711114152, 'generation': 36}","{'id': 1912, 'rank': 28, 'fitness': 0.08602848975492217, 'generation': 36}","{'id': 1779, 'rank': 29, 'fitness': 0.08000874674674752, 'generation': 36}","{'id': 1950, 'rank': 30, 'fitness': 0.01798620996209155, 'generation': 36}"
"{'id': 1956, 'rank': 1, 'fitness': 0.9820137900379085, 'generation': 37}","{'id': 1902, 'rank': 2, 'fitness': 0.924015654904317, 'generation': 37}","{'id': 1902, 'rank': 3, 'fitness': 0.924015654904317, 'generation': 37}","{'id': 1822, 'rank': 4, 'fitness': 0.8010663659735184, 'generation': 37}","{'id': 1822, 'rank': 5, 'fitness': 0.8010663659735184, 'generation': 37}","{'id': 1984, 'rank': 6, 'fitness': 0.7898025724643303, 'generation': 37}","{'id': 1804, 'rank': 7, 'fitness': 0.7326026012331447, 'generation': 37}","{'id': 1804, 'rank': 8, 'fitness': 0.7326026012331447, 'generation': 37}","{'id': 1804, 'rank': 9, 'fitness': 0.7326026012331447, 'generation': 37}","{'id': 1804, 'rank': 10, 'fitness': 0.7326026012331447, 'generation': 37}","{'id': 1939, 'rank': 11, 'fitness': 0.6140628547494231, 'generation': 37}","{'id': 1849, 'rank': 12, 'fitness': 0.581383644183602, 'generation': 37}","{'id': 1930, 'rank': 13, 'fitness': 0.5078897001448002, 'generation': 37}","{'id': 1935, 'rank': 14, 'fitness': 0.4945659164528897, 'generation': 37}","{'id': 1935, 'rank': 15, 'fitness': 0.4945659164528897, 'generation': 37}","{'id': 1994, 'rank': 16, 'fitness': 0.4892177442374011, 'generation': 37}","{'id': 1983, 'rank': 17, 'fitness': 0.47919855429397223, 'generation': 37}","{'id': 2016, 'rank': 18, 'fitness': 0.44008710259681755, 'generation': 37}","{'id': 2016, 'rank': 19, 'fitness': 0.44008710259681755, 'generation': 37}","{'id': 2016, 'rank': 20, 'fitness': 0.44008710259681755, 'generation': 37}","{'id': 1846, 'rank': 21, 'fitness': 0.43774035003831785, 'generation': 37}","{'id': 2013, 'rank': 22, 'fitness': 0.3609422688231646, 'generation': 37}","{'id': 1991, 'rank': 23, 'fitness': 0.24300842388151817, 'generation': 37}","{'id': 1920, 'rank': 24, 'fitness': 0.19665639554987951, 'generation': 37}","{'id': 1920, 'rank': 25, 'fitness': 0.19665639554987951, 'generation': 37}","{'id': 1912, 'rank': 26, 'fitness': 0.16604459612817468, 'generation': 37}","{'id': 1912, 'rank': 27, 'fitness': 0.16604459612817468, 'generation': 37}","{'id': 1975, 'rank': 28, 'fitness': 0.138068164897183, 'generation': 37}","{'id': 1950, 'rank': 29, 'fitness': 0.06466129374108032, 'generation': 37}","{'id': 2007, 'rank': 30, 'fitness': 0.01798620996209155, 'generation': 37}"
"{'id': 1956, 'rank': 1, 'fitness': 0.9820137900379085, 'generation': 38}","{'id': 2058, 'rank': 2, 'fitness': 0.9549190183961193, 'generation': 38}","{'id': 1902, 'rank': 3, 'fitness': 0.9229308947907873, 'generation': 38}","{'id': 1902, 'rank': 4, 'fitness': 0.9229308947907873, 'generation': 38}","{'id': 1822, 'rank': 5, 'fitness': 0.7967859510992424, 'generation': 38}","{'id': 1984, 'rank': 6, 'fitness': 0.7852254190926252, 'generation': 38}","{'id': 2021, 'rank': 7, 'fitness': 0.5838365657089497, 'generation': 38}","{'id': 1930, 'rank': 8, 'fitness': 0.4977500650898463, 'generation': 38}","{'id': 1935, 'rank': 9, 'fitness': 0.4842943751580623, 'generation': 38}","{'id': 1994, 'rank': 10, 'fitness': 0.47889744152172875, 'generation': 38}","{'id': 1846, 'rank': 11, 'fitness': 0.4270786334297625, 'generation': 38}","{'id': 2037, 'rank': 12, 'fitness': 0.4152827922123101, 'generation': 38}","{'id': 2037, 'rank': 13, 'fitness': 0.4152827922123101, 'generation': 38}","{'id': 2079, 'rank': 14, 'fitness': 0.3621723697033173, 'generation': 38}","{'id': 2039, 'rank': 15, 'fitness': 0.25276350954568183, 'generation': 38}","{'id': 2039, 'rank': 16, 'fitness': 0.25276350954568183, 'generation': 38}","{'id': 2075, 'rank': 17, 'fitness': 0.21080868129536395, 'generation': 38}","{'id': 2022, 'rank': 18, 'fitness': 0.15792967174632772, 'generation': 38}","{'id': 2022, 'rank': 19, 'fitness': 0.15792967174632772, 'generation': 38}","{'id': 2022, 'rank': 20, 'fitness': 0.15792967174632772, 'generation': 38}","{'id': 2044, 'rank': 21, 'fitness': 0.13733971199381545, 'generation': 38}","{'id': 2043, 'rank': 22, 'fitness': 0.1366953279723756, 'generation': 38}","{'id': 1975, 'rank': 23, 'fitness': 0.13112691101783108, 'generation': 38}","{'id': 2059, 'rank': 24, 'fitness': 0.11314656131715861, 'generation': 38}","{'id': 2059, 'rank': 25, 'fitness': 0.11314656131715861, 'generation': 38}","{'id': 1950, 'rank': 26, 'fitness': 0.06065746255498122, 'generation': 38}","{'id': 2054, 'rank': 27, 'fitness': 0.058305492920948276, 'generation': 38}","{'id': 2054, 'rank': 28, 'fitness': 0.058305492920948276, 'generation': 38}","{'id': 2064, 'rank': 29, 'fitness': 0.049162354645388096, 'generation': 38}","{'id': 2052, 'rank': 30, 'fitness': 0.01798620996209155, 'generation': 38}"
"{'id': 1956, 'rank': 1, 'fitness': 0.9820137900379085, 'generation': 39}","{'id': 2058, 'rank': 2, 'fitness': 0.9492371127460556, 'generation': 39}","{'id': 2086, 'rank': 3, 'fitness': 0.9102680675883185, 'generation': 39}","{'id': 1902, 'rank': 4, 'fitness': 0.9074663066329921, 'generation': 39}","{'id': 1902, 'rank': 5, 'fitness': 0.9074663066329921, 'generation': 39}","{'id': 1902, 'rank': 6, 'fitness': 0.9074663066329921, 'generation': 39}","{'id': 2108, 'rank': 7, 'fitness': 0.8898110388279343, 'generation': 39}","{'id': 2108, 'rank': 8, 'fitness': 0.8898110388279343, 'generation': 39}","{'id': 2084, 'rank': 9, 'fitness': 0.7954651623617685, 'generation': 39}","{'id': 2084, 'rank': 10, 'fitness': 0.7954651623617685, 'generation': 39}","{'id': 2082, 'rank': 11, 'fitness': 0.7421120887037577, 'generation': 39}","{'id': 1984, 'rank': 12, 'fitness': 0.7191777907147618, 'generation': 39}","{'id': 2087, 'rank': 13, 'fitness': 0.5844734061268083, 'generation': 39}","{'id': 2092, 'rank': 14, 'fitness': 0.47069534552584147, 'generation': 39}","{'id': 1994, 'rank': 15, 'fitness': 0.34926404064504046, 'generation': 39}","{'id': 2037, 'rank': 16, 'fitness': 0.28619890126177516, 'generation': 39}","{'id': 2107, 'rank': 17, 'fitness': 0.19405159681022427, 'generation': 39}","{'id': 2107, 'rank': 18, 'fitness': 0.19405159681022427, 'generation': 39}","{'id': 2107, 'rank': 19, 'fitness': 0.19405159681022427, 'generation': 39}","{'id': 2088, 'rank': 20, 'fitness': 0.19290528324057693, 'generation': 39}","{'id': 2114, 'rank': 21, 'fitness': 0.14067814830252046, 'generation': 39}","{'id': 2103, 'rank': 22, 'fitness': 0.1343960682958082, 'generation': 39}","{'id': 2112, 'rank': 23, 'fitness': 0.08863934115263894, 'generation': 39}","{'id': 2022, 'rank': 24, 'fitness': 0.08160090493963174, 'generation': 39}","{'id': 2122, 'rank': 25, 'fitness': 0.08157369440525353, 'generation': 39}","{'id': 2081, 'rank': 26, 'fitness': 0.04845900317234131, 'generation': 39}","{'id': 2115, 'rank': 27, 'fitness': 0.0428840649872666, 'generation': 39}","{'id': 2095, 'rank': 28, 'fitness': 0.02114163963208615, 'generation': 39}","{'id': 2064, 'rank': 29, 'fitness': 0.020253729871713477, 'generation': 39}","{'id': 2089, 'rank': 30, 'fitness': 0.01798620996209155, 'generation': 39}"
"{'id': 1956, 'rank': 1, 'fitness': 0.9820137900379085, 'generation': 40}","{'id': 2156, 'rank': 2, 'fitness': 0.9490402938252642, 'generation': 40}","{'id': 2156, 'rank': 3, 'fitness': 0.9490402938252642, 'generation': 40}","{'id': 2183, 'rank': 4, 'fitness': 0.946825524437729, 'generation': 40}","{'id': 2183, 'rank': 5, 'fitness': 0.946825524437729, 'generation': 40}","{'id': 1902, 'rank': 6, 'fitness': 0.9311292290227657, 'generation': 40}","{'id': 2108, 'rank': 7, 'fitness': 0.920285019632956, 'generation': 40}","{'id': 2108, 'rank': 8, 'fitness': 0.920285019632956, 'generation': 40}","{'id': 2084, 'rank': 9, 'fitness': 0.8643895437329605, 'generation': 40}","{'id': 1984, 'rank': 10, 'fitness': 0.8194415884465234, 'generation': 40}","{'id': 1984, 'rank': 11, 'fitness': 0.8194415884465234, 'generation': 40}","{'id': 2159, 'rank': 12, 'fitness': 0.7819617905082146, 'generation': 40}","{'id': 2155, 'rank': 13, 'fitness': 0.7695066738755487, 'generation': 40}","{'id': 2175, 'rank': 14, 'fitness': 0.6646783373096594, 'generation': 40}","{'id': 2092, 'rank': 15, 'fitness': 0.6576046955529293, 'generation': 40}","{'id': 2176, 'rank': 16, 'fitness': 0.6184880325547587, 'generation': 40}","{'id': 2141, 'rank': 17, 'fitness': 0.5752919028689563, 'generation': 40}","{'id': 2182, 'rank': 18, 'fitness': 0.5740240151698226, 'generation': 40}","{'id': 1994, 'rank': 19, 'fitness': 0.5602413433462002, 'generation': 40}","{'id': 2181, 'rank': 20, 'fitness': 0.5493317669581079, 'generation': 40}","{'id': 2037, 'rank': 21, 'fitness': 0.5012600664411575, 'generation': 40}","{'id': 2178, 'rank': 22, 'fitness': 0.3279330701551647, 'generation': 40}","{'id': 2164, 'rank': 23, 'fitness': 0.32459715121847443, 'generation': 40}","{'id': 2171, 'rank': 24, 'fitness': 0.20577776638744255, 'generation': 40}","{'id': 2134, 'rank': 25, 'fitness': 0.17044322252633737, 'generation': 40}","{'id': 2148, 'rank': 26, 'fitness': 0.06900312926632213, 'generation': 40}","{'id': 2173, 'rank': 27, 'fitness': 0.0473382326170253, 'generation': 40}","{'id': 2138, 'rank': 28, 'fitness': 0.04317332192820794, 'generation': 40}","{'id': 2138, 'rank': 29, 'fitness': 0.04317332192820794, 'generation': 40}","{'id': 2172, 'rank': 30, 'fitness': 0.01798620996209155, 'generation': 40}"
"{'id': 2156, 'rank': 1, 'fitness': 0.9820137900379085, 'generation': 41}","{'id': 2156, 'rank': 2, 'fitness': 0.9820137900379085, 'generation': 41}","{'id': 2183, 'rank': 3, 'fitness': 0.9810864303571678, 'generation': 41}","{'id': 2108, 'rank': 4, 'fitness': 0.9693580472057055, 'generation': 41}","{'id': 2226, 'rank': 5, 'fitness': 0.9383367287437898, 'generation': 41}","{'id': 1984, 'rank': 6, 'fitness': 0.9159634571771016, 'generation': 41}","{'id': 1984, 'rank': 7, 'fitness': 0.9159634571771016, 'generation': 41}","{'id': 1984, 'rank': 8, 'fitness': 0.9159634571771016, 'generation': 41}","{'id': 2155, 'rank': 9, 'fitness': 0.8847613866734039, 'generation': 41}","{'id': 2155, 'rank': 10, 'fitness': 0.8847613866734039, 'generation': 41}","{'id': 2155, 'rank': 11, 'fitness': 0.8847613866734039, 'generation': 41}","{'id': 2176, 'rank': 12, 'fitness': 0.7709848861567881, 'generation': 41}","{'id': 2176, 'rank': 13, 'fitness': 0.7709848861567881, 'generation': 41}","{'id': 2182, 'rank': 14, 'fitness': 0.7316329096580434, 'generation': 41}","{'id': 2228, 'rank': 15, 'fitness': 0.7212245678154342, 'generation': 41}","{'id': 2193, 'rank': 16, 'fitness': 0.6694689971106076, 'generation': 41}","{'id': 2213, 'rank': 17, 'fitness': 0.5123519706375318, 'generation': 41}","{'id': 2213, 'rank': 18, 'fitness': 0.5123519706375318, 'generation': 41}","{'id': 2178, 'rank': 19, 'fitness': 0.4609785633324353, 'generation': 41}","{'id': 2189, 'rank': 20, 'fitness': 0.4595439008979918, 'generation': 41}","{'id': 2189, 'rank': 21, 'fitness': 0.4595439008979918, 'generation': 41}","{'id': 2238, 'rank': 22, 'fitness': 0.4577736149401791, 'generation': 41}","{'id': 2212, 'rank': 23, 'fitness': 0.4151078768082723, 'generation': 41}","{'id': 2229, 'rank': 24, 'fitness': 0.40151886796774694, 'generation': 41}","{'id': 2197, 'rank': 25, 'fitness': 0.203842489396663, 'generation': 41}","{'id': 2220, 'rank': 26, 'fitness': 0.13959385018571313, 'generation': 41}","{'id': 2148, 'rank': 27, 'fitness': 0.09053177944407942, 'generation': 41}","{'id': 2235, 'rank': 28, 'fitness': 0.07324922384818233, 'generation': 41}","{'id': 2227, 'rank': 29, 'fitness': 0.0720380573019988, 'generation': 41}","{'id': 2239, 'rank': 30, 'fitness': 0.01798620996209155, 'generation': 41}"
"{'id': 2270, 'rank': 1, 'fitness': 0.9820137900379085, 'generation': 42}","{'id': 2270, 'rank': 2, 'fitness': 0.9820137900379085, 'generation': 42}","{'id': 2276, 'rank': 3, 'fitness': 0.9386047192968643, 'generation': 42}","{'id': 2156, 'rank': 4, 'fitness': 0.9332795752140257, 'generation': 42}","{'id': 2156, 'rank': 5, 'fitness': 0.9332795752140257, 'generation': 42}","{'id': 2156, 'rank': 6, 'fitness': 0.9332795752140257, 'generation': 42}","{'id': 2108, 'rank': 7, 'fitness': 0.8948078162310644, 'generation': 42}","{'id': 2226, 'rank': 8, 'fitness': 0.8136390233806102, 'generation': 42}","{'id': 1984, 'rank': 9, 'fitness': 0.7630920917911834, 'generation': 42}","{'id': 2155, 'rank': 10, 'fitness': 0.7006402565398466, 'generation': 42}","{'id': 2251, 'rank': 11, 'fitness': 0.650961016303663, 'generation': 42}","{'id': 2244, 'rank': 12, 'fitness': 0.6118007567062187, 'generation': 42}","{'id': 2252, 'rank': 13, 'fitness': 0.3148303307996254, 'generation': 42}","{'id': 2261, 'rank': 14, 'fitness': 0.2769340022568099, 'generation': 42}","{'id': 2213, 'rank': 15, 'fitness': 0.2764191961190904, 'generation': 42}","{'id': 2213, 'rank': 16, 'fitness': 0.2764191961190904, 'generation': 42}","{'id': 2253, 'rank': 17, 'fitness': 0.2607878511459466, 'generation': 42}","{'id': 2253, 'rank': 18, 'fitness': 0.2607878511459466, 'generation': 42}","{'id': 2253, 'rank': 19, 'fitness': 0.2607878511459466, 'generation': 42}","{'id': 2212, 'rank': 20, 'fitness': 0.21084575299204672, 'generation': 42}","{'id': 2229, 'rank': 21, 'fitness': 0.20244193808756838, 'generation': 42}","{'id': 2301, 'rank': 22, 'fitness': 0.12967191497822095, 'generation': 42}","{'id': 2249, 'rank': 23, 'fitness': 0.1281255325253186, 'generation': 42}","{'id': 2305, 'rank': 24, 'fitness': 0.087260792556286, 'generation': 42}","{'id': 2302, 'rank': 25, 'fitness': 0.08559774630706318, 'generation': 42}","{'id': 2307, 'rank': 26, 'fitness': 0.043673796426176414, 'generation': 42}","{'id': 2267, 'rank': 27, 'fitness': 0.03820997793497105, 'generation': 42}","{'id': 2299, 'rank': 28, 'fitness': 0.03564288847653113, 'generation': 42}","{'id': 2255, 'rank': 29, 'fitness': 0.021577135303114392, 'generation': 42}","{'id': 2275, 'rank': 30, 'fitness': 0.01798620996209155, 'generation': 42}"
"{'id': 2270, 'rank': 1, 'fitness': 0.9820137900379085, 'generation': 43}","{'id': 2325, 'rank': 2, 'fitness': 0.9653580996874025, 'generation': 43}","{'id': 2276, 'rank': 3, 'fitness': 0.9298592500407901, 'generation': 43}","{'id': 2156, 'rank': 4, 'fitness': 0.9231340104991215, 'generation': 43}","{'id': 2156, 'rank': 5, 'fitness': 0.9231340104991215, 'generation': 43}","{'id': 2156, 'rank': 6, 'fitness': 0.9231340104991215, 'generation': 43}","{'id': 2372, 'rank': 7, 'fitness': 0.8079186660001952, 'generation': 43}","{'id': 2226, 'rank': 8, 'fitness': 0.7669151662700349, 'generation': 43}","{'id': 2226, 'rank': 9, 'fitness': 0.7669151662700349, 'generation': 43}","{'id': 2324, 'rank': 10, 'fitness': 0.7127622626576395, 'generation': 43}","{'id': 2324, 'rank': 11, 'fitness': 0.7127622626576395, 'generation': 43}","{'id': 1984, 'rank': 12, 'fitness': 0.7011534622972839, 'generation': 43}","{'id': 2352, 'rank': 13, 'fitness': 0.7009108135267101, 'generation': 43}","{'id': 2319, 'rank': 14, 'fitness': 0.6565059011842067, 'generation': 43}","{'id': 2319, 'rank': 15, 'fitness': 0.6565059011842067, 'generation': 43}","{'id': 2330, 'rank': 16, 'fitness': 0.5833073644635506, 'generation': 43}","{'id': 2357, 'rank': 17, 'fitness': 0.5166721180312159, 'generation': 43}","{'id': 2244, 'rank': 18, 'fitness': 0.5144805246444398, 'generation': 43}","{'id': 2337, 'rank': 19, 'fitness': 0.502679913955678, 'generation': 43}","{'id': 2252, 'rank': 20, 'fitness': 0.2120539642413991, 'generation': 43}","{'id': 2321, 'rank': 21, 'fitness': 0.192501883246596, 'generation': 43}","{'id': 2213, 'rank': 22, 'fitness': 0.17976705026224815, 'generation': 43}","{'id': 2213, 'rank': 23, 'fitness': 0.17976705026224815, 'generation': 43}","{'id': 2322, 'rank': 24, 'fitness': 0.11338830398172506, 'generation': 43}","{'id': 2316, 'rank': 25, 'fitness': 0.07658753799840406, 'generation': 43}","{'id': 2316, 'rank': 26, 'fitness': 0.07658753799840406, 'generation': 43}","{'id': 2331, 'rank': 27, 'fitness': 0.06207321675160704, 'generation': 43}","{'id': 2359, 'rank': 28, 'fitness': 0.06120846559991211, 'generation': 43}","{'id': 2346, 'rank': 29, 'fitness': 0.04265551225277875, 'generation': 43}","{'id': 2329, 'rank': 30, 'fitness': 0.01798620996209155, 'generation': 43}"
"{'id': 2276, 'rank': 1, 'fitness': 0.9820137900379085, 'generation': 44}","{'id': 2156, 'rank': 2, 'fitness': 0.9796976075273254, 'generation': 44}","{'id': 2156, 'rank': 3, 'fitness': 0.9796976075273254, 'generation': 44}","{'id': 2156, 'rank': 4, 'fitness': 0.9796976075273254, 'generation': 44}","{'id': 2386, 'rank': 5, 'fitness': 0.9785608942607692, 'generation': 44}","{'id': 2415, 'rank': 6, 'fitness': 0.9717263371267071, 'generation': 44}","{'id': 2417, 'rank': 7, 'fitness': 0.9595942624699505, 'generation': 44}","{'id': 2416, 'rank': 8, 'fitness': 0.9399956401598839, 'generation': 44}","{'id': 2409, 'rank': 9, 'fitness': 0.9326279746039554, 'generation': 44}","{'id': 2395, 'rank': 10, 'fitness': 0.8954464881334923, 'generation': 44}","{'id': 2324, 'rank': 11, 'fitness': 0.8705537662695396, 'generation': 44}","{'id': 2324, 'rank': 12, 'fitness': 0.8705537662695396, 'generation': 44}","{'id': 2324, 'rank': 13, 'fitness': 0.8705537662695396, 'generation': 44}","{'id': 1984, 'rank': 14, 'fitness': 0.8624546061758146, 'generation': 44}","{'id': 2352, 'rank': 15, 'fitness': 0.8622828799893943, 'generation': 44}","{'id': 2352, 'rank': 16, 'fitness': 0.8622828799893943, 'generation': 44}","{'id': 2319, 'rank': 17, 'fitness': 0.829146940083318, 'generation': 44}","{'id': 2319, 'rank': 18, 'fitness': 0.829146940083318, 'generation': 44}","{'id': 2431, 'rank': 19, 'fitness': 0.7270306098173899, 'generation': 44}","{'id': 2431, 'rank': 20, 'fitness': 0.7270306098173899, 'generation': 44}","{'id': 2337, 'rank': 21, 'fitness': 0.6864281160878605, 'generation': 44}","{'id': 2420, 'rank': 22, 'fitness': 0.4771089432303371, 'generation': 44}","{'id': 2411, 'rank': 23, 'fitness': 0.310972438726551, 'generation': 44}","{'id': 2414, 'rank': 24, 'fitness': 0.2523855791046335, 'generation': 44}","{'id': 2213, 'rank': 25, 'fitness': 0.2447339120046254, 'generation': 44}","{'id': 2432, 'rank': 26, 'fitness': 0.2110533316993074, 'generation': 44}","{'id': 2322, 'rank': 27, 'fitness': 0.14184221488119592, 'generation': 44}","{'id': 2428, 'rank': 28, 'fitness': 0.08722307735179885, 'generation': 44}","{'id': 2331, 'rank': 29, 'fitness': 0.06765099475530595, 'generation': 44}","{'id': 2381, 'rank': 30, 'fitness': 0.01798620996209155, 'generation': 44}"
"{'id': 2462, 'rank': 1, 'fitness': 0.9820137900379085, 'generation': 45}","{'id': 2156, 'rank': 2, 'fitness': 0.9447302037031151, 'generation': 45}","{'id': 2156, 'rank': 3, 'fitness': 0.9447302037031151, 'generation': 45}","{'id': 2156, 'rank': 4, 'fitness': 0.9447302037031151, 'generation': 45}","{'id': 2415, 'rank': 5, 'fitness': 0.9291742518242432, 'generation': 45}","{'id': 2324, 'rank': 6, 'fitness': 0.7862001084655044, 'generation': 45}","{'id': 2324, 'rank': 7, 'fitness': 0.7862001084655044, 'generation': 45}","{'id': 1984, 'rank': 8, 'fitness': 0.7768779824117473, 'generation': 45}","{'id': 2352, 'rank': 9, 'fitness': 0.7766823760878881, 'generation': 45}","{'id': 2352, 'rank': 10, 'fitness': 0.7766823760878881, 'generation': 45}","{'id': 2352, 'rank': 11, 'fitness': 0.7766823760878881, 'generation': 45}","{'id': 2454, 'rank': 12, 'fitness': 0.7154158826335009, 'generation': 45}","{'id': 2493, 'rank': 13, 'fitness': 0.6757618681500553, 'generation': 45}","{'id': 2474, 'rank': 14, 'fitness': 0.4552982181575455, 'generation': 45}","{'id': 2484, 'rank': 15, 'fitness': 0.2798790683655789, 'generation': 45}","{'id': 2448, 'rank': 16, 'fitness': 0.266501006997158, 'generation': 45}","{'id': 2432, 'rank': 17, 'fitness': 0.229361046186844, 'generation': 45}","{'id': 2452, 'rank': 18, 'fitness': 0.20078720202794603, 'generation': 45}","{'id': 2452, 'rank': 19, 'fitness': 0.20078720202794603, 'generation': 45}","{'id': 2481, 'rank': 20, 'fitness': 0.13528330899337548, 'generation': 45}","{'id': 2428, 'rank': 21, 'fitness': 0.11768172244094088, 'generation': 45}","{'id': 2442, 'rank': 22, 'fitness': 0.07375444392560049, 'generation': 45}","{'id': 2442, 'rank': 23, 'fitness': 0.07375444392560049, 'generation': 45}","{'id': 2478, 'rank': 24, 'fitness': 0.05312799352662745, 'generation': 45}","{'id': 2465, 'rank': 25, 'fitness': 0.042472905203036815, 'generation': 45}","{'id': 2476, 'rank': 26, 'fitness': 0.04164788674230768, 'generation': 45}","{'id': 2381, 'rank': 27, 'fitness': 0.03548175943433135, 'generation': 45}","{'id': 2436, 'rank': 28, 'fitness': 0.033685631641021174, 'generation': 45}","{'id': 2485, 'rank': 29, 'fitness': 0.020920417686337678, 'generation': 45}","{'id': 2447, 'rank': 30, 'fitness': 0.01798620996209155, 'generation': 45}"
"{'id': 2156, 'rank': 1, 'fitness': 0.9820137900379085, 'generation': 46}","{'id': 2156, 'rank': 2, 'fitness': 0.9820137900379085, 'generation': 46}","{'id': 2156, 'rank': 3, 'fitness': 0.9820137900379085, 'generation': 46}","{'id': 1984, 'rank': 4, 'fitness': 0.8904924385681963, 'generation': 46}","{'id': 2352, 'rank': 5, 'fitness': 0.8903607122730136, 'generation': 46}","{'id': 2352, 'rank': 6, 'fitness': 0.8903607122730136, 'generation': 46}","{'id': 2494, 'rank': 7, 'fitness': 0.8533775659667635, 'generation': 46}","{'id': 2508, 'rank': 8, 'fitness': 0.7952506542561256, 'generation': 46}","{'id': 2504, 'rank': 9, 'fitness': 0.6571559528276695, 'generation': 46}","{'id': 2504, 'rank': 10, 'fitness': 0.6571559528276695, 'generation': 46}","{'id': 2496, 'rank': 11, 'fitness': 0.6030681086886964, 'generation': 46}","{'id': 2474, 'rank': 12, 'fitness': 0.5958358088330928, 'generation': 46}","{'id': 2514, 'rank': 13, 'fitness': 0.48378029281968926, 'generation': 46}","{'id': 2448, 'rank': 14, 'fitness': 0.3522931333436029, 'generation': 46}","{'id': 2534, 'rank': 15, 'fitness': 0.33777636494829366, 'generation': 46}","{'id': 2432, 'rank': 16, 'fitness': 0.29991489481600997, 'generation': 46}","{'id': 2525, 'rank': 17, 'fitness': 0.23207447173970558, 'generation': 46}","{'id': 2531, 'rank': 18, 'fitness': 0.15347707222807722, 'generation': 46}","{'id': 2515, 'rank': 19, 'fitness': 0.14619701945731944, 'generation': 46}","{'id': 2527, 'rank': 20, 'fitness': 0.10557265274314087, 'generation': 46}","{'id': 2520, 'rank': 21, 'fitness': 0.08467749256150076, 'generation': 46}","{'id': 2509, 'rank': 22, 'fitness': 0.0739931811756464, 'generation': 46}","{'id': 2478, 'rank': 23, 'fitness': 0.05496172981734959, 'generation': 46}","{'id': 2478, 'rank': 24, 'fitness': 0.05496172981734959, 'generation': 46}","{'id': 2536, 'rank': 25, 'fitness': 0.054222012531279506, 'generation': 46}","{'id': 2528, 'rank': 26, 'fitness': 0.05332026622567876, 'generation': 46}","{'id': 2517, 'rank': 27, 'fitness': 0.04758492435220152, 'generation': 46}","{'id': 2465, 'rank': 28, 'fitness': 0.04205280334846451, 'generation': 46}","{'id': 2436, 'rank': 29, 'fitness': 0.03185434104228091, 'generation': 46}","{'id': 2485, 'rank': 30, 'fitness': 0.01798620996209155, 'generation': 46}"
"{'id': 2578, 'rank': 1, 'fitness': 0.9820137900379085, 'generation': 47}","{'id': 2578, 'rank': 2, 'fitness': 0.9820137900379085, 'generation': 47}","{'id': 2594, 'rank': 3, 'fitness': 0.8900446543058937, 'generation': 47}","{'id': 2553, 'rank': 4, 'fitness': 0.8666356285585245, 'generation': 47}","{'id': 2553, 'rank': 5, 'fitness': 0.8666356285585245, 'generation': 47}","{'id': 2156, 'rank': 6, 'fitness': 0.8279693591536321, 'generation': 47}","{'id': 2156, 'rank': 7, 'fitness': 0.8279693591536321, 'generation': 47}","{'id': 2156, 'rank': 8, 'fitness': 0.8279693591536321, 'generation': 47}","{'id': 2156, 'rank': 9, 'fitness': 0.8279693591536321, 'generation': 47}","{'id': 2598, 'rank': 10, 'fitness': 0.6428273834443728, 'generation': 47}","{'id': 1984, 'rank': 11, 'fitness': 0.5260256614260141, 'generation': 47}","{'id': 2494, 'rank': 12, 'fitness': 0.4617070101432763, 'generation': 47}","{'id': 2589, 'rank': 13, 'fitness': 0.27281260319524103, 'generation': 47}","{'id': 2546, 'rank': 14, 'fitness': 0.2721015558222423, 'generation': 47}","{'id': 2546, 'rank': 15, 'fitness': 0.2721015558222423, 'generation': 47}","{'id': 2504, 'rank': 16, 'fitness': 0.2671347561036246, 'generation': 47}","{'id': 2585, 'rank': 17, 'fitness': 0.20713281907410425, 'generation': 47}","{'id': 2573, 'rank': 18, 'fitness': 0.2016785300615399, 'generation': 47}","{'id': 2514, 'rank': 19, 'fitness': 0.1735745574423826, 'generation': 47}","{'id': 2550, 'rank': 20, 'fitness': 0.1626019693120584, 'generation': 47}","{'id': 2525, 'rank': 21, 'fitness': 0.0807316971081865, 'generation': 47}","{'id': 2548, 'rank': 22, 'fitness': 0.07128163818455979, 'generation': 47}","{'id': 2547, 'rank': 23, 'fitness': 0.06510421017908574, 'generation': 47}","{'id': 2583, 'rank': 24, 'fitness': 0.05610675612445437, 'generation': 47}","{'id': 2545, 'rank': 25, 'fitness': 0.03744496881956999, 'generation': 47}","{'id': 2545, 'rank': 26, 'fitness': 0.03744496881956999, 'generation': 47}","{'id': 2599, 'rank': 27, 'fitness': 0.034781260498337296, 'generation': 47}","{'id': 2599, 'rank': 28, 'fitness': 0.034781260498337296, 'generation': 47}","{'id': 2561, 'rank': 29, 'fitness': 0.02811020996560981, 'generation': 47}","{'id': 2571, 'rank': 30, 'fitness': 0.01798620996209155, 'generation': 47}"
"{'id': 2578, 'rank': 1, 'fitness': 0.9820137900379085, 'generation': 48}","{'id': 2578, 'rank': 2, 'fitness': 0.9820137900379085, 'generation': 48}","{'id': 2605, 'rank': 3, 'fitness': 0.9669716436652198, 'generation': 48}","{'id': 2605, 'rank': 4, 'fitness': 0.9669716436652198, 'generation': 48}","{'id': 2631, 'rank': 5, 'fitness': 0.8831980170006772, 'generation': 48}","{'id': 2633, 'rank': 6, 'fitness': 0.8716239746358743, 'generation': 48}","{'id': 2633, 'rank': 7, 'fitness': 0.8716239746358743, 'generation': 48}","{'id': 2156, 'rank': 8, 'fitness': 0.8450860465466299, 'generation': 48}","{'id': 2598, 'rank': 9, 'fitness': 0.6821469109305336, 'generation': 48}","{'id': 2598, 'rank': 10, 'fitness': 0.6821469109305336, 'generation': 48}","{'id': 2625, 'rank': 11, 'fitness': 0.67389426428248, 'generation': 48}","{'id': 1984, 'rank': 12, 'fitness': 0.5756963486490763, 'generation': 48}","{'id': 2617, 'rank': 13, 'fitness': 0.5313611268074706, 'generation': 48}","{'id': 2604, 'rank': 14, 'fitness': 0.5177071824053754, 'generation': 48}","{'id': 2638, 'rank': 15, 'fitness': 0.4920637407907299, 'generation': 48}","{'id': 2610, 'rank': 16, 'fitness': 0.46800482889084616, 'generation': 48}","{'id': 2589, 'rank': 17, 'fitness': 0.3266173113888968, 'generation': 48}","{'id': 2546, 'rank': 18, 'fitness': 0.32586950585079877, 'generation': 48}","{'id': 2504, 'rank': 19, 'fitness': 0.3206365051410135, 'generation': 48}","{'id': 2504, 'rank': 20, 'fitness': 0.3206365051410135, 'generation': 48}","{'id': 2585, 'rank': 21, 'fitness': 0.2560205958035003, 'generation': 48}","{'id': 2573, 'rank': 22, 'fitness': 0.25000860580383655, 'generation': 48}","{'id': 2612, 'rank': 23, 'fitness': 0.11235227690138438, 'generation': 48}","{'id': 2545, 'rank': 24, 'fitness': 0.05350684042927123, 'generation': 48}","{'id': 2643, 'rank': 25, 'fitness': 0.0482931897462478, 'generation': 48}","{'id': 2622, 'rank': 26, 'fitness': 0.042199083334203635, 'generation': 48}","{'id': 2627, 'rank': 27, 'fitness': 0.03429616273104247, 'generation': 48}","{'id': 2613, 'rank': 28, 'fitness': 0.027354288630421497, 'generation': 48}","{'id': 2602, 'rank': 29, 'fitness': 0.019504877143135813, 'generation': 48}","{'id': 2642, 'rank': 30, 'fitness': 0.01798620996209155, 'generation': 48}"
"{'id': 2605, 'rank': 1, 'fitness': 0.9820137900379085, 'generation': 49}","{'id': 2605, 'rank': 2, 'fitness': 0.9820137900379085, 'generation': 49}","{'id': 2631, 'rank': 3, 'fitness': 0.917342201694205, 'generation': 49}","{'id': 2631, 'rank': 4, 'fitness': 0.917342201694205, 'generation': 49}","{'id': 2631, 'rank': 5, 'fitness': 0.917342201694205, 'generation': 49}","{'id': 2633, 'rank': 6, 'fitness': 0.907211020356824, 'generation': 49}","{'id': 2633, 'rank': 7, 'fitness': 0.907211020356824, 'generation': 49}","{'id': 2156, 'rank': 8, 'fitness': 0.8831400801647588, 'generation': 49}","{'id': 2649, 'rank': 9, 'fitness': 0.8472494335210963, 'generation': 49}","{'id': 2598, 'rank': 10, 'fitness': 0.7159680947059305, 'generation': 49}","{'id': 2625, 'rank': 11, 'fitness': 0.7068339720769395, 'generation': 49}","{'id': 2655, 'rank': 12, 'fitness': 0.6574354320846304, 'generation': 49}","{'id': 2655, 'rank': 13, 'fitness': 0.6574354320846304, 'generation': 49}","{'id': 2617, 'rank': 14, 'fitness': 0.5432970181669443, 'generation': 49}","{'id': 2682, 'rank': 15, 'fitness': 0.5395872931323173, 'generation': 49}","{'id': 2610, 'rank': 16, 'fitness': 0.4687813956727968, 'generation': 49}","{'id': 2697, 'rank': 17, 'fitness': 0.4140151573796676, 'generation': 49}","{'id': 2681, 'rank': 18, 'fitness': 0.30850848619967797, 'generation': 49}","{'id': 2665, 'rank': 19, 'fitness': 0.30086956032778644, 'generation': 49}","{'id': 2692, 'rank': 20, 'fitness': 0.19048912524823386, 'generation': 49}","{'id': 2688, 'rank': 21, 'fitness': 0.11395522392531987, 'generation': 49}","{'id': 2688, 'rank': 22, 'fitness': 0.11395522392531987, 'generation': 49}","{'id': 2710, 'rank': 23, 'fitness': 0.09302558584448778, 'generation': 49}","{'id': 2710, 'rank': 24, 'fitness': 0.09302558584448778, 'generation': 49}","{'id': 2612, 'rank': 25, 'fitness': 0.08265444983821568, 'generation': 49}","{'id': 2705, 'rank': 26, 'fitness': 0.0748223135790278, 'generation': 49}","{'id': 2702, 'rank': 27, 'fitness': 0.05098958757423905, 'generation': 49}","{'id': 2667, 'rank': 28, 'fitness': 0.04178773840597938, 'generation': 49}","{'id': 2703, 'rank': 29, 'fitness': 0.022028293400650212, 'generation': 49}","{'id': 2693, 'rank': 30, 'fitness': 0.01798620996209155, 'generation': 49}"
"{'id': 2605, 'rank': 1, 'fitness': 0.9820137900379085, 'generation': 50}","{'id': 2605, 'rank': 2, 'fitness': 0.9820137900379085, 'generation': 50}","{'id': 2605, 'rank': 3, 'fitness': 0.9820137900379085, 'generation': 50}","{'id': 2631, 'rank': 4, 'fitness': 0.9130422467514706, 'generation': 50}","{'id': 2631, 'rank': 5, 'fitness': 0.9130422467514706, 'generation': 50}","{'id': 2631, 'rank': 6, 'fitness': 0.9130422467514706, 'generation': 50}","{'id': 2633, 'rank': 7, 'fitness': 0.9020513549239291, 'generation': 50}","{'id': 2716, 'rank': 8, 'fitness': 0.8593064964832929, 'generation': 50}","{'id': 2649, 'rank': 9, 'fitness': 0.8366696861985571, 'generation': 50}","{'id': 2598, 'rank': 10, 'fitness': 0.6937237708799311, 'generation': 50}","{'id': 2598, 'rank': 11, 'fitness': 0.6937237708799311, 'generation': 50}","{'id': 2625, 'rank': 12, 'fitness': 0.6838553828611658, 'generation': 50}","{'id': 2758, 'rank': 13, 'fitness': 0.6515065432800544, 'generation': 50}","{'id': 2728, 'rank': 14, 'fitness': 0.5901885364678748, 'generation': 50}","{'id': 2697, 'rank': 15, 'fitness': 0.37787176646026227, 'generation': 50}","{'id': 2740, 'rank': 16, 'fitness': 0.27768187382614407, 'generation': 50}","{'id': 2764, 'rank': 17, 'fitness': 0.17844137155493045, 'generation': 50}","{'id': 2757, 'rank': 18, 'fitness': 0.10356193260706298, 'generation': 50}","{'id': 2773, 'rank': 19, 'fitness': 0.09003475789885373, 'generation': 50}","{'id': 2771, 'rank': 20, 'fitness': 0.08500873325903696, 'generation': 50}","{'id': 2710, 'rank': 21, 'fitness': 0.07617011268387197, 'generation': 50}","{'id': 2710, 'rank': 22, 'fitness': 0.07617011268387197, 'generation': 50}","{'id': 2727, 'rank': 23, 'fitness': 0.05404220170442042, 'generation': 50}","{'id': 2723, 'rank': 24, 'fitness': 0.04676199486987931, 'generation': 50}","{'id': 2760, 'rank': 25, 'fitness': 0.046134556161645635, 'generation': 50}","{'id': 2742, 'rank': 26, 'fitness': 0.03983993376880912, 'generation': 50}","{'id': 2667, 'rank': 27, 'fitness': 0.03290952832483224, 'generation': 50}","{'id': 2725, 'rank': 28, 'fitness': 0.02092403987062913, 'generation': 50}","{'id': 2756, 'rank': 29, 'fitness': 0.019277134599882007, 'generation': 50}","{'id': 2739, 'rank': 30, 'fitness': 0.01798620996209155, 'generation': 50}"
"{'id': 2605, 'rank': 1, 'fitness': 0.9820137900379085, 'generation': 51}","{'id': 2631, 'rank': 2, 'fitness': 0.9213582354194316, 'generation': 51}","{'id': 2631, 'rank': 3, 'fitness': 0.9213582354194316, 'generation': 51}","{'id': 2631, 'rank': 4, 'fitness': 0.9213582354194316, 'generation': 51}","{'id': 2789, 'rank': 5, 'fitness': 0.9052177112769735, 'generation': 51}","{'id': 2716, 'rank': 6, 'fitness': 0.8760063677315023, 'generation': 51}","{'id': 2793, 'rank': 7, 'fitness': 0.7867396693048053, 'generation': 51}","{'id': 2807, 'rank': 8, 'fitness': 0.7461994092782716, 'generation': 51}","{'id': 2598, 'rank': 9, 'fitness': 0.7367459702011017, 'generation': 51}","{'id': 2598, 'rank': 10, 'fitness': 0.7367459702011017, 'generation': 51}","{'id': 2598, 'rank': 11, 'fitness': 0.7367459702011017, 'generation': 51}","{'id': 2625, 'rank': 12, 'fitness': 0.7283256658289514, 'generation': 51}","{'id': 2625, 'rank': 13, 'fitness': 0.7283256658289514, 'generation': 51}","{'id': 2784, 'rank': 14, 'fitness': 0.31530651220212447, 'generation': 51}","{'id': 2784, 'rank': 15, 'fitness': 0.31530651220212447, 'generation': 51}","{'id': 2815, 'rank': 16, 'fitness': 0.20677312100926154, 'generation': 51}","{'id': 2812, 'rank': 17, 'fitness': 0.1764671218855985, 'generation': 51}","{'id': 2757, 'rank': 18, 'fitness': 0.14818402366064892, 'generation': 51}","{'id': 2819, 'rank': 19, 'fitness': 0.14362785471923423, 'generation': 51}","{'id': 2790, 'rank': 20, 'fitness': 0.12519379163355787, 'generation': 51}","{'id': 2790, 'rank': 21, 'fitness': 0.12519379163355787, 'generation': 51}","{'id': 2710, 'rank': 22, 'fitness': 0.11266592938833597, 'generation': 51}","{'id': 2821, 'rank': 23, 'fitness': 0.07266023005185973, 'generation': 51}","{'id': 2778, 'rank': 24, 'fitness': 0.06636442474045556, 'generation': 51}","{'id': 2778, 'rank': 25, 'fitness': 0.06636442474045556, 'generation': 51}","{'id': 2776, 'rank': 26, 'fitness': 0.05916315365516034, 'generation': 51}","{'id': 2725, 'rank': 27, 'fitness': 0.034750231309075175, 'generation': 51}","{'id': 2809, 'rank': 28, 'fitness': 0.03425921272183602, 'generation': 51}","{'id': 2792, 'rank': 29, 'fitness': 0.01858067084023929, 'generation': 51}","{'id': 2823, 'rank': 30, 'fitness': 0.01798620996209155, 'generation': 51}"
"{'id': 2631, 'rank': 1, 'fitness': 0.9820137900379085, 'generation': 52}","{'id': 2631, 'rank': 2, 'fitness': 0.9820137900379085, 'generation': 52}","{'id': 2631, 'rank': 3, 'fitness': 0.9820137900379085, 'generation': 52}","{'id': 2845, 'rank': 4, 'fitness': 0.9704424161103203, 'generation': 52}","{'id': 2716, 'rank': 5, 'fitness': 0.9673856771206277, 'generation': 52}","{'id': 2839, 'rank': 6, 'fitness': 0.9329091928160933, 'generation': 52}","{'id': 2793, 'rank': 7, 'fitness': 0.9312490028773948, 'generation': 52}","{'id': 2793, 'rank': 8, 'fitness': 0.9312490028773948, 'generation': 52}","{'id': 2807, 'rank': 9, 'fitness': 0.9115150853781625, 'generation': 52}","{'id': 2625, 'rank': 10, 'fitness': 0.9021137118455997, 'generation': 52}","{'id': 2625, 'rank': 11, 'fitness': 0.9021137118455997, 'generation': 52}","{'id': 2834, 'rank': 12, 'fitness': 0.8592669043899372, 'generation': 52}","{'id': 2878, 'rank': 13, 'fitness': 0.6931689037132426, 'generation': 52}","{'id': 2879, 'rank': 14, 'fitness': 0.5670242772784251, 'generation': 52}","{'id': 2856, 'rank': 15, 'fitness': 0.5460145394191914, 'generation': 52}","{'id': 2784, 'rank': 16, 'fitness': 0.5239658415198766, 'generation': 52}","{'id': 2881, 'rank': 17, 'fitness': 0.43088451111230863, 'generation': 52}","{'id': 2843, 'rank': 18, 'fitness': 0.38791504544995303, 'generation': 52}","{'id': 2869, 'rank': 19, 'fitness': 0.23871852518802855, 'generation': 52}","{'id': 2710, 'rank': 20, 'fitness': 0.18873774816436378, 'generation': 52}","{'id': 2836, 'rank': 21, 'fitness': 0.1606626810866919, 'generation': 52}","{'id': 2847, 'rank': 22, 'fitness': 0.15287007941301256, 'generation': 52}","{'id': 2870, 'rank': 23, 'fitness': 0.14989833822922372, 'generation': 52}","{'id': 2844, 'rank': 24, 'fitness': 0.11282711033794823, 'generation': 52}","{'id': 2778, 'rank': 25, 'fitness': 0.10358143605304049, 'generation': 52}","{'id': 2776, 'rank': 26, 'fitness': 0.09063737314642273, 'generation': 52}","{'id': 2867, 'rank': 27, 'fitness': 0.04185646334437537, 'generation': 52}","{'id': 2873, 'rank': 28, 'fitness': 0.034403003368269736, 'generation': 52}","{'id': 2840, 'rank': 29, 'fitness': 0.032129078827133783, 'generation': 52}","{'id': 2828, 'rank': 30, 'fitness': 0.01798620996209155, 'generation': 52}"
"{'id': 2631, 'rank': 1, 'fitness': 0.9820137900379085, 'generation': 53}","{'id': 2631, 'rank': 2, 'fitness': 0.9820137900379085, 'generation': 53}","{'id': 2631, 'rank': 3, 'fitness': 0.9820137900379085, 'generation': 53}","{'id': 2922, 'rank': 4, 'fitness': 0.9754629661623335, 'generation': 53}","{'id': 2845, 'rank': 5, 'fitness': 0.9702643860167257, 'generation': 53}","{'id': 2839, 'rank': 6, 'fitness': 0.931859990022412, 'generation': 53}","{'id': 2793, 'rank': 7, 'fitness': 0.9301550514524325, 'generation': 53}","{'id': 2625, 'rank': 8, 'fitness': 0.9001853939269276, 'generation': 53}","{'id': 2900, 'rank': 9, 'fitness': 0.8045303674760194, 'generation': 53}","{'id': 2900, 'rank': 10, 'fitness': 0.8045303674760194, 'generation': 53}","{'id': 2900, 'rank': 11, 'fitness': 0.8045303674760194, 'generation': 53}","{'id': 2887, 'rank': 12, 'fitness': 0.7023673324744695, 'generation': 53}","{'id': 2887, 'rank': 13, 'fitness': 0.7023673324744695, 'generation': 53}","{'id': 2878, 'rank': 14, 'fitness': 0.6848649789483734, 'generation': 53}","{'id': 2856, 'rank': 15, 'fitness': 0.5344836559803533, 'generation': 53}","{'id': 2881, 'rank': 16, 'fitness': 0.41816727388044556, 'generation': 53}","{'id': 2899, 'rank': 17, 'fitness': 0.3361646450309054, 'generation': 53}","{'id': 2912, 'rank': 18, 'fitness': 0.30758835687486485, 'generation': 53}","{'id': 2912, 'rank': 19, 'fitness': 0.30758835687486485, 'generation': 53}","{'id': 2909, 'rank': 20, 'fitness': 0.27673294857947606, 'generation': 53}","{'id': 2869, 'rank': 21, 'fitness': 0.22749642746618803, 'generation': 53}","{'id': 2913, 'rank': 22, 'fitness': 0.2143017400704152, 'generation': 53}","{'id': 2847, 'rank': 23, 'fitness': 0.14408431723993048, 'generation': 53}","{'id': 2778, 'rank': 24, 'fitness': 0.09682761411861962, 'generation': 53}","{'id': 2889, 'rank': 25, 'fitness': 0.0687449449311448, 'generation': 53}","{'id': 2903, 'rank': 26, 'fitness': 0.06266974208718135, 'generation': 53}","{'id': 2918, 'rank': 27, 'fitness': 0.05973117974482989, 'generation': 53}","{'id': 2891, 'rank': 28, 'fitness': 0.027151196368260022, 'generation': 53}","{'id': 2890, 'rank': 29, 'fitness': 0.02479698955829346, 'generation': 53}","{'id': 2919, 'rank': 30, 'fitness': 0.01798620996209155, 'generation': 53}"
"{'id': 2973, 'rank': 1, 'fitness': 0.9820137900379085, 'generation': 54}","{'id': 2631, 'rank': 2, 'fitness': 0.9470316757480948, 'generation': 54}","{'id': 2631, 'rank': 3, 'fitness': 0.9470316757480948, 'generation': 54}","{'id': 2979, 'rank': 4, 'fitness': 0.9447190698417434, 'generation': 54}","{'id': 2922, 'rank': 5, 'fitness': 0.9300735589798195, 'generation': 54}","{'id': 2922, 'rank': 6, 'fitness': 0.9300735589798195, 'generation': 54}","{'id': 2987, 'rank': 7, 'fitness': 0.9281337708972563, 'generation': 54}","{'id': 2839, 'rank': 8, 'fitness': 0.8310185759296684, 'generation': 54}","{'id': 2990, 'rank': 9, 'fitness': 0.8220445325260307, 'generation': 54}","{'id': 2974, 'rank': 10, 'fitness': 0.7330643459412604, 'generation': 54}","{'id': 2974, 'rank': 11, 'fitness': 0.7330643459412604, 'generation': 54}","{'id': 2900, 'rank': 12, 'fitness': 0.6161622376772173, 'generation': 54}","{'id': 2900, 'rank': 13, 'fitness': 0.6161622376772173, 'generation': 54}","{'id': 2900, 'rank': 14, 'fitness': 0.6161622376772173, 'generation': 54}","{'id': 2900, 'rank': 15, 'fitness': 0.6161622376772173, 'generation': 54}","{'id': 2887, 'rank': 16, 'fitness': 0.48866324585841137, 'generation': 54}","{'id': 2887, 'rank': 17, 'fitness': 0.48866324585841137, 'generation': 54}","{'id': 2942, 'rank': 18, 'fitness': 0.2775815195152786, 'generation': 54}","{'id': 2986, 'rank': 19, 'fitness': 0.2721922237234391, 'generation': 54}","{'id': 2948, 'rank': 20, 'fitness': 0.2575658736459514, 'generation': 54}","{'id': 2988, 'rank': 21, 'fitness': 0.2425957216963428, 'generation': 54}","{'id': 3002, 'rank': 22, 'fitness': 0.20681219155858394, 'generation': 54}","{'id': 2912, 'rank': 23, 'fitness': 0.1676395854751625, 'generation': 54}","{'id': 2958, 'rank': 24, 'fitness': 0.10769277754547563, 'generation': 54}","{'id': 2958, 'rank': 25, 'fitness': 0.10769277754547563, 'generation': 54}","{'id': 2970, 'rank': 26, 'fitness': 0.09571216957697448, 'generation': 54}","{'id': 2918, 'rank': 27, 'fitness': 0.031804200380516234, 'generation': 54}","{'id': 2918, 'rank': 28, 'fitness': 0.031804200380516234, 'generation': 54}","{'id': 2971, 'rank': 29, 'fitness': 0.020543499070909688, 'generation': 54}","{'id': 2996, 'rank': 30, 'fitness': 0.01798620996209155, 'generation': 54}"
"{'id': 3040, 'rank': 1, 'fitness': 0.9820137900379085, 'generation': 55}","{'id': 2631, 'rank': 2, 'fitness': 0.9754650036126091, 'generation': 55}","{'id': 2631, 'rank': 3, 'fitness': 0.9754650036126091, 'generation': 55}","{'id': 2922, 'rank': 4, 'fitness': 0.966243745474789, 'generation': 55}","{'id': 2839, 'rank': 5, 'fitness': 0.9045780810845185, 'generation': 55}","{'id': 2990, 'rank': 6, 'fitness': 0.898405182373856, 'generation': 55}","{'id': 2990, 'rank': 7, 'fitness': 0.898405182373856, 'generation': 55}","{'id': 2974, 'rank': 8, 'fitness': 0.832301853086705, 'generation': 55}","{'id': 2900, 'rank': 9, 'fitness': 0.7321698741827967, 'generation': 55}","{'id': 3011, 'rank': 10, 'fitness': 0.6806339008277021, 'generation': 55}","{'id': 3051, 'rank': 11, 'fitness': 0.5967620717125486, 'generation': 55}","{'id': 2986, 'rank': 12, 'fitness': 0.3515080051798054, 'generation': 55}","{'id': 2912, 'rank': 13, 'fitness': 0.21419069679653724, 'generation': 55}","{'id': 3066, 'rank': 14, 'fitness': 0.16376509659414507, 'generation': 55}","{'id': 3020, 'rank': 15, 'fitness': 0.14754331686389327, 'generation': 55}","{'id': 3019, 'rank': 16, 'fitness': 0.1369888400821654, 'generation': 55}","{'id': 2958, 'rank': 17, 'fitness': 0.13370273445690617, 'generation': 55}","{'id': 2958, 'rank': 18, 'fitness': 0.13370273445690617, 'generation': 55}","{'id': 3067, 'rank': 19, 'fitness': 0.11200421755162043, 'generation': 55}","{'id': 3031, 'rank': 20, 'fitness': 0.08057307219285331, 'generation': 55}","{'id': 3018, 'rank': 21, 'fitness': 0.07407777346425692, 'generation': 55}","{'id': 3042, 'rank': 22, 'fitness': 0.04675089942917621, 'generation': 55}","{'id': 3046, 'rank': 23, 'fitness': 0.04538712785508425, 'generation': 55}","{'id': 3007, 'rank': 24, 'fitness': 0.034372819482268224, 'generation': 55}","{'id': 3032, 'rank': 25, 'fitness': 0.029394093428884716, 'generation': 55}","{'id': 3050, 'rank': 26, 'fitness': 0.02393271185076351, 'generation': 55}","{'id': 3049, 'rank': 27, 'fitness': 0.022461910466178292, 'generation': 55}","{'id': 2971, 'rank': 28, 'fitness': 0.02162089472620765, 'generation': 55}","{'id': 3045, 'rank': 29, 'fitness': 0.0193774204210842, 'generation': 55}","{'id': 3021, 'rank': 30, 'fitness': 0.01798620996209155, 'generation': 55}"
"{'id': 3098, 'rank': 1, 'fitness': 0.9820137900379085, 'generation': 56}","{'id': 3099, 'rank': 2, 'fitness': 0.9736541663130898, 'generation': 56}","{'id': 3093, 'rank': 3, 'fitness': 0.9470676204904404, 'generation': 56}","{'id': 3040, 'rank': 4, 'fitness': 0.9441684824151593, 'generation': 56}","{'id': 3040, 'rank': 5, 'fitness': 0.9441684824151593, 'generation': 56}","{'id': 2839, 'rank': 6, 'fitness': 0.807209024956772, 'generation': 56}","{'id': 3113, 'rank': 7, 'fitness': 0.7298440980338222, 'generation': 56}","{'id': 3113, 'rank': 8, 'fitness': 0.7298440980338222, 'generation': 56}","{'id': 3113, 'rank': 9, 'fitness': 0.7298440980338222, 'generation': 56}","{'id': 3077, 'rank': 10, 'fitness': 0.6801860064359928, 'generation': 56}","{'id': 3081, 'rank': 11, 'fitness': 0.6674854053461501, 'generation': 56}","{'id': 3081, 'rank': 12, 'fitness': 0.6674854053461501, 'generation': 56}","{'id': 3011, 'rank': 13, 'fitness': 0.5602034725923096, 'generation': 56}","{'id': 3071, 'rank': 14, 'fitness': 0.4932963313497798, 'generation': 56}","{'id': 3071, 'rank': 15, 'fitness': 0.4932963313497798, 'generation': 56}","{'id': 3069, 'rank': 16, 'fitness': 0.24678822793494853, 'generation': 56}","{'id': 3066, 'rank': 17, 'fitness': 0.15957962015877758, 'generation': 56}","{'id': 3066, 'rank': 18, 'fitness': 0.15957962015877758, 'generation': 56}","{'id': 3020, 'rank': 19, 'fitness': 0.14680935170606563, 'generation': 56}","{'id': 3111, 'rank': 20, 'fitness': 0.13675669142823504, 'generation': 56}","{'id': 3087, 'rank': 21, 'fitness': 0.09860885543424858, 'generation': 56}","{'id': 3018, 'rank': 22, 'fitness': 0.08508938741697625, 'generation': 56}","{'id': 3018, 'rank': 23, 'fitness': 0.08508938741697625, 'generation': 56}","{'id': 3042, 'rank': 24, 'fitness': 0.059227804414248464, 'generation': 56}","{'id': 3042, 'rank': 25, 'fitness': 0.059227804414248464, 'generation': 56}","{'id': 3046, 'rank': 26, 'fitness': 0.05786397819752542, 'generation': 56}","{'id': 3046, 'rank': 27, 'fitness': 0.05786397819752542, 'generation': 56}","{'id': 3096, 'rank': 28, 'fitness': 0.0328550767464017, 'generation': 56}","{'id': 3110, 'rank': 29, 'fitness': 0.02608177331683198, 'generation': 56}","{'id': 3082, 'rank': 30, 'fitness': 0.01798620996209155, 'generation': 56}"
"{'id': 3098, 'rank': 1, 'fitness': 0.9820137900379085, 'generation': 57}","{'id': 3098, 'rank': 2, 'fitness': 0.9820137900379085, 'generation': 57}","{'id': 3098, 'rank': 3, 'fitness': 0.9820137900379085, 'generation': 57}","{'id': 3093, 'rank': 4, 'fitness': 0.9486169569054391, 'generation': 57}","{'id': 3152, 'rank': 5, 'fitness': 0.9032730732272528, 'generation': 57}","{'id': 2839, 'rank': 6, 'fitness': 0.8181880270880751, 'generation': 57}","{'id': 3150, 'rank': 7, 'fitness': 0.7460362853386102, 'generation': 57}","{'id': 3077, 'rank': 8, 'fitness': 0.6996850312098164, 'generation': 57}","{'id': 3120, 'rank': 9, 'fitness': 0.5990032946612093, 'generation': 57}","{'id': 3120, 'rank': 10, 'fitness': 0.5990032946612093, 'generation': 57}","{'id': 3120, 'rank': 11, 'fitness': 0.5990032946612093, 'generation': 57}","{'id': 3125, 'rank': 12, 'fitness': 0.5936387981542391, 'generation': 57}","{'id': 3011, 'rank': 13, 'fitness': 0.5860260202660601, 'generation': 57}","{'id': 3156, 'rank': 14, 'fitness': 0.5406903002084944, 'generation': 57}","{'id': 3132, 'rank': 15, 'fitness': 0.39438218140486836, 'generation': 57}","{'id': 3118, 'rank': 16, 'fitness': 0.29196572999948456, 'generation': 57}","{'id': 3069, 'rank': 17, 'fitness': 0.27446250491396484, 'generation': 57}","{'id': 3154, 'rank': 18, 'fitness': 0.2257772725431964, 'generation': 57}","{'id': 3154, 'rank': 19, 'fitness': 0.2257772725431964, 'generation': 57}","{'id': 3066, 'rank': 20, 'fitness': 0.18208040840670692, 'generation': 57}","{'id': 3111, 'rank': 21, 'fitness': 0.15731261475539182, 'generation': 57}","{'id': 3115, 'rank': 22, 'fitness': 0.13601756622724448, 'generation': 57}","{'id': 3119, 'rank': 23, 'fitness': 0.12408620154418976, 'generation': 57}","{'id': 3166, 'rank': 24, 'fitness': 0.09376311318016922, 'generation': 57}","{'id': 3122, 'rank': 25, 'fitness': 0.05417721306898138, 'generation': 57}","{'id': 3110, 'rank': 26, 'fitness': 0.03210783150759011, 'generation': 57}","{'id': 3162, 'rank': 27, 'fitness': 0.024866922506047384, 'generation': 57}","{'id': 3140, 'rank': 28, 'fitness': 0.02259903416361425, 'generation': 57}","{'id': 3082, 'rank': 29, 'fitness': 0.02241713653041638, 'generation': 57}","{'id': 3121, 'rank': 30, 'fitness': 0.01798620996209155, 'generation': 57}"
"{'id': 3098, 'rank': 1, 'fitness': 0.9820137900379085, 'generation': 58}","{'id': 3194, 'rank': 2, 'fitness': 0.9001046194606195, 'generation': 58}","{'id': 3194, 'rank': 3, 'fitness': 0.9001046194606195, 'generation': 58}","{'id': 3150, 'rank': 4, 'fitness': 0.7912954698541308, 'generation': 58}","{'id': 3077, 'rank': 5, 'fitness': 0.7542122837257916, 'generation': 58}","{'id': 3183, 'rank': 6, 'fitness': 0.7378853644232113, 'generation': 58}","{'id': 3201, 'rank': 7, 'fitness': 0.7177423589616605, 'generation': 58}","{'id': 3201, 'rank': 8, 'fitness': 0.7177423589616605, 'generation': 58}","{'id': 3120, 'rank': 9, 'fitness': 0.6716221502065532, 'generation': 58}","{'id': 3120, 'rank': 10, 'fitness': 0.6716221502065532, 'generation': 58}","{'id': 3120, 'rank': 11, 'fitness': 0.6716221502065532, 'generation': 58}","{'id': 3120, 'rank': 12, 'fitness': 0.6716221502065532, 'generation': 58}","{'id': 3125, 'rank': 13, 'fitness': 0.667120814516375, 'generation': 58}","{'id': 3199, 'rank': 14, 'fitness': 0.6420774721285729, 'generation': 58}","{'id': 3199, 'rank': 15, 'fitness': 0.6420774721285729, 'generation': 58}","{'id': 3215, 'rank': 16, 'fitness': 0.6318167736836686, 'generation': 58}","{'id': 3156, 'rank': 17, 'fitness': 0.6220213311033371, 'generation': 58}","{'id': 3192, 'rank': 18, 'fitness': 0.4577797262232639, 'generation': 58}","{'id': 3207, 'rank': 19, 'fitness': 0.4009312816462092, 'generation': 58}","{'id': 3207, 'rank': 20, 'fitness': 0.4009312816462092, 'generation': 58}","{'id': 3154, 'rank': 21, 'fitness': 0.3153003543984426, 'generation': 58}","{'id': 3210, 'rank': 22, 'fitness': 0.2954425278424002, 'generation': 58}","{'id': 3066, 'rank': 23, 'fitness': 0.2646605260572131, 'generation': 58}","{'id': 3178, 'rank': 24, 'fitness': 0.22654741330755024, 'generation': 58}","{'id': 3218, 'rank': 25, 'fitness': 0.21507676466959796, 'generation': 58}","{'id': 3195, 'rank': 26, 'fitness': 0.15190035883301212, 'generation': 58}","{'id': 3166, 'rank': 27, 'fitness': 0.15171712565323192, 'generation': 58}","{'id': 3222, 'rank': 28, 'fitness': 0.08341518089447003, 'generation': 58}","{'id': 3180, 'rank': 29, 'fitness': 0.02373592108476652, 'generation': 58}","{'id': 3171, 'rank': 30, 'fitness': 0.01798620996209155, 'generation': 58}"
"{'id': 3098, 'rank': 1, 'fitness': 0.9820137900379085, 'generation': 59}","{'id': 3264, 'rank': 2, 'fitness': 0.8768933775654496, 'generation': 59}","{'id': 3150, 'rank': 3, 'fitness': 0.7465348769165945, 'generation': 59}","{'id': 3150, 'rank': 4, 'fitness': 0.7465348769165945, 'generation': 59}","{'id': 3256, 'rank': 5, 'fitness': 0.7096499280437636, 'generation': 59}","{'id': 3077, 'rank': 6, 'fitness': 0.7002818946012556, 'generation': 59}","{'id': 3120, 'rank': 7, 'fitness': 0.5997819169660251, 'generation': 59}","{'id': 3120, 'rank': 8, 'fitness': 0.5997819169660251, 'generation': 59}","{'id': 3125, 'rank': 9, 'fitness': 0.5944256250429489, 'generation': 59}","{'id': 3271, 'rank': 10, 'fitness': 0.5629587748733387, 'generation': 59}","{'id': 3215, 'rank': 11, 'fitness': 0.5529078699934064, 'generation': 59}","{'id': 3156, 'rank': 12, 'fitness': 0.541548766616006, 'generation': 59}","{'id': 3234, 'rank': 13, 'fitness': 0.5262813478927202, 'generation': 59}","{'id': 3258, 'rank': 14, 'fitness': 0.43108870784197617, 'generation': 59}","{'id': 3241, 'rank': 15, 'fitness': 0.4300819177633901, 'generation': 59}","{'id': 3263, 'rank': 16, 'fitness': 0.21066360501222714, 'generation': 59}","{'id': 3263, 'rank': 17, 'fitness': 0.21066360501222714, 'generation': 59}","{'id': 3210, 'rank': 18, 'fitness': 0.20914233742739735, 'generation': 59}","{'id': 3210, 'rank': 19, 'fitness': 0.20914233742739735, 'generation': 59}","{'id': 3227, 'rank': 20, 'fitness': 0.1611229376928338, 'generation': 59}","{'id': 3227, 'rank': 21, 'fitness': 0.1611229376928338, 'generation': 59}","{'id': 3178, 'rank': 22, 'fitness': 0.1514992690477549, 'generation': 59}","{'id': 3218, 'rank': 23, 'fitness': 0.1423528052952691, 'generation': 59}","{'id': 3245, 'rank': 24, 'fitness': 0.12043363177285343, 'generation': 59}","{'id': 3225, 'rank': 25, 'fitness': 0.06486348331978736, 'generation': 59}","{'id': 3222, 'rank': 26, 'fitness': 0.04731407571141838, 'generation': 59}","{'id': 3243, 'rank': 27, 'fitness': 0.022895325670775124, 'generation': 59}","{'id': 3228, 'rank': 28, 'fitness': 0.01861171594523109, 'generation': 59}","{'id': 3228, 'rank': 29, 'fitness': 0.01861171594523109, 'generation': 59}","{'id': 3270, 'rank': 30, 'fitness': 0.01798620996209155, 'generation': 59}"
"{'id': 3311, 'rank': 1, 'fitness': 0.9820137900379085, 'generation': 60}","{'id': 3098, 'rank': 2, 'fitness': 0.9707708242975703, 'generation': 60}","{'id': 3286, 'rank': 3, 'fitness': 0.8390042578418804, 'generation': 60}","{'id': 3274, 'rank': 4, 'fitness': 0.8013019911208439, 'generation': 60}","{'id': 3264, 'rank': 5, 'fitness': 0.7892987082584986, 'generation': 60}","{'id': 3264, 'rank': 6, 'fitness': 0.7892987082584986, 'generation': 60}","{'id': 3150, 'rank': 7, 'fitness': 0.5925389209621714, 'generation': 60}","{'id': 3292, 'rank': 8, 'fitness': 0.5884209965003726, 'generation': 60}","{'id': 3292, 'rank': 9, 'fitness': 0.5884209965003726, 'generation': 60}","{'id': 3077, 'rank': 10, 'fitness': 0.5315444542342568, 'generation': 60}","{'id': 3285, 'rank': 11, 'fitness': 0.5154396606456743, 'generation': 60}","{'id': 3285, 'rank': 12, 'fitness': 0.5154396606456743, 'generation': 60}","{'id': 3120, 'rank': 13, 'fitness': 0.4135095515273216, 'generation': 60}","{'id': 3120, 'rank': 14, 'fitness': 0.4135095515273216, 'generation': 60}","{'id': 3120, 'rank': 15, 'fitness': 0.4135095515273216, 'generation': 60}","{'id': 3234, 'rank': 16, 'fitness': 0.33845152006906254, 'generation': 60}","{'id': 3241, 'rank': 17, 'fitness': 0.2526401250031742, 'generation': 60}","{'id': 3241, 'rank': 18, 'fitness': 0.2526401250031742, 'generation': 60}","{'id': 3284, 'rank': 19, 'fitness': 0.20678733727787663, 'generation': 60}","{'id': 3295, 'rank': 20, 'fitness': 0.18295622450837218, 'generation': 60}","{'id': 3294, 'rank': 21, 'fitness': 0.14787857692532547, 'generation': 60}","{'id': 3263, 'rank': 22, 'fitness': 0.09990527457081005, 'generation': 60}","{'id': 3263, 'rank': 23, 'fitness': 0.09990527457081005, 'generation': 60}","{'id': 3279, 'rank': 24, 'fitness': 0.08644751721502669, 'generation': 60}","{'id': 3288, 'rank': 25, 'fitness': 0.08367460062469267, 'generation': 60}","{'id': 3288, 'rank': 26, 'fitness': 0.08367460062469267, 'generation': 60}","{'id': 3273, 'rank': 27, 'fitness': 0.08172297214972907, 'generation': 60}","{'id': 3289, 'rank': 28, 'fitness': 0.050503078376204824, 'generation': 60}","{'id': 3225, 'rank': 29, 'fitness': 0.025529606163379126, 'generation': 60}","{'id': 3222, 'rank': 30, 'fitness': 0.01798620996209155, 'generation': 60}"
"{'id': 3311, 'rank': 1, 'fitness': 0.9820137900379085, 'generation': 61}","{'id': 3264, 'rank': 2, 'fitness': 0.8461791318683534, 'generation': 61}","{'id': 3264, 'rank': 3, 'fitness': 0.8461791318683534, 'generation': 61}","{'id': 3264, 'rank': 4, 'fitness': 0.8461791318683534, 'generation': 61}","{'id': 3264, 'rank': 5, 'fitness': 0.8461791318683534, 'generation': 61}","{'id': 3348, 'rank': 6, 'fitness': 0.7909011584295216, 'generation': 61}","{'id': 3150, 'rank': 7, 'fitness': 0.7097993265987558, 'generation': 61}","{'id': 3150, 'rank': 8, 'fitness': 0.7097993265987558, 'generation': 61}","{'id': 3150, 'rank': 9, 'fitness': 0.7097993265987558, 'generation': 61}","{'id': 3292, 'rank': 10, 'fitness': 0.7067854104447521, 'generation': 61}","{'id': 3345, 'rank': 11, 'fitness': 0.6703342658685878, 'generation': 61}","{'id': 3077, 'rank': 12, 'fitness': 0.6641554625869025, 'generation': 61}","{'id': 3120, 'rank': 13, 'fitness': 0.5681443716213539, 'generation': 61}","{'id': 3120, 'rank': 14, 'fitness': 0.5681443716213539, 'generation': 61}","{'id': 3120, 'rank': 15, 'fitness': 0.5681443716213539, 'generation': 61}","{'id': 3328, 'rank': 16, 'fitness': 0.4055878662745215, 'generation': 61}","{'id': 3346, 'rank': 17, 'fitness': 0.3740471498198257, 'generation': 61}","{'id': 3349, 'rank': 18, 'fitness': 0.3705141970359703, 'generation': 61}","{'id': 3295, 'rank': 19, 'fitness': 0.32999705868257534, 'generation': 61}","{'id': 3294, 'rank': 20, 'fitness': 0.2836280138566043, 'generation': 61}","{'id': 3319, 'rank': 21, 'fitness': 0.21710029772597722, 'generation': 61}","{'id': 3357, 'rank': 22, 'fitness': 0.19362186360285366, 'generation': 61}","{'id': 3288, 'rank': 23, 'fitness': 0.18594894429684428, 'generation': 61}","{'id': 3288, 'rank': 24, 'fitness': 0.18594894429684428, 'generation': 61}","{'id': 3288, 'rank': 25, 'fitness': 0.18594894429684428, 'generation': 61}","{'id': 3358, 'rank': 26, 'fitness': 0.159601183405651, 'generation': 61}","{'id': 3350, 'rank': 27, 'fitness': 0.04974447862209558, 'generation': 61}","{'id': 3316, 'rank': 28, 'fitness': 0.03474537726208349, 'generation': 61}","{'id': 3316, 'rank': 29, 'fitness': 0.03474537726208349, 'generation': 61}","{'id': 3322, 'rank': 30, 'fitness': 0.01798620996209155, 'generation': 61}"
"{'id': 3365, 'rank': 1, 'fitness': 0.9820137900379085, 'generation': 62}","{'id': 3264, 'rank': 2, 'fitness': 0.885217986212651, 'generation': 62}","{'id': 3264, 'rank': 3, 'fitness': 0.885217986212651, 'generation': 62}","{'id': 3368, 'rank': 4, 'fitness': 0.7177289087708374, 'generation': 62}","{'id': 3292, 'rank': 5, 'fitness': 0.6902952032454932, 'generation': 62}","{'id': 3292, 'rank': 6, 'fitness': 0.6902952032454932, 'generation': 62}","{'id': 3388, 'rank': 7, 'fitness': 0.6489469694219532, 'generation': 62}","{'id': 3077, 'rank': 8, 'fitness': 0.6233283807124805, 'generation': 62}","{'id': 3396, 'rank': 9, 'fitness': 0.404935320250872, 'generation': 62}","{'id': 3396, 'rank': 10, 'fitness': 0.404935320250872, 'generation': 62}","{'id': 3374, 'rank': 11, 'fitness': 0.2938618815919213, 'generation': 62}","{'id': 3417, 'rank': 12, 'fitness': 0.25603331017575504, 'generation': 62}","{'id': 3390, 'rank': 13, 'fitness': 0.21390919905171785, 'generation': 62}","{'id': 3390, 'rank': 14, 'fitness': 0.21390919905171785, 'generation': 62}","{'id': 3410, 'rank': 15, 'fitness': 0.1705536110274642, 'generation': 62}","{'id': 3295, 'rank': 16, 'fitness': 0.16973631221025937, 'generation': 62}","{'id': 3375, 'rank': 17, 'fitness': 0.0991166215427069, 'generation': 62}","{'id': 3401, 'rank': 18, 'fitness': 0.09171652690726328, 'generation': 62}","{'id': 3357, 'rank': 19, 'fitness': 0.06486882342238254, 'generation': 62}","{'id': 3357, 'rank': 20, 'fitness': 0.06486882342238254, 'generation': 62}","{'id': 3357, 'rank': 21, 'fitness': 0.06486882342238254, 'generation': 62}","{'id': 3288, 'rank': 22, 'fitness': 0.060460677110564465, 'generation': 62}","{'id': 3407, 'rank': 23, 'fitness': 0.05199269687507957, 'generation': 62}","{'id': 3363, 'rank': 24, 'fitness': 0.04854642665820735, 'generation': 62}","{'id': 3372, 'rank': 25, 'fitness': 0.02405384232166008, 'generation': 62}","{'id': 3406, 'rank': 26, 'fitness': 0.020757897595738095, 'generation': 62}","{'id': 3389, 'rank': 27, 'fitness': 0.020693969356518793, 'generation': 62}","{'id': 3382, 'rank': 28, 'fitness': 0.018451094724083128, 'generation': 62}","{'id': 3369, 'rank': 29, 'fitness': 0.01798620996209155, 'generation': 62}","{'id': 3369, 'rank': 30, 'fitness': 0.01798620996209155, 'generation': 62}"
"{'id': 3365, 'rank': 1, 'fitness': 0.9820137900379085, 'generation': 63}","{'id': 3460, 'rank': 2, 'fitness': 0.9288602348375952, 'generation': 63}","{'id': 3264, 'rank': 3, 'fitness': 0.9040327518510625, 'generation': 63}","{'id': 3264, 'rank': 4, 'fitness': 0.9040327518510625, 'generation': 63}","{'id': 3368, 'rank': 5, 'fitness': 0.7767282842707834, 'generation': 63}","{'id': 3451, 'rank': 6, 'fitness': 0.7535049846648121, 'generation': 63}","{'id': 3451, 'rank': 7, 'fitness': 0.7535049846648121, 'generation': 63}","{'id': 3450, 'rank': 8, 'fitness': 0.7309879611609373, 'generation': 63}","{'id': 3388, 'rank': 9, 'fitness': 0.7232176351610756, 'generation': 63}","{'id': 3452, 'rank': 10, 'fitness': 0.6258767368129068, 'generation': 63}","{'id': 3422, 'rank': 11, 'fitness': 0.5644920176548437, 'generation': 63}","{'id': 3422, 'rank': 12, 'fitness': 0.5644920176548437, 'generation': 63}","{'id': 3396, 'rank': 13, 'fitness': 0.5158131223341883, 'generation': 63}","{'id': 3423, 'rank': 14, 'fitness': 0.49635850155925665, 'generation': 63}","{'id': 3431, 'rank': 15, 'fitness': 0.3876571109250447, 'generation': 63}","{'id': 3431, 'rank': 16, 'fitness': 0.3876571109250447, 'generation': 63}","{'id': 3417, 'rank': 17, 'fitness': 0.36614605730550254, 'generation': 63}","{'id': 3417, 'rank': 18, 'fitness': 0.36614605730550254, 'generation': 63}","{'id': 3417, 'rank': 19, 'fitness': 0.36614605730550254, 'generation': 63}","{'id': 3417, 'rank': 20, 'fitness': 0.36614605730550254, 'generation': 63}","{'id': 3469, 'rank': 21, 'fitness': 0.3559900021684936, 'generation': 63}","{'id': 3390, 'rank': 22, 'fitness': 0.3187299987329154, 'generation': 63}","{'id': 3375, 'rank': 23, 'fitness': 0.17184480746706776, 'generation': 63}","{'id': 3443, 'rank': 24, 'fitness': 0.15055429052646924, 'generation': 63}","{'id': 3357, 'rank': 25, 'fitness': 0.12060609942770156, 'generation': 63}","{'id': 3407, 'rank': 26, 'fitness': 0.09996374302441802, 'generation': 63}","{'id': 3434, 'rank': 27, 'fitness': 0.051752243176989454, 'generation': 63}","{'id': 3445, 'rank': 28, 'fitness': 0.049357089677580124, 'generation': 63}","{'id': 3382, 'rank': 29, 'fitness': 0.04074093718104471, 'generation': 63}","{'id': 3456, 'rank': 30, 'fitness': 0.01798620996209155, 'generation': 63}"
"{'id': 3460, 'rank': 1, 'fitness': 0.9820137900379085, 'generation': 64}","{'id': 3368, 'rank': 2, 'fitness': 0.9293038740440622, 'generation': 64}","{'id': 3484, 'rank': 3, 'fitness': 0.9216433520306506, 'generation': 64}","{'id': 3451, 'rank': 4, 'fitness': 0.9195929798825564, 'generation': 64}","{'id': 3451, 'rank': 5, 'fitness': 0.9195929798825564, 'generation': 64}","{'id': 3451, 'rank': 6, 'fitness': 0.9195929798825564, 'generation': 64}","{'id': 3480, 'rank': 7, 'fitness': 0.914508773953005, 'generation': 64}","{'id': 3450, 'rank': 8, 'fitness': 0.9097062837552119, 'generation': 64}","{'id': 3388, 'rank': 9, 'fitness': 0.9061826396612257, 'generation': 64}","{'id': 3479, 'rank': 10, 'fitness': 0.8351472052761555, 'generation': 64}","{'id': 3422, 'rank': 11, 'fitness': 0.8195211556758563, 'generation': 64}","{'id': 3422, 'rank': 12, 'fitness': 0.8195211556758563, 'generation': 64}","{'id': 3508, 'rank': 13, 'fitness': 0.6841336990312699, 'generation': 64}","{'id': 3431, 'rank': 14, 'fitness': 0.6773487985382298, 'generation': 64}","{'id': 3431, 'rank': 15, 'fitness': 0.6773487985382298, 'generation': 64}","{'id': 3431, 'rank': 16, 'fitness': 0.6773487985382298, 'generation': 64}","{'id': 3417, 'rank': 17, 'fitness': 0.6554266664804185, 'generation': 64}","{'id': 3507, 'rank': 18, 'fitness': 0.6036743972960289, 'generation': 64}","{'id': 3511, 'rank': 19, 'fitness': 0.6035995675871617, 'generation': 64}","{'id': 3495, 'rank': 20, 'fitness': 0.47451319722227314, 'generation': 64}","{'id': 3498, 'rank': 21, 'fitness': 0.4442592323112416, 'generation': 64}","{'id': 3375, 'rank': 22, 'fitness': 0.38715358819661594, 'generation': 64}","{'id': 3509, 'rank': 23, 'fitness': 0.3304961355499847, 'generation': 64}","{'id': 3493, 'rank': 24, 'fitness': 0.12574017918524083, 'generation': 64}","{'id': 3476, 'rank': 25, 'fitness': 0.04892433496013293, 'generation': 64}","{'id': 3517, 'rank': 26, 'fitness': 0.03046973783346013, 'generation': 64}","{'id': 3506, 'rank': 27, 'fitness': 0.026925653312031006, 'generation': 64}","{'id': 3518, 'rank': 28, 'fitness': 0.01897308353042748, 'generation': 64}","{'id': 3518, 'rank': 29, 'fitness': 0.01897308353042748, 'generation': 64}","{'id': 3515, 'rank': 30, 'fitness': 0.01798620996209155, 'generation': 64}"
"{'id': 3538, 'rank': 1, 'fitness': 0.9820137900379085, 'generation': 65}","{'id': 3524, 'rank': 2, 'fitness': 0.9149825982381365, 'generation': 65}","{'id': 3368, 'rank': 3, 'fitness': 0.8196621159876376, 'generation': 65}","{'id': 3484, 'rank': 4, 'fitness': 0.8077634708342272, 'generation': 65}","{'id': 3450, 'rank': 5, 'fitness': 0.7902071394132992, 'generation': 65}","{'id': 3388, 'rank': 6, 'fitness': 0.785227172319117, 'generation': 65}","{'id': 3536, 'rank': 7, 'fitness': 0.7259459970623628, 'generation': 65}","{'id': 3422, 'rank': 8, 'fitness': 0.6820573228673759, 'generation': 65}","{'id': 3422, 'rank': 9, 'fitness': 0.6820573228673759, 'generation': 65}","{'id': 3534, 'rank': 10, 'fitness': 0.657440523570379, 'generation': 65}","{'id': 3566, 'rank': 11, 'fitness': 0.5901513673195399, 'generation': 65}","{'id': 3508, 'rank': 12, 'fitness': 0.5597983433875393, 'generation': 65}","{'id': 3417, 'rank': 13, 'fitness': 0.5370866073838, 'generation': 65}","{'id': 3417, 'rank': 14, 'fitness': 0.5370866073838, 'generation': 65}","{'id': 3533, 'rank': 15, 'fitness': 0.5140858091044038, 'generation': 65}","{'id': 3507, 'rank': 16, 'fitness': 0.49791997063941534, 'generation': 65}","{'id': 3572, 'rank': 17, 'fitness': 0.4259825917125043, 'generation': 65}","{'id': 3509, 'rank': 18, 'fitness': 0.30912673079767927, 'generation': 65}","{'id': 3535, 'rank': 19, 'fitness': 0.17172212145605908, 'generation': 65}","{'id': 3493, 'rank': 20, 'fitness': 0.1577186739271097, 'generation': 65}","{'id': 3562, 'rank': 21, 'fitness': 0.14746570140840926, 'generation': 65}","{'id': 3562, 'rank': 22, 'fitness': 0.14746570140840926, 'generation': 65}","{'id': 3562, 'rank': 23, 'fitness': 0.14746570140840926, 'generation': 65}","{'id': 3548, 'rank': 24, 'fitness': 0.11628133148226172, 'generation': 65}","{'id': 3570, 'rank': 25, 'fitness': 0.06537826696906618, 'generation': 65}","{'id': 3573, 'rank': 26, 'fitness': 0.0580468837840461, 'generation': 65}","{'id': 3529, 'rank': 27, 'fitness': 0.05802099642512237, 'generation': 65}","{'id': 3506, 'rank': 28, 'fitness': 0.05522458546601983, 'generation': 65}","{'id': 3518, 'rank': 29, 'fitness': 0.04341537905229653, 'generation': 65}","{'id': 3526, 'rank': 30, 'fitness': 0.01798620996209155, 'generation': 65}"
"{'id': 3524, 'rank': 1, 'fitness': 0.9820137900379085, 'generation': 66}","{'id': 3484, 'rank': 2, 'fitness': 0.9280685281410928, 'generation': 66}","{'id': 3484, 'rank': 3, 'fitness': 0.9280685281410928, 'generation': 66}","{'id': 3484, 'rank': 4, 'fitness': 0.9280685281410928, 'generation': 66}","{'id': 3450, 'rank': 5, 'fitness': 0.9160335481966558, 'generation': 66}","{'id': 3605, 'rank': 6, 'fitness': 0.9144215855468356, 'generation': 66}","{'id': 3605, 'rank': 7, 'fitness': 0.9144215855468356, 'generation': 66}","{'id': 3388, 'rank': 8, 'fitness': 0.9124524398126512, 'generation': 66}","{'id': 3536, 'rank': 9, 'fitness': 0.8640893984060026, 'generation': 66}","{'id': 3621, 'rank': 10, 'fitness': 0.748275673825544, 'generation': 66}","{'id': 3588, 'rank': 11, 'fitness': 0.7304536983508337, 'generation': 66}","{'id': 3589, 'rank': 12, 'fitness': 0.7032920009921589, 'generation': 66}","{'id': 3508, 'rank': 13, 'fitness': 0.6735135177305822, 'generation': 66}","{'id': 3614, 'rank': 14, 'fitness': 0.6176465589848846, 'generation': 66}","{'id': 3614, 'rank': 15, 'fitness': 0.6176465589848846, 'generation': 66}","{'id': 3597, 'rank': 16, 'fitness': 0.3936788902247999, 'generation': 66}","{'id': 3623, 'rank': 17, 'fitness': 0.28324487980931634, 'generation': 66}","{'id': 3618, 'rank': 18, 'fitness': 0.2208916403480226, 'generation': 66}","{'id': 3596, 'rank': 19, 'fitness': 0.19109892754190405, 'generation': 66}","{'id': 3615, 'rank': 20, 'fitness': 0.17408569423589554, 'generation': 66}","{'id': 3606, 'rank': 21, 'fitness': 0.11460552558144377, 'generation': 66}","{'id': 3535, 'rank': 22, 'fitness': 0.11324403672407302, 'generation': 66}","{'id': 3562, 'rank': 23, 'fitness': 0.08819474497582841, 'generation': 66}","{'id': 3562, 'rank': 24, 'fitness': 0.08819474497582841, 'generation': 66}","{'id': 3598, 'rank': 25, 'fitness': 0.032829064521534945, 'generation': 66}","{'id': 3583, 'rank': 26, 'fitness': 0.02691804597319114, 'generation': 66}","{'id': 3593, 'rank': 27, 'fitness': 0.022114391506986297, 'generation': 66}","{'id': 3593, 'rank': 28, 'fitness': 0.022114391506986297, 'generation': 66}","{'id': 3580, 'rank': 29, 'fitness': 0.021917063811826065, 'generation': 66}","{'id': 3506, 'rank': 30, 'fitness': 0.01798620996209155, 'generation': 66}"
"{'id': 3644, 'rank': 1, 'fitness': 0.9820137900379085, 'generation': 67}","{'id': 3524, 'rank': 2, 'fitness': 0.9557372225433518, 'generation': 67}","{'id': 3634, 'rank': 3, 'fitness': 0.9063016289123071, 'generation': 67}","{'id': 3664, 'rank': 4, 'fitness': 0.9057372526951839, 'generation': 67}","{'id': 3664, 'rank': 5, 'fitness': 0.9057372526951839, 'generation': 67}","{'id': 3484, 'rank': 6, 'fitness': 0.8604930914478424, 'generation': 67}","{'id': 3605, 'rank': 7, 'fitness': 0.8396525293986887, 'generation': 67}","{'id': 3605, 'rank': 8, 'fitness': 0.8396525293986887, 'generation': 67}","{'id': 3621, 'rank': 9, 'fitness': 0.6328423139540138, 'generation': 67}","{'id': 3649, 'rank': 10, 'fitness': 0.6216282431609379, 'generation': 67}","{'id': 3679, 'rank': 11, 'fitness': 0.5901086647143058, 'generation': 67}","{'id': 3589, 'rank': 12, 'fitness': 0.5860799466041591, 'generation': 67}","{'id': 3589, 'rank': 13, 'fitness': 0.5860799466041591, 'generation': 67}","{'id': 3631, 'rank': 14, 'fitness': 0.561528531073249, 'generation': 67}","{'id': 3614, 'rank': 15, 'fitness': 0.5036858017165328, 'generation': 67}","{'id': 3614, 'rank': 16, 'fitness': 0.5036858017165328, 'generation': 67}","{'id': 3673, 'rank': 17, 'fitness': 0.3204874066981208, 'generation': 67}","{'id': 3673, 'rank': 18, 'fitness': 0.3204874066981208, 'generation': 67}","{'id': 3675, 'rank': 19, 'fitness': 0.20715103014729785, 'generation': 67}","{'id': 3618, 'rank': 20, 'fitness': 0.18294217311258215, 'generation': 67}","{'id': 3606, 'rank': 21, 'fitness': 0.10178760304942192, 'generation': 67}","{'id': 3677, 'rank': 22, 'fitness': 0.1010908870502798, 'generation': 67}","{'id': 3635, 'rank': 23, 'fitness': 0.05742702212905265, 'generation': 67}","{'id': 3674, 'rank': 24, 'fitness': 0.042831265378529715, 'generation': 67}","{'id': 3633, 'rank': 25, 'fitness': 0.03770589891858772, 'generation': 67}","{'id': 3598, 'rank': 26, 'fitness': 0.03422200211633797, 'generation': 67}","{'id': 3639, 'rank': 27, 'fitness': 0.03416812574829747, 'generation': 67}","{'id': 3636, 'rank': 28, 'fitness': 0.025173611805857588, 'generation': 67}","{'id': 3506, 'rank': 29, 'fitness': 0.020314538537611504, 'generation': 67}","{'id': 3647, 'rank': 30, 'fitness': 0.01798620996209155, 'generation': 67}"
"{'id': 3644, 'rank': 1, 'fitness': 0.9820137900379085, 'generation': 68}","{'id': 3716, 'rank': 2, 'fitness': 0.96516002529453, 'generation': 68}","{'id': 3716, 'rank': 3, 'fitness': 0.96516002529453, 'generation': 68}","{'id': 3716, 'rank': 4, 'fitness': 0.96516002529453, 'generation': 68}","{'id': 3524, 'rank': 5, 'fitness': 0.9557372225433518, 'generation': 68}","{'id': 3524, 'rank': 6, 'fitness': 0.9557372225433518, 'generation': 68}","{'id': 3700, 'rank': 7, 'fitness': 0.9204718906818196, 'generation': 68}","{'id': 3664, 'rank': 8, 'fitness': 0.9057372526951839, 'generation': 68}","{'id': 3605, 'rank': 9, 'fitness': 0.8396525293986887, 'generation': 68}","{'id': 3717, 'rank': 10, 'fitness': 0.7514257878828688, 'generation': 68}","{'id': 3696, 'rank': 11, 'fitness': 0.74800180687252, 'generation': 68}","{'id': 3690, 'rank': 12, 'fitness': 0.5992097416053408, 'generation': 68}","{'id': 3679, 'rank': 13, 'fitness': 0.5901086647143058, 'generation': 68}","{'id': 3589, 'rank': 14, 'fitness': 0.5860799466041591, 'generation': 68}","{'id': 3589, 'rank': 15, 'fitness': 0.5860799466041591, 'generation': 68}","{'id': 3706, 'rank': 16, 'fitness': 0.5319200898343851, 'generation': 68}","{'id': 3614, 'rank': 17, 'fitness': 0.5036858017165328, 'generation': 68}","{'id': 3614, 'rank': 18, 'fitness': 0.5036858017165328, 'generation': 68}","{'id': 3702, 'rank': 19, 'fitness': 0.4634274848703597, 'generation': 68}","{'id': 3689, 'rank': 20, 'fitness': 0.4548840959731881, 'generation': 68}","{'id': 3689, 'rank': 21, 'fitness': 0.4548840959731881, 'generation': 68}","{'id': 3714, 'rank': 22, 'fitness': 0.38669111507466997, 'generation': 68}","{'id': 3673, 'rank': 23, 'fitness': 0.3204874066981208, 'generation': 68}","{'id': 3673, 'rank': 24, 'fitness': 0.3204874066981208, 'generation': 68}","{'id': 3606, 'rank': 25, 'fitness': 0.10178760304942192, 'generation': 68}","{'id': 3674, 'rank': 26, 'fitness': 0.042831265378529715, 'generation': 68}","{'id': 3639, 'rank': 27, 'fitness': 0.03416812574829747, 'generation': 68}","{'id': 3639, 'rank': 28, 'fitness': 0.03416812574829747, 'generation': 68}","{'id': 3680, 'rank': 29, 'fitness': 0.03216100895661411, 'generation': 68}","{'id': 3647, 'rank': 30, 'fitness': 0.01798620996209155, 'generation': 68}"
"{'id': 3716, 'rank': 1, 'fitness': 0.9820137900379085, 'generation': 69}","{'id': 3664, 'rank': 2, 'fitness': 0.9522672405051071, 'generation': 69}","{'id': 3696, 'rank': 3, 'fitness': 0.8671900331103256, 'generation': 69}","{'id': 3696, 'rank': 4, 'fitness': 0.8671900331103256, 'generation': 69}","{'id': 3589, 'rank': 5, 'fitness': 0.7636064271290169, 'generation': 69}","{'id': 3589, 'rank': 6, 'fitness': 0.7636064271290169, 'generation': 69}","{'id': 3740, 'rank': 7, 'fitness': 0.7429050428977618, 'generation': 69}","{'id': 3702, 'rank': 8, 'fitness': 0.6687504818609068, 'generation': 69}","{'id': 3689, 'rank': 9, 'fitness': 0.661464572527876, 'generation': 69}","{'id': 3739, 'rank': 10, 'fitness': 0.5915696056958173, 'generation': 69}","{'id': 3735, 'rank': 11, 'fitness': 0.5475116907366979, 'generation': 69}","{'id': 3673, 'rank': 12, 'fitness': 0.5317874196383975, 'generation': 69}","{'id': 3783, 'rank': 13, 'fitness': 0.4845028723421659, 'generation': 69}","{'id': 3783, 'rank': 14, 'fitness': 0.4845028723421659, 'generation': 69}","{'id': 3606, 'rank': 15, 'fitness': 0.22644235936641477, 'generation': 69}","{'id': 3727, 'rank': 16, 'fitness': 0.21746236969010502, 'generation': 69}","{'id': 3727, 'rank': 17, 'fitness': 0.21746236969010502, 'generation': 69}","{'id': 3727, 'rank': 18, 'fitness': 0.21746236969010502, 'generation': 69}","{'id': 3764, 'rank': 19, 'fitness': 0.1849952751550677, 'generation': 69}","{'id': 3764, 'rank': 20, 'fitness': 0.1849952751550677, 'generation': 69}","{'id': 3771, 'rank': 21, 'fitness': 0.16935442587200533, 'generation': 69}","{'id': 3728, 'rank': 22, 'fitness': 0.1311640613637618, 'generation': 69}","{'id': 3674, 'rank': 23, 'fitness': 0.10793697494422305, 'generation': 69}","{'id': 3639, 'rank': 24, 'fitness': 0.08823215655511418, 'generation': 69}","{'id': 3639, 'rank': 25, 'fitness': 0.08823215655511418, 'generation': 69}","{'id': 3639, 'rank': 26, 'fitness': 0.08823215655511418, 'generation': 69}","{'id': 3774, 'rank': 27, 'fitness': 0.07866475614139612, 'generation': 69}","{'id': 3774, 'rank': 28, 'fitness': 0.07866475614139612, 'generation': 69}","{'id': 3772, 'rank': 29, 'fitness': 0.06950829188864383, 'generation': 69}","{'id': 3753, 'rank': 30, 'fitness': 0.01798620996209155, 'generation': 69}"
"{'id': 3823, 'rank': 1, 'fitness': 0.9820137900379085, 'generation': 70}","{'id': 3818, 'rank': 2, 'fitness': 0.9599529896013459, 'generation': 70}","{'id': 3799, 'rank': 3, 'fitness': 0.881823117791376, 'generation': 70}","{'id': 3799, 'rank': 4, 'fitness': 0.881823117791376, 'generation': 70}","{'id': 3696, 'rank': 5, 'fitness': 0.8708909750599894, 'generation': 70}","{'id': 3825, 'rank': 6, 'fitness': 0.8004630879704422, 'generation': 70}","{'id': 3810, 'rank': 7, 'fitness': 0.7778268912014633, 'generation': 70}","{'id': 3589, 'rank': 8, 'fitness': 0.7687346824923065, 'generation': 70}","{'id': 3589, 'rank': 9, 'fitness': 0.7687346824923065, 'generation': 70}","{'id': 3589, 'rank': 10, 'fitness': 0.7687346824923065, 'generation': 70}","{'id': 3822, 'rank': 11, 'fitness': 0.7294852307544863, 'generation': 70}","{'id': 3702, 'rank': 12, 'fitness': 0.674490032632624, 'generation': 70}","{'id': 3689, 'rank': 13, 'fitness': 0.6672273607790978, 'generation': 70}","{'id': 3689, 'rank': 14, 'fitness': 0.6672273607790978, 'generation': 70}","{'id': 3824, 'rank': 15, 'fitness': 0.6530906365532245, 'generation': 70}","{'id': 3824, 'rank': 16, 'fitness': 0.6530906365532245, 'generation': 70}","{'id': 3819, 'rank': 17, 'fitness': 0.5537771942753944, 'generation': 70}","{'id': 3673, 'rank': 18, 'fitness': 0.5374703061349062, 'generation': 70}","{'id': 3783, 'rank': 19, 'fitness': 0.4899476548674167, 'generation': 70}","{'id': 3826, 'rank': 20, 'fitness': 0.26994113497499406, 'generation': 70}","{'id': 3792, 'rank': 21, 'fitness': 0.25947190279872134, 'generation': 70}","{'id': 3727, 'rank': 22, 'fitness': 0.22003437513999097, 'generation': 70}","{'id': 3727, 'rank': 23, 'fitness': 0.22003437513999097, 'generation': 70}","{'id': 3764, 'rank': 24, 'fitness': 0.1871047969452515, 'generation': 70}","{'id': 3771, 'rank': 25, 'fitness': 0.17123876059691429, 'generation': 70}","{'id': 3803, 'rank': 26, 'fitness': 0.15808984578066176, 'generation': 70}","{'id': 3811, 'rank': 27, 'fitness': 0.12381834188906965, 'generation': 70}","{'id': 3774, 'rank': 28, 'fitness': 0.0792844168090241, 'generation': 70}","{'id': 3793, 'rank': 29, 'fitness': 0.03581405007868865, 'generation': 70}","{'id': 3753, 'rank': 30, 'fitness': 0.01798620996209155, 'generation': 70}"
"{'id': 3852, 'rank': 1, 'fitness': 0.9820137900379085, 'generation': 71}","{'id': 3840, 'rank': 2, 'fitness': 0.8427541591912782, 'generation': 71}","{'id': 3823, 'rank': 3, 'fitness': 0.7675978921054045, 'generation': 71}","{'id': 3823, 'rank': 4, 'fitness': 0.7675978921054045, 'generation': 71}","{'id': 3823, 'rank': 5, 'fitness': 0.7675978921054045, 'generation': 71}","{'id': 3818, 'rank': 6, 'fitness': 0.6525909652185652, 'generation': 71}","{'id': 3830, 'rank': 7, 'fitness': 0.5477966786395999, 'generation': 71}","{'id': 3799, 'rank': 8, 'fitness': 0.45769151973145494, 'generation': 71}","{'id': 3860, 'rank': 9, 'fitness': 0.3842852249631223, 'generation': 71}","{'id': 3589, 'rank': 10, 'fitness': 0.3265084143515602, 'generation': 71}","{'id': 3702, 'rank': 11, 'fitness': 0.2596023253956385, 'generation': 71}","{'id': 3689, 'rank': 12, 'fitness': 0.2552914833984711, 'generation': 71}","{'id': 3689, 'rank': 13, 'fitness': 0.2552914833984711, 'generation': 71}","{'id': 3867, 'rank': 14, 'fitness': 0.2159885258235647, 'generation': 71}","{'id': 3854, 'rank': 15, 'fitness': 0.21104619713813366, 'generation': 71}","{'id': 3859, 'rank': 16, 'fitness': 0.20307995097045406, 'generation': 71}","{'id': 3819, 'rank': 17, 'fitness': 0.19789884540432556, 'generation': 71}","{'id': 3673, 'rank': 18, 'fitness': 0.19083756127828172, 'generation': 71}","{'id': 3673, 'rank': 19, 'fitness': 0.19083756127828172, 'generation': 71}","{'id': 3832, 'rank': 20, 'fitness': 0.1456444763239026, 'generation': 71}","{'id': 3833, 'rank': 21, 'fitness': 0.13642904292791413, 'generation': 71}","{'id': 3826, 'rank': 22, 'fitness': 0.09712155891310059, 'generation': 71}","{'id': 3866, 'rank': 23, 'fitness': 0.08491412286627265, 'generation': 71}","{'id': 3727, 'rank': 24, 'fitness': 0.08202810492636986, 'generation': 71}","{'id': 3764, 'rank': 25, 'fitness': 0.07211818973729989, 'generation': 71}","{'id': 3831, 'rank': 26, 'fitness': 0.049790208807927394, 'generation': 71}","{'id': 3855, 'rank': 27, 'fitness': 0.03860684318457386, 'generation': 71}","{'id': 3835, 'rank': 28, 'fitness': 0.03432498244397414, 'generation': 71}","{'id': 3837, 'rank': 29, 'fitness': 0.01937940274231098, 'generation': 71}","{'id': 3871, 'rank': 30, 'fitness': 0.01798620996209155, 'generation': 71}"
"{'id': 3840, 'rank': 1, 'fitness': 0.9820137900379085, 'generation': 72}","{'id': 3840, 'rank': 2, 'fitness': 0.9820137900379085, 'generation': 72}","{'id': 3840, 'rank': 3, 'fitness': 0.9820137900379085, 'generation': 72}","{'id': 3840, 'rank': 4, 'fitness': 0.9820137900379085, 'generation': 72}","{'id': 3905, 'rank': 5, 'fitness': 0.9740787299204086, 'generation': 72}","{'id': 3823, 'rank': 6, 'fitness': 0.9611598713850464, 'generation': 72}","{'id': 3913, 'rank': 7, 'fitness': 0.954144741874235, 'generation': 72}","{'id': 3901, 'rank': 8, 'fitness': 0.8582034218715375, 'generation': 72}","{'id': 3901, 'rank': 9, 'fitness': 0.8582034218715375, 'generation': 72}","{'id': 3918, 'rank': 10, 'fitness': 0.7192475045766262, 'generation': 72}","{'id': 3890, 'rank': 11, 'fitness': 0.6906729202028925, 'generation': 72}","{'id': 3890, 'rank': 12, 'fitness': 0.6906729202028925, 'generation': 72}","{'id': 3890, 'rank': 13, 'fitness': 0.6906729202028925, 'generation': 72}","{'id': 3916, 'rank': 14, 'fitness': 0.6813169168773809, 'generation': 72}","{'id': 3904, 'rank': 15, 'fitness': 0.39733820022738175, 'generation': 72}","{'id': 3904, 'rank': 16, 'fitness': 0.39733820022738175, 'generation': 72}","{'id': 3904, 'rank': 17, 'fitness': 0.39733820022738175, 'generation': 72}","{'id': 3689, 'rank': 18, 'fitness': 0.37881742770433524, 'generation': 72}","{'id': 3689, 'rank': 19, 'fitness': 0.37881742770433524, 'generation': 72}","{'id': 3689, 'rank': 20, 'fitness': 0.37881742770433524, 'generation': 72}","{'id': 3854, 'rank': 21, 'fitness': 0.2890398879048745, 'generation': 72}","{'id': 3859, 'rank': 22, 'fitness': 0.2730159380783046, 'generation': 72}","{'id': 3673, 'rank': 23, 'fitness': 0.24862893177987783, 'generation': 72}","{'id': 3673, 'rank': 24, 'fitness': 0.24862893177987783, 'generation': 72}","{'id': 3673, 'rank': 25, 'fitness': 0.24862893177987783, 'generation': 72}","{'id': 3908, 'rank': 26, 'fitness': 0.18830359556178616, 'generation': 72}","{'id': 3826, 'rank': 27, 'fitness': 0.08399480223512162, 'generation': 72}","{'id': 3893, 'rank': 28, 'fitness': 0.056616378518989596, 'generation': 72}","{'id': 3909, 'rank': 29, 'fitness': 0.018543847494475685, 'generation': 72}","{'id': 3855, 'rank': 30, 'fitness': 0.01798620996209155, 'generation': 72}"
"{'id': 3840, 'rank': 1, 'fitness': 0.9820137900379085, 'generation': 73}","{'id': 3840, 'rank': 2, 'fitness': 0.9820137900379085, 'generation': 73}","{'id': 3840, 'rank': 3, 'fitness': 0.9820137900379085, 'generation': 73}","{'id': 3840, 'rank': 4, 'fitness': 0.9820137900379085, 'generation': 73}","{'id': 3905, 'rank': 5, 'fitness': 0.9744872659715196, 'generation': 73}","{'id': 3823, 'rank': 6, 'fitness': 0.9624289224825493, 'generation': 73}","{'id': 3918, 'rank': 7, 'fitness': 0.7454065058701587, 'generation': 73}","{'id': 3890, 'rank': 8, 'fitness': 0.7196642271365453, 'generation': 73}","{'id': 3890, 'rank': 9, 'fitness': 0.7196642271365453, 'generation': 73}","{'id': 3916, 'rank': 10, 'fitness': 0.7112075162547292, 'generation': 73}","{'id': 3946, 'rank': 11, 'fitness': 0.6760135085045863, 'generation': 73}","{'id': 3942, 'rank': 12, 'fitness': 0.43731126791978336, 'generation': 73}","{'id': 3943, 'rank': 13, 'fitness': 0.34877411326624796, 'generation': 73}","{'id': 3859, 'rank': 14, 'fitness': 0.3182041926104912, 'generation': 73}","{'id': 3859, 'rank': 15, 'fitness': 0.3182041926104912, 'generation': 73}","{'id': 3981, 'rank': 16, 'fitness': 0.30974621543286984, 'generation': 73}","{'id': 3978, 'rank': 17, 'fitness': 0.2523118303433895, 'generation': 73}","{'id': 3958, 'rank': 18, 'fitness': 0.2505751007702749, 'generation': 73}","{'id': 3958, 'rank': 19, 'fitness': 0.2505751007702749, 'generation': 73}","{'id': 3908, 'rank': 20, 'fitness': 0.22746015178163498, 'generation': 73}","{'id': 3934, 'rank': 21, 'fitness': 0.16720716812441416, 'generation': 73}","{'id': 3964, 'rank': 22, 'fitness': 0.12091908127959938, 'generation': 73}","{'id': 3949, 'rank': 23, 'fitness': 0.11321774286848296, 'generation': 73}","{'id': 3936, 'rank': 24, 'fitness': 0.1086966147752434, 'generation': 73}","{'id': 3931, 'rank': 25, 'fitness': 0.1077169579609934, 'generation': 73}","{'id': 3931, 'rank': 26, 'fitness': 0.1077169579609934, 'generation': 73}","{'id': 3930, 'rank': 27, 'fitness': 0.03529376438586568, 'generation': 73}","{'id': 3930, 'rank': 28, 'fitness': 0.03529376438586568, 'generation': 73}","{'id': 3933, 'rank': 29, 'fitness': 0.021796945525283218, 'generation': 73}","{'id': 3968, 'rank': 30, 'fitness': 0.01798620996209155, 'generation': 73}"
"{'id': 3989, 'rank': 1, 'fitness': 0.9820137900379085, 'generation': 74}","{'id': 3993, 'rank': 2, 'fitness': 0.979029897800557, 'generation': 74}","{'id': 3840, 'rank': 3, 'fitness': 0.9773976979691289, 'generation': 74}","{'id': 3840, 'rank': 4, 'fitness': 0.9773976979691289, 'generation': 74}","{'id': 3840, 'rank': 5, 'fitness': 0.9773976979691289, 'generation': 74}","{'id': 3905, 'rank': 6, 'fitness': 0.9676713516008888, 'generation': 74}","{'id': 3823, 'rank': 7, 'fitness': 0.9520078628845168, 'generation': 74}","{'id': 3890, 'rank': 8, 'fitness': 0.649903814891308, 'generation': 74}","{'id': 3890, 'rank': 9, 'fitness': 0.649903814891308, 'generation': 74}","{'id': 3890, 'rank': 10, 'fitness': 0.649903814891308, 'generation': 74}","{'id': 3916, 'rank': 11, 'fitness': 0.6401093630325475, 'generation': 74}","{'id': 3946, 'rank': 12, 'fitness': 0.5999266501593998, 'generation': 74}","{'id': 4015, 'rank': 13, 'fitness': 0.4609100272384956, 'generation': 74}","{'id': 4038, 'rank': 14, 'fitness': 0.40114300896893174, 'generation': 74}","{'id': 4038, 'rank': 15, 'fitness': 0.40114300896893174, 'generation': 74}","{'id': 3943, 'rank': 16, 'fitness': 0.2698717366543153, 'generation': 74}","{'id': 3943, 'rank': 17, 'fitness': 0.2698717366543153, 'generation': 74}","{'id': 4042, 'rank': 18, 'fitness': 0.19673667169637493, 'generation': 74}","{'id': 4032, 'rank': 19, 'fitness': 0.19359246961450216, 'generation': 74}","{'id': 4032, 'rank': 20, 'fitness': 0.19359246961450216, 'generation': 74}","{'id': 3958, 'rank': 21, 'fitness': 0.1853647020007944, 'generation': 74}","{'id': 3958, 'rank': 22, 'fitness': 0.1853647020007944, 'generation': 74}","{'id': 3908, 'rank': 23, 'fitness': 0.16639955667789968, 'generation': 74}","{'id': 4033, 'rank': 24, 'fitness': 0.16567493970343927, 'generation': 74}","{'id': 4016, 'rank': 25, 'fitness': 0.14001954250009485, 'generation': 74}","{'id': 3964, 'rank': 26, 'fitness': 0.08354957253496209, 'generation': 74}","{'id': 3949, 'rank': 27, 'fitness': 0.07785760631549943, 'generation': 74}","{'id': 4012, 'rank': 28, 'fitness': 0.025004693650134524, 'generation': 74}","{'id': 3930, 'rank': 29, 'fitness': 0.022779306155066237, 'generation': 74}","{'id': 3998, 'rank': 30, 'fitness': 0.01798620996209155, 'generation': 74}"
"{'id': 3993, 'rank': 1, 'fitness': 0.9820137900379085, 'generation': 75}","{'id': 3993, 'rank': 2, 'fitness': 0.9820137900379085, 'generation': 75}","{'id': 3840, 'rank': 3, 'fitness': 0.9806482859326673, 'generation': 75}","{'id': 3840, 'rank': 4, 'fitness': 0.9806482859326673, 'generation': 75}","{'id': 3840, 'rank': 5, 'fitness': 0.9806482859326673, 'generation': 75}","{'id': 3905, 'rank': 6, 'fitness': 0.9725458276996972, 'generation': 75}","{'id': 3823, 'rank': 7, 'fitness': 0.9595746340992046, 'generation': 75}","{'id': 3823, 'rank': 8, 'fitness': 0.9595746340992046, 'generation': 75}","{'id': 4052, 'rank': 9, 'fitness': 0.8737993235852497, 'generation': 75}","{'id': 4045, 'rank': 10, 'fitness': 0.8057043380707419, 'generation': 75}","{'id': 3890, 'rank': 11, 'fitness': 0.7030076167614039, 'generation': 75}","{'id': 3916, 'rank': 12, 'fitness': 0.6942429581843764, 'generation': 75}","{'id': 3946, 'rank': 13, 'fitness': 0.6578956320523015, 'generation': 75}","{'id': 4015, 'rank': 14, 'fitness': 0.5267651733559336, 'generation': 75}","{'id': 4049, 'rank': 15, 'fitness': 0.4545059789087741, 'generation': 75}","{'id': 4043, 'rank': 16, 'fitness': 0.3638921784038004, 'generation': 75}","{'id': 3943, 'rank': 17, 'fitness': 0.32983427838616297, 'generation': 75}","{'id': 4074, 'rank': 18, 'fitness': 0.2673968342927224, 'generation': 75}","{'id': 4032, 'rank': 19, 'fitness': 0.24436079011186967, 'generation': 75}","{'id': 3958, 'rank': 20, 'fitness': 0.23486126308931476, 'generation': 75}","{'id': 3958, 'rank': 21, 'fitness': 0.23486126308931476, 'generation': 75}","{'id': 3958, 'rank': 22, 'fitness': 0.23486126308931476, 'generation': 75}","{'id': 3908, 'rank': 23, 'fitness': 0.21273854325585967, 'generation': 75}","{'id': 4083, 'rank': 24, 'fitness': 0.158678219438723, 'generation': 75}","{'id': 3964, 'rank': 25, 'fitness': 0.11192984624248675, 'generation': 75}","{'id': 4090, 'rank': 26, 'fitness': 0.06403418213069778, 'generation': 75}","{'id': 4057, 'rank': 27, 'fitness': 0.028878084809597193, 'generation': 75}","{'id': 4053, 'rank': 28, 'fitness': 0.026698668988875407, 'generation': 75}","{'id': 4076, 'rank': 29, 'fitness': 0.022144660540659444, 'generation': 75}","{'id': 4094, 'rank': 30, 'fitness': 0.01798620996209155, 'generation': 75}"
"{'id': 3840, 'rank': 1, 'fitness': 0.9820137900379085, 'generation': 76}","{'id': 3840, 'rank': 2, 'fitness': 0.9820137900379085, 'generation': 76}","{'id': 3840, 'rank': 3, 'fitness': 0.9820137900379085, 'generation': 76}","{'id': 3840, 'rank': 4, 'fitness': 0.9820137900379085, 'generation': 76}","{'id': 3905, 'rank': 5, 'fitness': 0.9752828034146428, 'generation': 76}","{'id': 3905, 'rank': 6, 'fitness': 0.9752828034146428, 'generation': 76}","{'id': 3823, 'rank': 7, 'fitness': 0.9648401195118279, 'generation': 76}","{'id': 4122, 'rank': 8, 'fitness': 0.9094238019446648, 'generation': 76}","{'id': 4122, 'rank': 9, 'fitness': 0.9094238019446648, 'generation': 76}","{'id': 4045, 'rank': 10, 'fitness': 0.8493415302823908, 'generation': 76}","{'id': 4114, 'rank': 11, 'fitness': 0.7834442991508284, 'generation': 76}","{'id': 4108, 'rank': 12, 'fitness': 0.7736834896216755, 'generation': 76}","{'id': 4116, 'rank': 13, 'fitness': 0.5976986638064767, 'generation': 76}","{'id': 4116, 'rank': 14, 'fitness': 0.5976986638064767, 'generation': 76}","{'id': 4043, 'rank': 15, 'fitness': 0.48316245994589474, 'generation': 76}","{'id': 3943, 'rank': 16, 'fitness': 0.44921940150510387, 'generation': 76}","{'id': 4134, 'rank': 17, 'fitness': 0.3787390390779868, 'generation': 76}","{'id': 4134, 'rank': 18, 'fitness': 0.3787390390779868, 'generation': 76}","{'id': 4032, 'rank': 19, 'fitness': 0.35783085355735644, 'generation': 76}","{'id': 4032, 'rank': 20, 'fitness': 0.35783085355735644, 'generation': 76}","{'id': 3958, 'rank': 21, 'fitness': 0.3470365582434259, 'generation': 76}","{'id': 3958, 'rank': 22, 'fitness': 0.3470365582434259, 'generation': 76}","{'id': 3958, 'rank': 23, 'fitness': 0.3470365582434259, 'generation': 76}","{'id': 3958, 'rank': 24, 'fitness': 0.3470365582434259, 'generation': 76}","{'id': 3958, 'rank': 25, 'fitness': 0.3470365582434259, 'generation': 76}","{'id': 3908, 'rank': 26, 'fitness': 0.3213256325080993, 'generation': 76}","{'id': 4100, 'rank': 27, 'fitness': 0.23451969052459026, 'generation': 76}","{'id': 4121, 'rank': 28, 'fitness': 0.1701835137815506, 'generation': 76}","{'id': 4104, 'rank': 29, 'fitness': 0.14727291437718876, 'generation': 76}","{'id': 4139, 'rank': 30, 'fitness': 0.01798620996209155, 'generation': 76}"
"{'id': 3840, 'rank': 1, 'fitness': 0.9820137900379085, 'generation': 77}","{'id': 3840, 'rank': 2, 'fitness': 0.9820137900379085, 'generation': 77}","{'id': 3840, 'rank': 3, 'fitness': 0.9820137900379085, 'generation': 77}","{'id': 3840, 'rank': 4, 'fitness': 0.9820137900379085, 'generation': 77}","{'id': 3823, 'rank': 5, 'fitness': 0.9669493006378633, 'generation': 77}","{'id': 4190, 'rank': 6, 'fitness': 0.9355272108585544, 'generation': 77}","{'id': 4190, 'rank': 7, 'fitness': 0.9355272108585544, 'generation': 77}","{'id': 4122, 'rank': 8, 'fitness': 0.9215988321605565, 'generation': 77}","{'id': 4122, 'rank': 9, 'fitness': 0.9215988321605565, 'generation': 77}","{'id': 4122, 'rank': 10, 'fitness': 0.9215988321605565, 'generation': 77}","{'id': 4151, 'rank': 11, 'fitness': 0.7311116818492306, 'generation': 77}","{'id': 4116, 'rank': 12, 'fitness': 0.675117594807199, 'generation': 77}","{'id': 4171, 'rank': 13, 'fitness': 0.6241079293679306, 'generation': 77}","{'id': 4134, 'rank': 14, 'fitness': 0.4809007381781237, 'generation': 77}","{'id': 4032, 'rank': 15, 'fitness': 0.46059355559944304, 'generation': 77}","{'id': 3958, 'rank': 16, 'fitness': 0.44995574628155327, 'generation': 77}","{'id': 4182, 'rank': 17, 'fitness': 0.366502778163195, 'generation': 77}","{'id': 4198, 'rank': 18, 'fitness': 0.3279425120984316, 'generation': 77}","{'id': 4189, 'rank': 19, 'fitness': 0.30982994705451894, 'generation': 77}","{'id': 4189, 'rank': 20, 'fitness': 0.30982994705451894, 'generation': 77}","{'id': 4188, 'rank': 21, 'fitness': 0.2639992893264383, 'generation': 77}","{'id': 4104, 'rank': 22, 'fitness': 0.22789034386882306, 'generation': 77}","{'id': 4196, 'rank': 23, 'fitness': 0.14723234255073409, 'generation': 77}","{'id': 4160, 'rank': 24, 'fitness': 0.11589723645440675, 'generation': 77}","{'id': 4170, 'rank': 25, 'fitness': 0.1157048689770121, 'generation': 77}","{'id': 4170, 'rank': 26, 'fitness': 0.1157048689770121, 'generation': 77}","{'id': 4180, 'rank': 27, 'fitness': 0.03950642397022058, 'generation': 77}","{'id': 4165, 'rank': 28, 'fitness': 0.03848496481795888, 'generation': 77}","{'id': 4176, 'rank': 29, 'fitness': 0.03746957677734569, 'generation': 77}","{'id': 4184, 'rank': 30, 'fitness': 0.01798620996209155, 'generation': 77}"
"{'id': 3840, 'rank': 1, 'fitness': 0.9820137900379085, 'generation': 78}","{'id': 3840, 'rank': 2, 'fitness': 0.9820137900379085, 'generation': 78}","{'id': 3840, 'rank': 3, 'fitness': 0.9820137900379085, 'generation': 78}","{'id': 4249, 'rank': 4, 'fitness': 0.942843955352355, 'generation': 78}","{'id': 4122, 'rank': 5, 'fitness': 0.9246393522833265, 'generation': 78}","{'id': 4122, 'rank': 6, 'fitness': 0.9246393522833265, 'generation': 78}","{'id': 4122, 'rank': 7, 'fitness': 0.9246393522833265, 'generation': 78}","{'id': 4217, 'rank': 8, 'fitness': 0.8787242974666669, 'generation': 78}","{'id': 4244, 'rank': 9, 'fitness': 0.8521530167910645, 'generation': 78}","{'id': 4116, 'rank': 10, 'fitness': 0.6947917815006623, 'generation': 78}","{'id': 4116, 'rank': 11, 'fitness': 0.6947917815006623, 'generation': 78}","{'id': 4205, 'rank': 12, 'fitness': 0.6936250249233302, 'generation': 78}","{'id': 4211, 'rank': 13, 'fitness': 0.6217848862821991, 'generation': 78}","{'id': 4223, 'rank': 14, 'fitness': 0.540613648486212, 'generation': 78}","{'id': 4134, 'rank': 15, 'fitness': 0.5093238293744686, 'generation': 78}","{'id': 4221, 'rank': 16, 'fitness': 0.4805657692242694, 'generation': 78}","{'id': 4221, 'rank': 17, 'fitness': 0.4805657692242694, 'generation': 78}","{'id': 3958, 'rank': 18, 'fitness': 0.479101084907894, 'generation': 78}","{'id': 4198, 'rank': 19, 'fitness': 0.3575794500555076, 'generation': 78}","{'id': 4198, 'rank': 20, 'fitness': 0.3575794500555076, 'generation': 78}","{'id': 4216, 'rank': 21, 'fitness': 0.2987063124839511, 'generation': 78}","{'id': 4216, 'rank': 22, 'fitness': 0.2987063124839511, 'generation': 78}","{'id': 4228, 'rank': 23, 'fitness': 0.1704966347713644, 'generation': 78}","{'id': 4196, 'rank': 24, 'fitness': 0.16855996150177188, 'generation': 78}","{'id': 4170, 'rank': 25, 'fitness': 0.13407434952292951, 'generation': 78}","{'id': 4236, 'rank': 26, 'fitness': 0.09241026887876086, 'generation': 78}","{'id': 4242, 'rank': 27, 'fitness': 0.0805225949815162, 'generation': 78}","{'id': 4227, 'rank': 28, 'fitness': 0.04113530583152225, 'generation': 78}","{'id': 4207, 'rank': 29, 'fitness': 0.03493909133826856, 'generation': 78}","{'id': 4201, 'rank': 30, 'fitness': 0.01798620996209155, 'generation': 78}"
"{'id': 4258, 'rank': 1, 'fitness': 0.9820137900379085, 'generation': 79}","{'id': 3840, 'rank': 2, 'fitness': 0.9561811087206777, 'generation': 79}","{'id': 4122, 'rank': 3, 'fitness': 0.7849471044599268, 'generation': 79}","{'id': 4122, 'rank': 4, 'fitness': 0.7849471044599268, 'generation': 79}","{'id': 4122, 'rank': 5, 'fitness': 0.7849471044599268, 'generation': 79}","{'id': 4310, 'rank': 6, 'fitness': 0.569925973408666, 'generation': 79}","{'id': 4310, 'rank': 7, 'fitness': 0.569925973408666, 'generation': 79}","{'id': 4274, 'rank': 8, 'fitness': 0.4457989971608042, 'generation': 79}","{'id': 4296, 'rank': 9, 'fitness': 0.4047819261177119, 'generation': 79}","{'id': 4116, 'rank': 10, 'fitness': 0.3267467701996226, 'generation': 79}","{'id': 4116, 'rank': 11, 'fitness': 0.3267467701996226, 'generation': 79}","{'id': 4276, 'rank': 12, 'fitness': 0.2450432807026265, 'generation': 79}","{'id': 4276, 'rank': 13, 'fitness': 0.2450432807026265, 'generation': 79}","{'id': 4134, 'rank': 14, 'fitness': 0.15928227048480514, 'generation': 79}","{'id': 4221, 'rank': 15, 'fitness': 0.14167902939951182, 'generation': 79}","{'id': 4221, 'rank': 16, 'fitness': 0.14167902939951182, 'generation': 79}","{'id': 4281, 'rank': 17, 'fitness': 0.13756252026304588, 'generation': 79}","{'id': 4198, 'rank': 18, 'fitness': 0.08241184085031339, 'generation': 79}","{'id': 4198, 'rank': 19, 'fitness': 0.08241184085031339, 'generation': 79}","{'id': 4216, 'rank': 20, 'fitness': 0.061196106246912685, 'generation': 79}","{'id': 4216, 'rank': 21, 'fitness': 0.061196106246912685, 'generation': 79}","{'id': 4280, 'rank': 22, 'fitness': 0.04836926428713312, 'generation': 79}","{'id': 4275, 'rank': 23, 'fitness': 0.04028273967705942, 'generation': 79}","{'id': 4279, 'rank': 24, 'fitness': 0.03639020832413864, 'generation': 79}","{'id': 4279, 'rank': 25, 'fitness': 0.03639020832413864, 'generation': 79}","{'id': 4295, 'rank': 26, 'fitness': 0.028856636444216432, 'generation': 79}","{'id': 4228, 'rank': 27, 'fitness': 0.02651211823605948, 'generation': 79}","{'id': 4196, 'rank': 28, 'fitness': 0.026090167153985766, 'generation': 79}","{'id': 4263, 'rank': 29, 'fitness': 0.01798620996209155, 'generation': 79}","{'id': 4263, 'rank': 30, 'fitness': 0.01798620996209155, 'generation': 79}"
"{'id': 4258, 'rank': 1, 'fitness': 0.9820137900379085, 'generation': 80}","{'id': 4258, 'rank': 2, 'fitness': 0.9820137900379085, 'generation': 80}","{'id': 4334, 'rank': 3, 'fitness': 0.9693569658257908, 'generation': 80}","{'id': 3840, 'rank': 4, 'fitness': 0.9607315080012965, 'generation': 80}","{'id': 3840, 'rank': 5, 'fitness': 0.9607315080012965, 'generation': 80}","{'id': 4340, 'rank': 6, 'fitness': 0.9526565326041788, 'generation': 80}","{'id': 4316, 'rank': 7, 'fitness': 0.8807839885066889, 'generation': 80}","{'id': 4316, 'rank': 8, 'fitness': 0.8807839885066889, 'generation': 80}","{'id': 4122, 'rank': 9, 'fitness': 0.8364646104292041, 'generation': 80}","{'id': 4122, 'rank': 10, 'fitness': 0.8364646104292041, 'generation': 80}","{'id': 4338, 'rank': 11, 'fitness': 0.8294934135137187, 'generation': 80}","{'id': 4338, 'rank': 12, 'fitness': 0.8294934135137187, 'generation': 80}","{'id': 4325, 'rank': 13, 'fitness': 0.7793920717107321, 'generation': 80}","{'id': 4354, 'rank': 14, 'fitness': 0.7069676636228617, 'generation': 80}","{'id': 4329, 'rank': 15, 'fitness': 0.6880732586938387, 'generation': 80}","{'id': 4329, 'rank': 16, 'fitness': 0.6880732586938387, 'generation': 80}","{'id': 4310, 'rank': 17, 'fitness': 0.6781633081172712, 'generation': 80}","{'id': 4310, 'rank': 18, 'fitness': 0.6781633081172712, 'generation': 80}","{'id': 4116, 'rank': 19, 'fitness': 0.46658638920948353, 'generation': 80}","{'id': 4322, 'rank': 20, 'fitness': 0.4053760965534742, 'generation': 80}","{'id': 4276, 'rank': 21, 'fitness': 0.380844168182376, 'generation': 80}","{'id': 4276, 'rank': 22, 'fitness': 0.380844168182376, 'generation': 80}","{'id': 4221, 'rank': 23, 'fitness': 0.2539196318791613, 'generation': 80}","{'id': 4337, 'rank': 24, 'fitness': 0.20513548723879704, 'generation': 80}","{'id': 4198, 'rank': 25, 'fitness': 0.16651768636191733, 'generation': 80}","{'id': 4330, 'rank': 26, 'fitness': 0.11006581332439275, 'generation': 80}","{'id': 4275, 'rank': 27, 'fitness': 0.09310261842481998, 'generation': 80}","{'id': 4228, 'rank': 28, 'fitness': 0.06568509427156982, 'generation': 80}","{'id': 4345, 'rank': 29, 'fitness': 0.04027523863914001, 'generation': 80}","{'id': 4336, 'rank': 30, 'fitness': 0.01798620996209155, 'generation': 80}"
"{'id': 4258, 'rank': 1, 'fitness': 0.9820137900379085, 'generation': 81}","{'id': 4258, 'rank': 2, 'fitness': 0.9820137900379085, 'generation': 81}","{'id': 4385, 'rank': 3, 'fitness': 0.977527148613998, 'generation': 81}","{'id': 4395, 'rank': 4, 'fitness': 0.971087537154955, 'generation': 81}","{'id': 4334, 'rank': 5, 'fitness': 0.9699169665484946, 'generation': 81}","{'id': 4406, 'rank': 6, 'fitness': 0.9534812979409876, 'generation': 81}","{'id': 4316, 'rank': 7, 'fitness': 0.8879116443107157, 'generation': 81}","{'id': 4400, 'rank': 8, 'fitness': 0.8793858266297555, 'generation': 81}","{'id': 4122, 'rank': 9, 'fitness': 0.8474423488444456, 'generation': 81}","{'id': 4122, 'rank': 10, 'fitness': 0.8474423488444456, 'generation': 81}","{'id': 4122, 'rank': 11, 'fitness': 0.8474423488444456, 'generation': 81}","{'id': 4122, 'rank': 12, 'fitness': 0.8474423488444456, 'generation': 81}","{'id': 4122, 'rank': 13, 'fitness': 0.8474423488444456, 'generation': 81}","{'id': 4338, 'rank': 14, 'fitness': 0.8410836663677101, 'generation': 81}","{'id': 4338, 'rank': 15, 'fitness': 0.8410836663677101, 'generation': 81}","{'id': 4354, 'rank': 16, 'fitness': 0.7289728449178935, 'generation': 81}","{'id': 4322, 'rank': 17, 'fitness': 0.44266551481548366, 'generation': 81}","{'id': 4276, 'rank': 18, 'fitness': 0.4183332535056521, 'generation': 81}","{'id': 4276, 'rank': 19, 'fitness': 0.4183332535056521, 'generation': 81}","{'id': 4394, 'rank': 20, 'fitness': 0.2709461025082055, 'generation': 81}","{'id': 4366, 'rank': 21, 'fitness': 0.1880618516013054, 'generation': 81}","{'id': 4411, 'rank': 22, 'fitness': 0.17303611216881615, 'generation': 81}","{'id': 4392, 'rank': 23, 'fitness': 0.1702692426889208, 'generation': 81}","{'id': 4392, 'rank': 24, 'fitness': 0.1702692426889208, 'generation': 81}","{'id': 4330, 'rank': 25, 'fitness': 0.13264009853482694, 'generation': 81}","{'id': 4358, 'rank': 26, 'fitness': 0.05274913250528468, 'generation': 81}","{'id': 4358, 'rank': 27, 'fitness': 0.05274913250528468, 'generation': 81}","{'id': 4420, 'rank': 28, 'fitness': 0.0373332333877508, 'generation': 81}","{'id': 4396, 'rank': 29, 'fitness': 0.030088562698419252, 'generation': 81}","{'id': 4370, 'rank': 30, 'fitness': 0.01798620996209155, 'generation': 81}"
"{'id': 4258, 'rank': 1, 'fitness': 0.9820137900379085, 'generation': 82}","{'id': 4385, 'rank': 2, 'fitness': 0.9775032938656963, 'generation': 82}","{'id': 4334, 'rank': 3, 'fitness': 0.9698434859431124, 'generation': 82}","{'id': 4334, 'rank': 4, 'fitness': 0.9698434859431124, 'generation': 82}","{'id': 4338, 'rank': 5, 'fitness': 0.8395884723505238, 'generation': 82}","{'id': 4431, 'rank': 6, 'fitness': 0.8047003039834696, 'generation': 82}","{'id': 4354, 'rank': 7, 'fitness': 0.7261231588744183, 'generation': 82}","{'id': 4447, 'rank': 8, 'fitness': 0.482647850277338, 'generation': 82}","{'id': 4322, 'rank': 9, 'fitness': 0.4376875890676612, 'generation': 82}","{'id': 4276, 'rank': 10, 'fitness': 0.41331102951763127, 'generation': 82}","{'id': 4276, 'rank': 11, 'fitness': 0.41331102951763127, 'generation': 82}","{'id': 4474, 'rank': 12, 'fitness': 0.2232475705304976, 'generation': 82}","{'id': 4474, 'rank': 13, 'fitness': 0.2232475705304976, 'generation': 82}","{'id': 4474, 'rank': 14, 'fitness': 0.2232475705304976, 'generation': 82}","{'id': 4435, 'rank': 15, 'fitness': 0.21917516897665745, 'generation': 82}","{'id': 4442, 'rank': 16, 'fitness': 0.14886105137314287, 'generation': 82}","{'id': 4442, 'rank': 17, 'fitness': 0.14886105137314287, 'generation': 82}","{'id': 4330, 'rank': 18, 'fitness': 0.12944411474875656, 'generation': 82}","{'id': 4441, 'rank': 19, 'fitness': 0.0963192641113923, 'generation': 82}","{'id': 4441, 'rank': 20, 'fitness': 0.0963192641113923, 'generation': 82}","{'id': 4441, 'rank': 21, 'fitness': 0.0963192641113923, 'generation': 82}","{'id': 4464, 'rank': 22, 'fitness': 0.06801531958450918, 'generation': 82}","{'id': 4460, 'rank': 23, 'fitness': 0.05480733759898054, 'generation': 82}","{'id': 4450, 'rank': 24, 'fitness': 0.05123620067124163, 'generation': 82}","{'id': 4358, 'rank': 25, 'fitness': 0.05112959350035473, 'generation': 82}","{'id': 4458, 'rank': 26, 'fitness': 0.04270421802755647, 'generation': 82}","{'id': 4428, 'rank': 27, 'fitness': 0.036593788864307975, 'generation': 82}","{'id': 4427, 'rank': 28, 'fitness': 0.0262128121300913, 'generation': 82}","{'id': 4444, 'rank': 29, 'fitness': 0.025450051482556413, 'generation': 82}","{'id': 4436, 'rank': 30, 'fitness': 0.01798620996209155, 'generation': 82}"
"{'id': 4258, 'rank': 1, 'fitness': 0.9820137900379085, 'generation': 83}","{'id': 4385, 'rank': 2, 'fitness': 0.9769939316246334, 'generation': 83}","{'id': 4334, 'rank': 3, 'fitness': 0.968251196415433, 'generation': 83}","{'id': 4528, 'rank': 4, 'fitness': 0.9528279905259154, 'generation': 83}","{'id': 4514, 'rank': 5, 'fitness': 0.7413798997673746, 'generation': 83}","{'id': 4514, 'rank': 6, 'fitness': 0.7413798997673746, 'generation': 83}","{'id': 4514, 'rank': 7, 'fitness': 0.7413798997673746, 'generation': 83}","{'id': 4500, 'rank': 8, 'fitness': 0.692613210109348, 'generation': 83}","{'id': 4500, 'rank': 9, 'fitness': 0.692613210109348, 'generation': 83}","{'id': 4529, 'rank': 10, 'fitness': 0.6054285916439621, 'generation': 83}","{'id': 4511, 'rank': 11, 'fitness': 0.4893709141282617, 'generation': 83}","{'id': 4447, 'rank': 12, 'fitness': 0.3827972880756849, 'generation': 83}","{'id': 4447, 'rank': 13, 'fitness': 0.3827972880756849, 'generation': 83}","{'id': 4484, 'rank': 14, 'fitness': 0.35280991868412503, 'generation': 83}","{'id': 4322, 'rank': 15, 'fitness': 0.3369362026031889, 'generation': 83}","{'id': 4276, 'rank': 16, 'fitness': 0.3128720511949403, 'generation': 83}","{'id': 4276, 'rank': 17, 'fitness': 0.3128720511949403, 'generation': 83}","{'id': 4512, 'rank': 18, 'fitness': 0.28813230513025045, 'generation': 83}","{'id': 4486, 'rank': 19, 'fitness': 0.2416646002031379, 'generation': 83}","{'id': 4474, 'rank': 20, 'fitness': 0.145142878126636, 'generation': 83}","{'id': 4474, 'rank': 21, 'fitness': 0.145142878126636, 'generation': 83}","{'id': 4474, 'rank': 22, 'fitness': 0.145142878126636, 'generation': 83}","{'id': 4474, 'rank': 23, 'fitness': 0.145142878126636, 'generation': 83}","{'id': 4498, 'rank': 24, 'fitness': 0.12559042005266252, 'generation': 83}","{'id': 4442, 'rank': 25, 'fitness': 0.08949882118709485, 'generation': 83}","{'id': 4509, 'rank': 26, 'fitness': 0.08152797794356004, 'generation': 83}","{'id': 4464, 'rank': 27, 'fitness': 0.03621220348463916, 'generation': 83}","{'id': 4358, 'rank': 28, 'fitness': 0.026205508618355355, 'generation': 83}","{'id': 4494, 'rank': 29, 'fitness': 0.022905966936760114, 'generation': 83}","{'id': 4428, 'rank': 30, 'fitness': 0.01798620996209155, 'generation': 83}"
"{'id': 4258, 'rank': 1, 'fitness': 0.9820137900379085, 'generation': 84}","{'id': 4334, 'rank': 2, 'fitness': 0.967032331389864, 'generation': 84}","{'id': 4334, 'rank': 3, 'fitness': 0.967032331389864, 'generation': 84}","{'id': 4528, 'rank': 4, 'fitness': 0.9497485914113856, 'generation': 84}","{'id': 4514, 'rank': 5, 'fitness': 0.7018559835539904, 'generation': 84}","{'id': 4514, 'rank': 6, 'fitness': 0.7018559835539904, 'generation': 84}","{'id': 4514, 'rank': 7, 'fitness': 0.7018559835539904, 'generation': 84}","{'id': 4500, 'rank': 8, 'fitness': 0.6454884464625701, 'generation': 84}","{'id': 4558, 'rank': 9, 'fitness': 0.6172150526695546, 'generation': 84}","{'id': 4511, 'rank': 10, 'fitness': 0.4224383143263606, 'generation': 84}","{'id': 4551, 'rank': 11, 'fitness': 0.39534750462203794, 'generation': 84}","{'id': 4556, 'rank': 12, 'fitness': 0.3934025920719161, 'generation': 84}","{'id': 4556, 'rank': 13, 'fitness': 0.3934025920719161, 'generation': 84}","{'id': 4447, 'rank': 14, 'fitness': 0.31495974665053555, 'generation': 84}","{'id': 4544, 'rank': 15, 'fitness': 0.31475064874916103, 'generation': 84}","{'id': 4544, 'rank': 16, 'fitness': 0.31475064874916103, 'generation': 84}","{'id': 4544, 'rank': 17, 'fitness': 0.31475064874916103, 'generation': 84}","{'id': 4322, 'rank': 18, 'fitness': 0.2709829945216722, 'generation': 84}","{'id': 4276, 'rank': 19, 'fitness': 0.24848168442673835, 'generation': 84}","{'id': 4555, 'rank': 20, 'fitness': 0.23276126944680342, 'generation': 84}","{'id': 4512, 'rank': 21, 'fitness': 0.22577142213158835, 'generation': 84}","{'id': 4486, 'rank': 22, 'fitness': 0.1843076170643631, 'generation': 84}","{'id': 4474, 'rank': 23, 'fitness': 0.10347794792093157, 'generation': 84}","{'id': 4474, 'rank': 24, 'fitness': 0.10347794792093157, 'generation': 84}","{'id': 4474, 'rank': 25, 'fitness': 0.10347794792093157, 'generation': 84}","{'id': 4474, 'rank': 26, 'fitness': 0.10347794792093157, 'generation': 84}","{'id': 4572, 'rank': 27, 'fitness': 0.08759358556745339, 'generation': 84}","{'id': 4570, 'rank': 28, 'fitness': 0.08044299492324902, 'generation': 84}","{'id': 4442, 'rank': 29, 'fitness': 0.060525473084228176, 'generation': 84}","{'id': 4547, 'rank': 30, 'fitness': 0.01798620996209155, 'generation': 84}"
"{'id': 4334, 'rank': 1, 'fitness': 0.9820137900379085, 'generation': 85}","{'id': 4334, 'rank': 2, 'fitness': 0.9820137900379085, 'generation': 85}","{'id': 4334, 'rank': 3, 'fitness': 0.9820137900379085, 'generation': 85}","{'id': 4334, 'rank': 4, 'fitness': 0.9820137900379085, 'generation': 85}","{'id': 4594, 'rank': 5, 'fitness': 0.8800148939382352, 'generation': 85}","{'id': 4579, 'rank': 6, 'fitness': 0.8652487716534204, 'generation': 85}","{'id': 4607, 'rank': 7, 'fitness': 0.7575412782201298, 'generation': 85}","{'id': 4514, 'rank': 8, 'fitness': 0.6505224415114822, 'generation': 85}","{'id': 4558, 'rank': 9, 'fitness': 0.5285948016598319, 'generation': 85}","{'id': 4558, 'rank': 10, 'fitness': 0.5285948016598319, 'generation': 85}","{'id': 4603, 'rank': 11, 'fitness': 0.30823257043823005, 'generation': 85}","{'id': 4598, 'rank': 12, 'fitness': 0.29677740228999383, 'generation': 85}","{'id': 4511, 'rank': 13, 'fitness': 0.2800327433692831, 'generation': 85}","{'id': 4511, 'rank': 14, 'fitness': 0.2800327433692831, 'generation': 85}","{'id': 4511, 'rank': 15, 'fitness': 0.2800327433692831, 'generation': 85}","{'id': 4551, 'rank': 16, 'fitness': 0.25077810527087585, 'generation': 85}","{'id': 4556, 'rank': 17, 'fitness': 0.2487344430796104, 'generation': 85}","{'id': 4614, 'rank': 18, 'fitness': 0.20173729677321361, 'generation': 85}","{'id': 4447, 'rank': 19, 'fitness': 0.17276990349793653, 'generation': 85}","{'id': 4544, 'rank': 20, 'fitness': 0.17258443464209827, 'generation': 85}","{'id': 4544, 'rank': 21, 'fitness': 0.17258443464209827, 'generation': 85}","{'id': 4322, 'rank': 22, 'fitness': 0.1357689065551314, 'generation': 85}","{'id': 4595, 'rank': 23, 'fitness': 0.13137233017361627, 'generation': 85}","{'id': 4601, 'rank': 24, 'fitness': 0.09520895066962826, 'generation': 85}","{'id': 4580, 'rank': 25, 'fitness': 0.09131846980891706, 'generation': 85}","{'id': 4606, 'rank': 26, 'fitness': 0.03690591914811914, 'generation': 85}","{'id': 4572, 'rank': 27, 'fitness': 0.024987918522691943, 'generation': 85}","{'id': 4610, 'rank': 28, 'fitness': 0.02049278253714082, 'generation': 85}","{'id': 4610, 'rank': 29, 'fitness': 0.02049278253714082, 'generation': 85}","{'id': 4577, 'rank': 30, 'fitness': 0.01798620996209155, 'generation': 85}"
"{'id': 4334, 'rank': 1, 'fitness': 0.9820137900379085, 'generation': 86}","{'id': 4334, 'rank': 2, 'fitness': 0.9820137900379085, 'generation': 86}","{'id': 4334, 'rank': 3, 'fitness': 0.9820137900379085, 'generation': 86}","{'id': 4334, 'rank': 4, 'fitness': 0.9820137900379085, 'generation': 86}","{'id': 4334, 'rank': 5, 'fitness': 0.9820137900379085, 'generation': 86}","{'id': 4594, 'rank': 6, 'fitness': 0.9371173149485872, 'generation': 86}","{'id': 4646, 'rank': 7, 'fitness': 0.9326162197174015, 'generation': 86}","{'id': 4514, 'rank': 8, 'fitness': 0.8599149500304113, 'generation': 86}","{'id': 4637, 'rank': 9, 'fitness': 0.8179235698295524, 'generation': 86}","{'id': 4637, 'rank': 10, 'fitness': 0.8179235698295524, 'generation': 86}","{'id': 4637, 'rank': 11, 'fitness': 0.8179235698295524, 'generation': 86}","{'id': 4558, 'rank': 12, 'fitness': 0.8155899824033734, 'generation': 86}","{'id': 4558, 'rank': 13, 'fitness': 0.8155899824033734, 'generation': 86}","{'id': 4636, 'rank': 14, 'fitness': 0.8027617494727419, 'generation': 86}","{'id': 4636, 'rank': 15, 'fitness': 0.8027617494727419, 'generation': 86}","{'id': 4511, 'rank': 16, 'fitness': 0.6903777325883937, 'generation': 86}","{'id': 4511, 'rank': 17, 'fitness': 0.6903777325883937, 'generation': 86}","{'id': 4659, 'rank': 18, 'fitness': 0.6676163080573028, 'generation': 86}","{'id': 4633, 'rank': 19, 'fitness': 0.6429201335463368, 'generation': 86}","{'id': 4658, 'rank': 20, 'fitness': 0.6031581713000556, 'generation': 86}","{'id': 4649, 'rank': 21, 'fitness': 0.6012662945461411, 'generation': 86}","{'id': 4544, 'rank': 22, 'fitness': 0.5984072808683634, 'generation': 86}","{'id': 4630, 'rank': 23, 'fitness': 0.5498057655994625, 'generation': 86}","{'id': 4635, 'rank': 24, 'fitness': 0.35229369357870133, 'generation': 86}","{'id': 4606, 'rank': 25, 'fitness': 0.33244962414985024, 'generation': 86}","{'id': 4639, 'rank': 26, 'fitness': 0.30663510203552535, 'generation': 86}","{'id': 4572, 'rank': 27, 'fitness': 0.2774127706154933, 'generation': 86}","{'id': 4610, 'rank': 28, 'fitness': 0.251884693669365, 'generation': 86}","{'id': 4610, 'rank': 29, 'fitness': 0.251884693669365, 'generation': 86}","{'id': 4629, 'rank': 30, 'fitness': 0.01798620996209155, 'generation': 86}"
"{'id': 4728, 'rank': 1, 'fitness': 0.9820137900379085, 'generation': 87}","{'id': 4728, 'rank': 2, 'fitness': 0.9820137900379085, 'generation': 87}","{'id': 4702, 'rank': 3, 'fitness': 0.9429156592912105, 'generation': 87}","{'id': 4702, 'rank': 4, 'fitness': 0.9429156592912105, 'generation': 87}","{'id': 4514, 'rank': 5, 'fitness': 0.9400970799507449, 'generation': 87}","{'id': 4637, 'rank': 6, 'fitness': 0.9159539452132117, 'generation': 87}","{'id': 4637, 'rank': 7, 'fitness': 0.9159539452132117, 'generation': 87}","{'id': 4558, 'rank': 8, 'fitness': 0.9145414632448277, 'generation': 87}","{'id': 4558, 'rank': 9, 'fitness': 0.9145414632448277, 'generation': 87}","{'id': 4511, 'rank': 10, 'fitness': 0.8278634863918637, 'generation': 87}","{'id': 4511, 'rank': 11, 'fitness': 0.8278634863918637, 'generation': 87}","{'id': 4682, 'rank': 12, 'fitness': 0.7892770935402308, 'generation': 87}","{'id': 4676, 'rank': 13, 'fitness': 0.6955681639348311, 'generation': 87}","{'id': 4676, 'rank': 14, 'fitness': 0.6955681639348311, 'generation': 87}","{'id': 4707, 'rank': 15, 'fitness': 0.5824096979987529, 'generation': 87}","{'id': 4718, 'rank': 16, 'fitness': 0.5440937638112869, 'generation': 87}","{'id': 4711, 'rank': 17, 'fitness': 0.518796980702587, 'generation': 87}","{'id': 4635, 'rank': 18, 'fitness': 0.4807256944797806, 'generation': 87}","{'id': 4606, 'rank': 19, 'fitness': 0.4550992674895439, 'generation': 87}","{'id': 4678, 'rank': 20, 'fitness': 0.4225599985792685, 'generation': 87}","{'id': 4639, 'rank': 21, 'fitness': 0.4209688493011654, 'generation': 87}","{'id': 4692, 'rank': 22, 'fitness': 0.24634463341015062, 'generation': 87}","{'id': 4692, 'rank': 23, 'fitness': 0.24634463341015062, 'generation': 87}","{'id': 4669, 'rank': 24, 'fitness': 0.11493872019921653, 'generation': 87}","{'id': 4723, 'rank': 25, 'fitness': 0.08420700493652944, 'generation': 87}","{'id': 4723, 'rank': 26, 'fitness': 0.08420700493652944, 'generation': 87}","{'id': 4684, 'rank': 27, 'fitness': 0.0708700965724871, 'generation': 87}","{'id': 4683, 'rank': 28, 'fitness': 0.05166894176191855, 'generation': 87}","{'id': 4687, 'rank': 29, 'fitness': 0.03535496319285886, 'generation': 87}","{'id': 4719, 'rank': 30, 'fitness': 0.01798620996209155, 'generation': 87}"
"{'id': 4728, 'rank': 1, 'fitness': 0.9820137900379085, 'generation': 88}","{'id': 4757, 'rank': 2, 'fitness': 0.971242441648422, 'generation': 88}","{'id': 4791, 'rank': 3, 'fitness': 0.9382853458320749, 'generation': 88}","{'id': 4791, 'rank': 4, 'fitness': 0.9382853458320749, 'generation': 88}","{'id': 4558, 'rank': 5, 'fitness': 0.9228147314882794, 'generation': 88}","{'id': 4771, 'rank': 6, 'fitness': 0.8654275841196, 'generation': 88}","{'id': 4754, 'rank': 7, 'fitness': 0.8451533531617373, 'generation': 88}","{'id': 4676, 'rank': 8, 'fitness': 0.7392595966739106, 'generation': 88}","{'id': 4676, 'rank': 9, 'fitness': 0.7392595966739106, 'generation': 88}","{'id': 4790, 'rank': 10, 'fitness': 0.7289487069336218, 'generation': 88}","{'id': 4790, 'rank': 11, 'fitness': 0.7289487069336218, 'generation': 88}","{'id': 4790, 'rank': 12, 'fitness': 0.7289487069336218, 'generation': 88}","{'id': 4738, 'rank': 13, 'fitness': 0.7189363656730776, 'generation': 88}","{'id': 4738, 'rank': 14, 'fitness': 0.7189363656730776, 'generation': 88}","{'id': 4751, 'rank': 15, 'fitness': 0.7109240105164376, 'generation': 88}","{'id': 4769, 'rank': 16, 'fitness': 0.6695872493447558, 'generation': 88}","{'id': 4635, 'rank': 17, 'fitness': 0.549870452917535, 'generation': 88}","{'id': 4639, 'rank': 18, 'fitness': 0.4937304618107884, 'generation': 88}","{'id': 4692, 'rank': 19, 'fitness': 0.31645342247669683, 'generation': 88}","{'id': 4692, 'rank': 20, 'fitness': 0.31645342247669683, 'generation': 88}","{'id': 4746, 'rank': 21, 'fitness': 0.2700712470710088, 'generation': 88}","{'id': 4746, 'rank': 22, 'fitness': 0.2700712470710088, 'generation': 88}","{'id': 4752, 'rank': 23, 'fitness': 0.2202509735992576, 'generation': 88}","{'id': 4779, 'rank': 24, 'fitness': 0.14115935801775453, 'generation': 88}","{'id': 4723, 'rank': 25, 'fitness': 0.12431686557170052, 'generation': 88}","{'id': 4788, 'rank': 26, 'fitness': 0.10040127438818269, 'generation': 88}","{'id': 4796, 'rank': 27, 'fitness': 0.08742132544034209, 'generation': 88}","{'id': 4766, 'rank': 28, 'fitness': 0.07917145573961998, 'generation': 88}","{'id': 4781, 'rank': 29, 'fitness': 0.023204753320705374, 'generation': 88}","{'id': 4739, 'rank': 30, 'fitness': 0.01798620996209155, 'generation': 88}"
"{'id': 4728, 'rank': 1, 'fitness': 0.9820137900379085, 'generation': 89}","{'id': 4728, 'rank': 2, 'fitness': 0.9820137900379085, 'generation': 89}","{'id': 4757, 'rank': 3, 'fitness': 0.9712787373216802, 'generation': 89}","{'id': 4558, 'rank': 4, 'fitness': 0.9231070763380397, 'generation': 89}","{'id': 4558, 'rank': 5, 'fitness': 0.9231070763380397, 'generation': 89}","{'id': 4771, 'rank': 6, 'fitness': 0.866100499304383, 'generation': 89}","{'id': 4822, 'rank': 7, 'fitness': 0.8607222218649279, 'generation': 89}","{'id': 4823, 'rank': 8, 'fitness': 0.7529192883009272, 'generation': 89}","{'id': 4790, 'rank': 9, 'fitness': 0.7305560593748928, 'generation': 89}","{'id': 4790, 'rank': 10, 'fitness': 0.7305560593748928, 'generation': 89}","{'id': 4738, 'rank': 11, 'fitness': 0.7206076415838103, 'generation': 89}","{'id': 4751, 'rank': 12, 'fitness': 0.7126456815796803, 'generation': 89}","{'id': 4769, 'rank': 13, 'fitness': 0.6715569171811513, 'generation': 89}","{'id': 4769, 'rank': 14, 'fitness': 0.6715569171811513, 'generation': 89}","{'id': 4825, 'rank': 15, 'fitness': 0.6281821315611934, 'generation': 89}","{'id': 4849, 'rank': 16, 'fitness': 0.5896174296745024, 'generation': 89}","{'id': 4849, 'rank': 17, 'fitness': 0.5896174296745024, 'generation': 89}","{'id': 4639, 'rank': 18, 'fitness': 0.49645427984518326, 'generation': 89}","{'id': 4831, 'rank': 19, 'fitness': 0.4802166093371771, 'generation': 89}","{'id': 4861, 'rank': 20, 'fitness': 0.448349980432953, 'generation': 89}","{'id': 4847, 'rank': 21, 'fitness': 0.42845968778513177, 'generation': 89}","{'id': 4812, 'rank': 22, 'fitness': 0.26742253395791543, 'generation': 89}","{'id': 4817, 'rank': 23, 'fitness': 0.24603042084548354, 'generation': 89}","{'id': 4798, 'rank': 24, 'fitness': 0.16386796511738988, 'generation': 89}","{'id': 4810, 'rank': 25, 'fitness': 0.16270371964265795, 'generation': 89}","{'id': 4805, 'rank': 26, 'fitness': 0.11803866732023632, 'generation': 89}","{'id': 4828, 'rank': 27, 'fitness': 0.07172323533041436, 'generation': 89}","{'id': 4848, 'rank': 28, 'fitness': 0.04733179741058974, 'generation': 89}","{'id': 4850, 'rank': 29, 'fitness': 0.039554789998842654, 'generation': 89}","{'id': 4853, 'rank': 30, 'fitness': 0.01798620996209155, 'generation': 89}"
"{'id': 4894, 'rank': 1, 'fitness': 0.9820137900379085, 'generation': 90}","{'id': 4905, 'rank': 2, 'fitness': 0.9517608368744849, 'generation': 90}","{'id': 4558, 'rank': 3, 'fitness': 0.9029078977536443, 'generation': 90}","{'id': 4558, 'rank': 4, 'fitness': 0.9029078977536443, 'generation': 90}","{'id': 4823, 'rank': 5, 'fitness': 0.7076675039509976, 'generation': 90}","{'id': 4890, 'rank': 6, 'fitness': 0.6948419035809924, 'generation': 90}","{'id': 4790, 'rank': 7, 'fitness': 0.6833981660400112, 'generation': 90}","{'id': 4738, 'rank': 8, 'fitness': 0.6726914775733671, 'generation': 90}","{'id': 4917, 'rank': 9, 'fitness': 0.659473592115895, 'generation': 90}","{'id': 4769, 'rank': 10, 'fitness': 0.6206743225764665, 'generation': 90}","{'id': 4769, 'rank': 11, 'fitness': 0.6206743225764665, 'generation': 90}","{'id': 4825, 'rank': 12, 'fitness': 0.5756913656829995, 'generation': 90}","{'id': 4825, 'rank': 13, 'fitness': 0.5756913656829995, 'generation': 90}","{'id': 4896, 'rank': 14, 'fitness': 0.5591370650160176, 'generation': 90}","{'id': 4849, 'rank': 15, 'fitness': 0.5364472753844042, 'generation': 90}","{'id': 4925, 'rank': 16, 'fitness': 0.5299355686257833, 'generation': 90}","{'id': 4877, 'rank': 17, 'fitness': 0.3346151430279161, 'generation': 90}","{'id': 4877, 'rank': 18, 'fitness': 0.3346151430279161, 'generation': 90}","{'id': 4880, 'rank': 19, 'fitness': 0.28387649840119367, 'generation': 90}","{'id': 4798, 'rank': 20, 'fitness': 0.14070675793229748, 'generation': 90}","{'id': 4798, 'rank': 21, 'fitness': 0.14070675793229748, 'generation': 90}","{'id': 4873, 'rank': 22, 'fitness': 0.11659019149833183, 'generation': 90}","{'id': 4908, 'rank': 23, 'fitness': 0.09829327943116795, 'generation': 90}","{'id': 4883, 'rank': 24, 'fitness': 0.08809108059412651, 'generation': 90}","{'id': 4892, 'rank': 25, 'fitness': 0.051700402773953213, 'generation': 90}","{'id': 4904, 'rank': 26, 'fitness': 0.040360919728555766, 'generation': 90}","{'id': 4919, 'rank': 27, 'fitness': 0.03663351618690125, 'generation': 90}","{'id': 4921, 'rank': 28, 'fitness': 0.022163543412555387, 'generation': 90}","{'id': 4874, 'rank': 29, 'fitness': 0.020884423969430854, 'generation': 90}","{'id': 4895, 'rank': 30, 'fitness': 0.01798620996209155, 'generation': 90}"
"{'id': 4894, 'rank': 1, 'fitness': 0.9820137900379085, 'generation': 91}","{'id': 4894, 'rank': 2, 'fitness': 0.9820137900379085, 'generation': 91}","{'id': 4932, 'rank': 3, 'fitness': 0.9797645839180058, 'generation': 91}","{'id': 4955, 'rank': 4, 'fitness': 0.9438726490335649, 'generation': 91}","{'id': 4905, 'rank': 5, 'fitness': 0.9390680998271216, 'generation': 91}","{'id': 4931, 'rank': 6, 'fitness': 0.8725981468906361, 'generation': 91}","{'id': 4558, 'rank': 7, 'fitness': 0.858198980668982, 'generation': 91}","{'id': 4933, 'rank': 8, 'fitness': 0.8324783886196606, 'generation': 91}","{'id': 4933, 'rank': 9, 'fitness': 0.8324783886196606, 'generation': 91}","{'id': 4965, 'rank': 10, 'fitness': 0.8110097215359646, 'generation': 91}","{'id': 4965, 'rank': 11, 'fitness': 0.8110097215359646, 'generation': 91}","{'id': 4948, 'rank': 12, 'fitness': 0.509581762919108, 'generation': 91}","{'id': 4790, 'rank': 13, 'fitness': 0.4963614815974086, 'generation': 91}","{'id': 4769, 'rank': 14, 'fitness': 0.4112494472769754, 'generation': 91}","{'id': 4930, 'rank': 15, 'fitness': 0.38624099657820254, 'generation': 91}","{'id': 4930, 'rank': 16, 'fitness': 0.38624099657820254, 'generation': 91}","{'id': 4825, 'rank': 17, 'fitness': 0.35627765430225433, 'generation': 91}","{'id': 4947, 'rank': 18, 'fitness': 0.1504693396361606, 'generation': 91}","{'id': 4877, 'rank': 19, 'fitness': 0.13884589087142069, 'generation': 91}","{'id': 4877, 'rank': 20, 'fitness': 0.13884589087142069, 'generation': 91}","{'id': 4936, 'rank': 21, 'fitness': 0.07794998866927799, 'generation': 91}","{'id': 4944, 'rank': 22, 'fitness': 0.06244420082229257, 'generation': 91}","{'id': 4961, 'rank': 23, 'fitness': 0.04395750592172015, 'generation': 91}","{'id': 4942, 'rank': 24, 'fitness': 0.0417268651569801, 'generation': 91}","{'id': 4942, 'rank': 25, 'fitness': 0.0417268651569801, 'generation': 91}","{'id': 4963, 'rank': 26, 'fitness': 0.0406894296771233, 'generation': 91}","{'id': 4798, 'rank': 27, 'fitness': 0.03844760555622828, 'generation': 91}","{'id': 4873, 'rank': 28, 'fitness': 0.029676096070449687, 'generation': 91}","{'id': 4938, 'rank': 29, 'fitness': 0.021718924066075063, 'generation': 91}","{'id': 4972, 'rank': 30, 'fitness': 0.01798620996209155, 'generation': 91}"
"{'id': 4996, 'rank': 1, 'fitness': 0.9820137900379085, 'generation': 92}","{'id': 4932, 'rank': 2, 'fitness': 0.8808744087614875, 'generation': 92}","{'id': 4931, 'rank': 3, 'fitness': 0.6614118799171913, 'generation': 92}","{'id': 4933, 'rank': 4, 'fitness': 0.6109299029516149, 'generation': 92}","{'id': 4997, 'rank': 5, 'fitness': 0.6078058363604387, 'generation': 92}","{'id': 4965, 'rank': 6, 'fitness': 0.5869490260517107, 'generation': 92}","{'id': 4983, 'rank': 7, 'fitness': 0.5102388011558456, 'generation': 92}","{'id': 4983, 'rank': 8, 'fitness': 0.5102388011558456, 'generation': 92}","{'id': 4995, 'rank': 9, 'fitness': 0.39790141810885427, 'generation': 92}","{'id': 4948, 'rank': 10, 'fitness': 0.3511608579675042, 'generation': 92}","{'id': 4790, 'rank': 11, 'fitness': 0.3430038801383769, 'generation': 92}","{'id': 4769, 'rank': 12, 'fitness': 0.2922993867176902, 'generation': 92}","{'id': 5013, 'rank': 13, 'fitness': 0.28412039927152594, 'generation': 92}","{'id': 5013, 'rank': 14, 'fitness': 0.28412039927152594, 'generation': 92}","{'id': 4930, 'rank': 15, 'fitness': 0.2778285397438293, 'generation': 92}","{'id': 4947, 'rank': 16, 'fitness': 0.13965576714270833, 'generation': 92}","{'id': 4947, 'rank': 17, 'fitness': 0.13965576714270833, 'generation': 92}","{'id': 4877, 'rank': 18, 'fitness': 0.13214549041236712, 'generation': 92}","{'id': 4988, 'rank': 19, 'fitness': 0.1053740032009734, 'generation': 92}","{'id': 5004, 'rank': 20, 'fitness': 0.08625762425390365, 'generation': 92}","{'id': 4990, 'rank': 21, 'fitness': 0.08143777262956053, 'generation': 92}","{'id': 5029, 'rank': 22, 'fitness': 0.06640458860219856, 'generation': 92}","{'id': 4963, 'rank': 23, 'fitness': 0.05781282192326731, 'generation': 92}","{'id': 4873, 'rank': 24, 'fitness': 0.04681576827648848, 'generation': 92}","{'id': 5037, 'rank': 25, 'fitness': 0.03674092771173981, 'generation': 92}","{'id': 4982, 'rank': 26, 'fitness': 0.03403216401133552, 'generation': 92}","{'id': 4982, 'rank': 27, 'fitness': 0.03403216401133552, 'generation': 92}","{'id': 5040, 'rank': 28, 'fitness': 0.02073765156076557, 'generation': 92}","{'id': 4989, 'rank': 29, 'fitness': 0.01798620996209155, 'generation': 92}","{'id': 4989, 'rank': 30, 'fitness': 0.01798620996209155, 'generation': 92}"
"{'id': 5067, 'rank': 1, 'fitness': 0.9820137900379085, 'generation': 93}","{'id': 4932, 'rank': 2, 'fitness': 0.9780172325918579, 'generation': 93}","{'id': 4932, 'rank': 3, 'fitness': 0.9780172325918579, 'generation': 93}","{'id': 5074, 'rank': 4, 'fitness': 0.9385655510898075, 'generation': 93}","{'id': 5071, 'rank': 5, 'fitness': 0.9292051173617193, 'generation': 93}","{'id': 5071, 'rank': 6, 'fitness': 0.9292051173617193, 'generation': 93}","{'id': 4931, 'rank': 7, 'fitness': 0.8541214878096925, 'generation': 93}","{'id': 5072, 'rank': 8, 'fitness': 0.8350379078772634, 'generation': 93}","{'id': 5084, 'rank': 9, 'fitness': 0.8195830330525706, 'generation': 93}","{'id': 5084, 'rank': 10, 'fitness': 0.8195830330525706, 'generation': 93}","{'id': 5054, 'rank': 11, 'fitness': 0.8131918880069828, 'generation': 93}","{'id': 4933, 'rank': 12, 'fitness': 0.8076198141044468, 'generation': 93}","{'id': 4965, 'rank': 13, 'fitness': 0.7828733071480116, 'generation': 93}","{'id': 5085, 'rank': 14, 'fitness': 0.7018213130047216, 'generation': 93}","{'id': 4983, 'rank': 15, 'fitness': 0.6920227854497141, 'generation': 93}","{'id': 4983, 'rank': 16, 'fitness': 0.6920227854497141, 'generation': 93}","{'id': 4983, 'rank': 17, 'fitness': 0.6920227854497141, 'generation': 93}","{'id': 4983, 'rank': 18, 'fitness': 0.6920227854497141, 'generation': 93}","{'id': 5077, 'rank': 19, 'fitness': 0.6016390155735625, 'generation': 93}","{'id': 5055, 'rank': 20, 'fitness': 0.5836044368203025, 'generation': 93}","{'id': 4995, 'rank': 21, 'fitness': 0.5290023197986924, 'generation': 93}","{'id': 5058, 'rank': 22, 'fitness': 0.35516593430132637, 'generation': 93}","{'id': 5013, 'rank': 23, 'fitness': 0.3405874989828024, 'generation': 93}","{'id': 5048, 'rank': 24, 'fitness': 0.1854594457634008, 'generation': 93}","{'id': 5050, 'rank': 25, 'fitness': 0.1719674387307677, 'generation': 93}","{'id': 5063, 'rank': 26, 'fitness': 0.13651797465270876, 'generation': 93}","{'id': 4947, 'rank': 27, 'fitness': 0.11683755590844846, 'generation': 93}","{'id': 5051, 'rank': 28, 'fitness': 0.09273574458401612, 'generation': 93}","{'id': 4988, 'rank': 29, 'fitness': 0.07506551898392594, 'generation': 93}","{'id': 5047, 'rank': 30, 'fitness': 0.01798620996209155, 'generation': 93}"
"{'id': 5067, 'rank': 1, 'fitness': 0.9820137900379085, 'generation': 94}","{'id': 4932, 'rank': 2, 'fitness': 0.9790622029726346, 'generation': 94}","{'id': 5074, 'rank': 3, 'fitness': 0.9541743136494012, 'generation': 94}","{'id': 5116, 'rank': 4, 'fitness': 0.9311627586995747, 'generation': 94}","{'id': 5115, 'rank': 5, 'fitness': 0.897760989229349, 'generation': 94}","{'id': 5084, 'rank': 6, 'fitness': 0.8926397570250904, 'generation': 94}","{'id': 5084, 'rank': 7, 'fitness': 0.8926397570250904, 'generation': 94}","{'id': 5084, 'rank': 8, 'fitness': 0.8926397570250904, 'generation': 94}","{'id': 5084, 'rank': 9, 'fitness': 0.8926397570250904, 'generation': 94}","{'id': 5088, 'rank': 10, 'fitness': 0.8917962106541039, 'generation': 94}","{'id': 4965, 'rank': 11, 'fitness': 0.8746948556559361, 'generation': 94}","{'id': 5145, 'rank': 12, 'fitness': 0.8592330644409376, 'generation': 94}","{'id': 5085, 'rank': 13, 'fitness': 0.8348369633572869, 'generation': 94}","{'id': 4983, 'rank': 14, 'fitness': 0.8299381167368766, 'generation': 94}","{'id': 4983, 'rank': 15, 'fitness': 0.8299381167368766, 'generation': 94}","{'id': 4983, 'rank': 16, 'fitness': 0.8299381167368766, 'generation': 94}","{'id': 4983, 'rank': 17, 'fitness': 0.8299381167368766, 'generation': 94}","{'id': 5077, 'rank': 18, 'fitness': 0.7832110415068136, 'generation': 94}","{'id': 5131, 'rank': 19, 'fitness': 0.7638811943984296, 'generation': 94}","{'id': 5135, 'rank': 20, 'fitness': 0.7030425220234771, 'generation': 94}","{'id': 5130, 'rank': 21, 'fitness': 0.4674340983606205, 'generation': 94}","{'id': 5048, 'rank': 22, 'fitness': 0.46315734350817755, 'generation': 94}","{'id': 5139, 'rank': 23, 'fitness': 0.42945764849373746, 'generation': 94}","{'id': 4988, 'rank': 24, 'fitness': 0.2832425761593017, 'generation': 94}","{'id': 5150, 'rank': 25, 'fitness': 0.14963309987533047, 'generation': 94}","{'id': 5146, 'rank': 26, 'fitness': 0.10408883279646619, 'generation': 94}","{'id': 5094, 'rank': 27, 'fitness': 0.08509479572176015, 'generation': 94}","{'id': 5105, 'rank': 28, 'fitness': 0.06808910100700216, 'generation': 94}","{'id': 5105, 'rank': 29, 'fitness': 0.06808910100700216, 'generation': 94}","{'id': 5147, 'rank': 30, 'fitness': 0.01798620996209155, 'generation': 94}"
"{'id': 5074, 'rank': 1, 'fitness': 0.9820137900379085, 'generation': 95}","{'id': 5116, 'rank': 2, 'fitness': 0.9730823422883959, 'generation': 95}","{'id': 5116, 'rank': 3, 'fitness': 0.9730823422883959, 'generation': 95}","{'id': 5168, 'rank': 4, 'fitness': 0.9655829848417086, 'generation': 95}","{'id': 5169, 'rank': 5, 'fitness': 0.9619746277406378, 'generation': 95}","{'id': 5115, 'rank': 6, 'fitness': 0.9598679650559372, 'generation': 95}","{'id': 5084, 'rank': 7, 'fitness': 0.9578084712773778, 'generation': 95}","{'id': 5084, 'rank': 8, 'fitness': 0.9578084712773778, 'generation': 95}","{'id': 5084, 'rank': 9, 'fitness': 0.9578084712773778, 'generation': 95}","{'id': 5084, 'rank': 10, 'fitness': 0.9578084712773778, 'generation': 95}","{'id': 5088, 'rank': 11, 'fitness': 0.9574682970628572, 'generation': 95}","{'id': 4965, 'rank': 12, 'fitness': 0.9505115561502646, 'generation': 95}","{'id': 5170, 'rank': 13, 'fitness': 0.9443108810693384, 'generation': 95}","{'id': 5145, 'rank': 14, 'fitness': 0.9441166570121156, 'generation': 95}","{'id': 4983, 'rank': 15, 'fitness': 0.9316994941038435, 'generation': 95}","{'id': 4983, 'rank': 16, 'fitness': 0.9316994941038435, 'generation': 95}","{'id': 4983, 'rank': 17, 'fitness': 0.9316994941038435, 'generation': 95}","{'id': 5157, 'rank': 18, 'fitness': 0.8928464416968644, 'generation': 95}","{'id': 5157, 'rank': 19, 'fitness': 0.8928464416968644, 'generation': 95}","{'id': 5199, 'rank': 20, 'fitness': 0.7371699932950593, 'generation': 95}","{'id': 5166, 'rank': 21, 'fitness': 0.40849120001940903, 'generation': 95}","{'id': 5153, 'rank': 22, 'fitness': 0.32249601893980395, 'generation': 95}","{'id': 5198, 'rank': 23, 'fitness': 0.24781810183838304, 'generation': 95}","{'id': 5181, 'rank': 24, 'fitness': 0.23454944983074866, 'generation': 95}","{'id': 5178, 'rank': 25, 'fitness': 0.15630433167409702, 'generation': 95}","{'id': 5192, 'rank': 26, 'fitness': 0.1261065312293162, 'generation': 95}","{'id': 5171, 'rank': 27, 'fitness': 0.11072533735199563, 'generation': 95}","{'id': 5180, 'rank': 28, 'fitness': 0.07841339095578381, 'generation': 95}","{'id': 5180, 'rank': 29, 'fitness': 0.07841339095578381, 'generation': 95}","{'id': 5185, 'rank': 30, 'fitness': 0.01798620996209155, 'generation': 95}"
"{'id': 5285, 'rank': 1, 'fitness': 0.9820137900379085, 'generation': 96}","{'id': 5168, 'rank': 2, 'fitness': 0.9138690006092111, 'generation': 96}","{'id': 5168, 'rank': 3, 'fitness': 0.9138690006092111, 'generation': 96}","{'id': 5169, 'rank': 4, 'fitness': 0.9061445598615512, 'generation': 96}","{'id': 5084, 'rank': 5, 'fitness': 0.8973973532712212, 'generation': 96}","{'id': 5084, 'rank': 6, 'fitness': 0.8973973532712212, 'generation': 96}","{'id': 4965, 'rank': 7, 'fitness': 0.8824800015914355, 'generation': 96}","{'id': 5254, 'rank': 8, 'fitness': 0.8675866233952779, 'generation': 96}","{'id': 5234, 'rank': 9, 'fitness': 0.8531061128072348, 'generation': 96}","{'id': 5270, 'rank': 10, 'fitness': 0.824391696295622, 'generation': 96}","{'id': 5157, 'rank': 11, 'fitness': 0.7780353074316979, 'generation': 96}","{'id': 5273, 'rank': 12, 'fitness': 0.5775791631946905, 'generation': 96}","{'id': 5199, 'rank': 13, 'fitness': 0.5648573945012741, 'generation': 96}","{'id': 5249, 'rank': 14, 'fitness': 0.5371744853393772, 'generation': 96}","{'id': 5246, 'rank': 15, 'fitness': 0.42245489801492847, 'generation': 96}","{'id': 5272, 'rank': 16, 'fitness': 0.4197215833389575, 'generation': 96}","{'id': 5267, 'rank': 17, 'fitness': 0.3893305295772885, 'generation': 96}","{'id': 5237, 'rank': 18, 'fitness': 0.3502359646537222, 'generation': 96}","{'id': 5263, 'rank': 19, 'fitness': 0.29637380535091834, 'generation': 96}","{'id': 5223, 'rank': 20, 'fitness': 0.21706999916367475, 'generation': 96}","{'id': 5258, 'rank': 21, 'fitness': 0.17938379695115514, 'generation': 96}","{'id': 5288, 'rank': 22, 'fitness': 0.1512337174899438, 'generation': 96}","{'id': 5236, 'rank': 23, 'fitness': 0.1405257754674169, 'generation': 96}","{'id': 5280, 'rank': 24, 'fitness': 0.12794815418786465, 'generation': 96}","{'id': 5250, 'rank': 25, 'fitness': 0.12752063362248678, 'generation': 96}","{'id': 5268, 'rank': 26, 'fitness': 0.11834616719908819, 'generation': 96}","{'id': 5217, 'rank': 27, 'fitness': 0.0629754176579973, 'generation': 96}","{'id': 5251, 'rank': 28, 'fitness': 0.046809307445463855, 'generation': 96}","{'id': 5221, 'rank': 29, 'fitness': 0.029304104379299145, 'generation': 96}","{'id': 5239, 'rank': 30, 'fitness': 0.01798620996209155, 'generation': 96}"
"{'id': 5345, 'rank': 1, 'fitness': 0.9820137900379085, 'generation': 97}","{'id': 5168, 'rank': 2, 'fitness': 0.6696132498273532, 'generation': 97}","{'id': 5168, 'rank': 3, 'fitness': 0.6696132498273532, 'generation': 97}","{'id': 5084, 'rank': 4, 'fitness': 0.6204957319561148, 'generation': 97}","{'id': 4965, 'rank': 5, 'fitness': 0.5798342305501258, 'generation': 97}","{'id': 4965, 'rank': 6, 'fitness': 0.5798342305501258, 'generation': 97}","{'id': 5308, 'rank': 7, 'fitness': 0.41259056686314477, 'generation': 97}","{'id': 5328, 'rank': 8, 'fitness': 0.30592386853787223, 'generation': 97}","{'id': 5328, 'rank': 9, 'fitness': 0.30592386853787223, 'generation': 97}","{'id': 5349, 'rank': 10, 'fitness': 0.22298505856353995, 'generation': 97}","{'id': 5327, 'rank': 11, 'fitness': 0.18571742667937513, 'generation': 97}","{'id': 5199, 'rank': 12, 'fitness': 0.16391322732108043, 'generation': 97}","{'id': 5352, 'rank': 13, 'fitness': 0.14563822579564978, 'generation': 97}","{'id': 5314, 'rank': 14, 'fitness': 0.1289680207360096, 'generation': 97}","{'id': 5246, 'rank': 15, 'fitness': 0.09388158414800885, 'generation': 97}","{'id': 5272, 'rank': 16, 'fitness': 0.09282645822029256, 'generation': 97}","{'id': 5307, 'rank': 17, 'fitness': 0.09149016701173124, 'generation': 97}","{'id': 5329, 'rank': 18, 'fitness': 0.07425193219636494, 'generation': 97}","{'id': 5237, 'rank': 19, 'fitness': 0.06871672625625919, 'generation': 97}","{'id': 5237, 'rank': 20, 'fitness': 0.06871672625625919, 'generation': 97}","{'id': 5237, 'rank': 21, 'fitness': 0.06871672625625919, 'generation': 97}","{'id': 5350, 'rank': 22, 'fitness': 0.04069368088509445, 'generation': 97}","{'id': 5350, 'rank': 23, 'fitness': 0.04069368088509445, 'generation': 97}","{'id': 5324, 'rank': 24, 'fitness': 0.034555277287486974, 'generation': 97}","{'id': 5324, 'rank': 25, 'fitness': 0.034555277287486974, 'generation': 97}","{'id': 5223, 'rank': 26, 'fitness': 0.03403530887653511, 'generation': 97}","{'id': 5336, 'rank': 27, 'fitness': 0.03275955722483026, 'generation': 97}","{'id': 5343, 'rank': 28, 'fitness': 0.03244054375441413, 'generation': 97}","{'id': 5321, 'rank': 29, 'fitness': 0.028711075362787997, 'generation': 97}","{'id': 5342, 'rank': 30, 'fitness': 0.01798620996209155, 'generation': 97}"
"{'id': 5345, 'rank': 1, 'fitness': 0.9820137900379085, 'generation': 98}","{'id': 5381, 'rank': 2, 'fitness': 0.8771594287697613, 'generation': 98}","{'id': 5386, 'rank': 3, 'fitness': 0.8102190563168578, 'generation': 98}","{'id': 5385, 'rank': 4, 'fitness': 0.7827322891970244, 'generation': 98}","{'id': 5363, 'rank': 5, 'fitness': 0.5890046115794271, 'generation': 98}","{'id': 5363, 'rank': 6, 'fitness': 0.5890046115794271, 'generation': 98}","{'id': 5357, 'rank': 7, 'fitness': 0.5237371099556994, 'generation': 98}","{'id': 5359, 'rank': 8, 'fitness': 0.5148203119734612, 'generation': 98}","{'id': 5168, 'rank': 9, 'fitness': 0.5029430356286758, 'generation': 98}","{'id': 5362, 'rank': 10, 'fitness': 0.4992613863960233, 'generation': 98}","{'id': 5362, 'rank': 11, 'fitness': 0.4992613863960233, 'generation': 98}","{'id': 5084, 'rank': 12, 'fitness': 0.4382389176057337, 'generation': 98}","{'id': 5084, 'rank': 13, 'fitness': 0.4382389176057337, 'generation': 98}","{'id': 5084, 'rank': 14, 'fitness': 0.4382389176057337, 'generation': 98}","{'id': 5084, 'rank': 15, 'fitness': 0.4382389176057337, 'generation': 98}","{'id': 4965, 'rank': 16, 'fitness': 0.388496812613329, 'generation': 98}","{'id': 5367, 'rank': 17, 'fitness': 0.37054163264251433, 'generation': 98}","{'id': 5367, 'rank': 18, 'fitness': 0.37054163264251433, 'generation': 98}","{'id': 5389, 'rank': 19, 'fitness': 0.3701926458783389, 'generation': 98}","{'id': 5378, 'rank': 20, 'fitness': 0.13397771669391068, 'generation': 98}","{'id': 5327, 'rank': 21, 'fitness': 0.06701365603455356, 'generation': 98}","{'id': 5356, 'rank': 22, 'fitness': 0.04689429113695803, 'generation': 98}","{'id': 5246, 'rank': 23, 'fitness': 0.02688398066490927, 'generation': 98}","{'id': 5329, 'rank': 24, 'fitness': 0.019860340935506704, 'generation': 98}","{'id': 5329, 'rank': 25, 'fitness': 0.019860340935506704, 'generation': 98}","{'id': 5388, 'rank': 26, 'fitness': 0.01909998942942781, 'generation': 98}","{'id': 5388, 'rank': 27, 'fitness': 0.01909998942942781, 'generation': 98}","{'id': 5388, 'rank': 28, 'fitness': 0.01909998942942781, 'generation': 98}","{'id': 5373, 'rank': 29, 'fitness': 0.01890557577935964, 'generation': 98}","{'id': 5237, 'rank': 30, 'fitness': 0.01798620996209155, 'generation': 98}"
"{'id': 5385, 'rank': 1, 'fitness': 0.9820137900379085, 'generation': 99}","{'id': 5429, 'rank': 2, 'fitness': 0.980223755160607, 'generation': 99}","{'id': 5422, 'rank': 3, 'fitness': 0.9778662709807591, 'generation': 99}","{'id': 5363, 'rank': 4, 'fitness': 0.9523682436258314, 'generation': 99}","{'id': 5440, 'rank': 5, 'fitness': 0.9420972993296867, 'generation': 99}","{'id': 5440, 'rank': 6, 'fitness': 0.9420972993296867, 'generation': 99}","{'id': 5427, 'rank': 7, 'fitness': 0.9313668959873378, 'generation': 99}","{'id': 5427, 'rank': 8, 'fitness': 0.9313668959873378, 'generation': 99}","{'id': 5421, 'rank': 9, 'fitness': 0.9163640955162529, 'generation': 99}","{'id': 5394, 'rank': 10, 'fitness': 0.9056813572493312, 'generation': 99}","{'id': 5367, 'rank': 11, 'fitness': 0.8834839944669031, 'generation': 99}","{'id': 5423, 'rank': 12, 'fitness': 0.8279899267239361, 'generation': 99}","{'id': 5423, 'rank': 13, 'fitness': 0.8279899267239361, 'generation': 99}","{'id': 5416, 'rank': 14, 'fitness': 0.8140664477142301, 'generation': 99}","{'id': 5416, 'rank': 15, 'fitness': 0.8140664477142301, 'generation': 99}","{'id': 5435, 'rank': 16, 'fitness': 0.8075969642369549, 'generation': 99}","{'id': 5425, 'rank': 17, 'fitness': 0.7713679013839487, 'generation': 99}","{'id': 5425, 'rank': 18, 'fitness': 0.7713679013839487, 'generation': 99}","{'id': 5436, 'rank': 19, 'fitness': 0.7078677167790619, 'generation': 99}","{'id': 5433, 'rank': 20, 'fitness': 0.5026313641934861, 'generation': 99}","{'id': 5432, 'rank': 21, 'fitness': 0.5007377259812543, 'generation': 99}","{'id': 5438, 'rank': 22, 'fitness': 0.47028619162952073, 'generation': 99}","{'id': 5401, 'rank': 23, 'fitness': 0.4312365351277901, 'generation': 99}","{'id': 5414, 'rank': 24, 'fitness': 0.20086536927668552, 'generation': 99}","{'id': 5414, 'rank': 25, 'fitness': 0.20086536927668552, 'generation': 99}","{'id': 5388, 'rank': 26, 'fitness': 0.15590494166336377, 'generation': 99}","{'id': 5403, 'rank': 27, 'fitness': 0.1314209441603586, 'generation': 99}","{'id': 5443, 'rank': 28, 'fitness': 0.11638838108120592, 'generation': 99}","{'id': 5431, 'rank': 29, 'fitness': 0.08609510182459068, 'generation': 99}","{'id': 5411, 'rank': 30, 'fitness': 0.01798620996209155, 'generation': 99}"
"{'id': 5462, 'rank': 1, 'fitness': 0.9820137900379085, 'generation': 100}","{'id': 5429, 'rank': 2, 'fitness': 0.979790636098806, 'generation': 100}","{'id': 5422, 'rank': 3, 'fitness': 0.9776089562337119, 'generation': 100}","{'id': 5422, 'rank': 4, 'fitness': 0.9776089562337119, 'generation': 100}","{'id': 5461, 'rank': 5, 'fitness': 0.9512003059223815, 'generation': 100}","{'id': 5427, 'rank': 6, 'fitness': 0.9371208623855373, 'generation': 100}","{'id': 5367, 'rank': 7, 'fitness': 0.897670474979988, 'generation': 100}","{'id': 5423, 'rank': 8, 'fitness': 0.8529385140301358, 'generation': 100}","{'id': 5416, 'rank': 9, 'fitness': 0.8417779990064836, 'generation': 100}","{'id': 5501, 'rank': 10, 'fitness': 0.6280935503815249, 'generation': 100}","{'id': 5501, 'rank': 11, 'fitness': 0.6280935503815249, 'generation': 100}","{'id': 5501, 'rank': 12, 'fitness': 0.6280935503815249, 'generation': 100}","{'id': 5490, 'rank': 13, 'fitness': 0.586873485861338, 'generation': 100}","{'id': 5433, 'rank': 14, 'fitness': 0.583335062477137, 'generation': 100}","{'id': 5432, 'rank': 15, 'fitness': 0.5816576594187909, 'generation': 100}","{'id': 5438, 'rank': 16, 'fitness': 0.554418357302682, 'generation': 100}","{'id': 5401, 'rank': 17, 'fitness': 0.5187005056103147, 'generation': 100}","{'id': 5414, 'rank': 18, 'fitness': 0.2828169529009078, 'generation': 100}","{'id': 5455, 'rank': 19, 'fitness': 0.25281145260665694, 'generation': 100}","{'id': 5388, 'rank': 20, 'fitness': 0.22950552988046669, 'generation': 100}","{'id': 5443, 'rank': 21, 'fitness': 0.17961700435336592, 'generation': 100}","{'id': 5473, 'rank': 22, 'fitness': 0.15570205043759894, 'generation': 100}","{'id': 5484, 'rank': 23, 'fitness': 0.15074636572315808, 'generation': 100}","{'id': 5459, 'rank': 24, 'fitness': 0.14338646992976017, 'generation': 100}","{'id': 5459, 'rank': 25, 'fitness': 0.14338646992976017, 'generation': 100}","{'id': 5431, 'rank': 26, 'fitness': 0.138935016658293, 'generation': 100}","{'id': 5411, 'rank': 27, 'fitness': 0.03504469788826775, 'generation': 100}","{'id': 5472, 'rank': 28, 'fitness': 0.021877681914450275, 'generation': 100}","{'id': 5472, 'rank': 29, 'fitness': 0.021877681914450275, 'generation': 100}","{'id': 5453, 'rank': 30, 'fitness': 0.01798620996209155, 'generation': 100}"
"{'id': 5561, 'rank': 1, 'fitness': 0.9820137900379085, 'generation': 101}","{'id': 5532, 'rank': 2, 'fitness': 0.9572468889905411, 'generation': 101}","{'id': 5532, 'rank': 3, 'fitness': 0.9572468889905411, 'generation': 101}","{'id': 5532, 'rank': 4, 'fitness': 0.9572468889905411, 'generation': 101}","{'id': 5462, 'rank': 5, 'fitness': 0.951681750552731, 'generation': 101}","{'id': 5533, 'rank': 6, 'fitness': 0.9488155986820141, 'generation': 101}","{'id': 5533, 'rank': 7, 'fitness': 0.9488155986820141, 'generation': 101}","{'id': 5422, 'rank': 8, 'fitness': 0.9418796188935249, 'generation': 101}","{'id': 5540, 'rank': 9, 'fitness': 0.9080819692322777, 'generation': 101}","{'id': 5543, 'rank': 10, 'fitness': 0.8856062331043593, 'generation': 101}","{'id': 5543, 'rank': 11, 'fitness': 0.8856062331043593, 'generation': 101}","{'id': 5427, 'rank': 12, 'fitness': 0.8638329633752289, 'generation': 101}","{'id': 5559, 'rank': 13, 'fitness': 0.7925980249902917, 'generation': 101}","{'id': 5555, 'rank': 14, 'fitness': 0.779514471560157, 'generation': 101}","{'id': 5423, 'rank': 15, 'fitness': 0.7357540858254695, 'generation': 101}","{'id': 5416, 'rank': 16, 'fitness': 0.7208531549504725, 'generation': 101}","{'id': 5539, 'rank': 17, 'fitness': 0.6568662111050813, 'generation': 101}","{'id': 5501, 'rank': 18, 'fitness': 0.48687029274594107, 'generation': 101}","{'id': 5438, 'rank': 19, 'fitness': 0.4208944975949546, 'generation': 101}","{'id': 5512, 'rank': 20, 'fitness': 0.22335636468992315, 'generation': 101}","{'id': 5512, 'rank': 21, 'fitness': 0.22335636468992315, 'generation': 101}","{'id': 5414, 'rank': 22, 'fitness': 0.2105311381950148, 'generation': 101}","{'id': 5443, 'rank': 23, 'fitness': 0.13762609708405488, 'generation': 101}","{'id': 5473, 'rank': 24, 'fitness': 0.12079820551032727, 'generation': 101}","{'id': 5473, 'rank': 25, 'fitness': 0.12079820551032727, 'generation': 101}","{'id': 5484, 'rank': 26, 'fitness': 0.11730288839525699, 'generation': 101}","{'id': 5537, 'rank': 27, 'fitness': 0.03487041561917947, 'generation': 101}","{'id': 5537, 'rank': 28, 'fitness': 0.03487041561917947, 'generation': 101}","{'id': 5520, 'rank': 29, 'fitness': 0.027005118395490135, 'generation': 101}","{'id': 5453, 'rank': 30, 'fitness': 0.01798620996209155, 'generation': 101}"
"{'id': 5615, 'rank': 1, 'fitness': 0.9820137900379085, 'generation': 102}","{'id': 5561, 'rank': 2, 'fitness': 0.9763679419307216, 'generation': 102}","{'id': 5532, 'rank': 3, 'fitness': 0.9490238437956983, 'generation': 102}","{'id': 5532, 'rank': 4, 'fitness': 0.9490238437956983, 'generation': 102}","{'id': 5532, 'rank': 5, 'fitness': 0.9490238437956983, 'generation': 102}","{'id': 5462, 'rank': 6, 'fitness': 0.9431832154573874, 'generation': 102}","{'id': 5543, 'rank': 7, 'fitness': 0.8780762762399944, 'generation': 102}","{'id': 5608, 'rank': 8, 'fitness': 0.8065605469573377, 'generation': 102}","{'id': 5572, 'rank': 9, 'fitness': 0.7966636455727114, 'generation': 102}","{'id': 5559, 'rank': 10, 'fitness': 0.7929815536980661, 'generation': 102}","{'id': 5559, 'rank': 11, 'fitness': 0.7929815536980661, 'generation': 102}","{'id': 5571, 'rank': 12, 'fitness': 0.5722249169749005, 'generation': 102}","{'id': 5590, 'rank': 13, 'fitness': 0.5219737049389129, 'generation': 102}","{'id': 5512, 'rank': 14, 'fitness': 0.2747929083164432, 'generation': 102}","{'id': 5512, 'rank': 15, 'fitness': 0.2747929083164432, 'generation': 102}","{'id': 5414, 'rank': 16, 'fitness': 0.26154162821012816, 'generation': 102}","{'id': 5414, 'rank': 17, 'fitness': 0.26154162821012816, 'generation': 102}","{'id': 5599, 'rank': 18, 'fitness': 0.1650277715997559, 'generation': 102}","{'id': 5599, 'rank': 19, 'fitness': 0.1650277715997559, 'generation': 102}","{'id': 5484, 'rank': 20, 'fitness': 0.15964849455688523, 'generation': 102}","{'id': 5567, 'rank': 21, 'fitness': 0.14978798897592743, 'generation': 102}","{'id': 5573, 'rank': 22, 'fitness': 0.13133300231742973, 'generation': 102}","{'id': 5591, 'rank': 23, 'fitness': 0.12698408268314737, 'generation': 102}","{'id': 5583, 'rank': 24, 'fitness': 0.12596143301389956, 'generation': 102}","{'id': 5597, 'rank': 25, 'fitness': 0.12253999687256523, 'generation': 102}","{'id': 5584, 'rank': 26, 'fitness': 0.10525792714160492, 'generation': 102}","{'id': 5604, 'rank': 27, 'fitness': 0.09699954972443958, 'generation': 102}","{'id': 5565, 'rank': 28, 'fitness': 0.09629322686545416, 'generation': 102}","{'id': 5537, 'rank': 29, 'fitness': 0.05595745811901165, 'generation': 102}","{'id': 5575, 'rank': 30, 'fitness': 0.01798620996209155, 'generation': 102}"
"{'id': 5561, 'rank': 1, 'fitness': 0.9820137900379085, 'generation': 103}","{'id': 5561, 'rank': 2, 'fitness': 0.9820137900379085, 'generation': 103}","{'id': 5532, 'rank': 3, 'fitness': 0.9561286856795475, 'generation': 103}","{'id': 5532, 'rank': 4, 'fitness': 0.9561286856795475, 'generation': 103}","{'id': 5532, 'rank': 5, 'fitness': 0.9561286856795475, 'generation': 103}","{'id': 5532, 'rank': 6, 'fitness': 0.9561286856795475, 'generation': 103}","{'id': 5543, 'rank': 7, 'fitness': 0.8794768357919263, 'generation': 103}","{'id': 5543, 'rank': 8, 'fitness': 0.8794768357919263, 'generation': 103}","{'id': 5635, 'rank': 9, 'fitness': 0.8237375834558425, 'generation': 103}","{'id': 5646, 'rank': 10, 'fitness': 0.8037070742731767, 'generation': 103}","{'id': 5646, 'rank': 11, 'fitness': 0.8037070742731767, 'generation': 103}","{'id': 5608, 'rank': 12, 'fitness': 0.7954120757378469, 'generation': 103}","{'id': 5608, 'rank': 13, 'fitness': 0.7954120757378469, 'generation': 103}","{'id': 5643, 'rank': 14, 'fitness': 0.5704689498804495, 'generation': 103}","{'id': 5571, 'rank': 15, 'fitness': 0.5120274550895547, 'generation': 103}","{'id': 5616, 'rank': 16, 'fitness': 0.4802367990280737, 'generation': 103}","{'id': 5625, 'rank': 17, 'fitness': 0.3615750816820885, 'generation': 103}","{'id': 5644, 'rank': 18, 'fitness': 0.33713727142336214, 'generation': 103}","{'id': 5644, 'rank': 19, 'fitness': 0.33713727142336214, 'generation': 103}","{'id': 5652, 'rank': 20, 'fitness': 0.2596753804593567, 'generation': 103}","{'id': 5640, 'rank': 21, 'fitness': 0.20702042680356403, 'generation': 103}","{'id': 5512, 'rank': 22, 'fitness': 0.1970162950636163, 'generation': 103}","{'id': 5414, 'rank': 23, 'fitness': 0.18499762975997391, 'generation': 103}","{'id': 5591, 'rank': 24, 'fitness': 0.07529354093094687, 'generation': 103}","{'id': 5565, 'rank': 25, 'fitness': 0.05382867185684431, 'generation': 103}","{'id': 5619, 'rank': 26, 'fitness': 0.05322642337213912, 'generation': 103}","{'id': 5641, 'rank': 27, 'fitness': 0.029680844394364525, 'generation': 103}","{'id': 5537, 'rank': 28, 'fitness': 0.028133330888288233, 'generation': 103}","{'id': 5628, 'rank': 29, 'fitness': 0.01798620996209155, 'generation': 103}","{'id': 5628, 'rank': 30, 'fitness': 0.01798620996209155, 'generation': 103}"
"{'id': 5561, 'rank': 1, 'fitness': 0.9820137900379085, 'generation': 104}","{'id': 5561, 'rank': 2, 'fitness': 0.9820137900379085, 'generation': 104}","{'id': 5532, 'rank': 3, 'fitness': 0.9530988762483039, 'generation': 104}","{'id': 5532, 'rank': 4, 'fitness': 0.9530988762483039, 'generation': 104}","{'id': 5532, 'rank': 5, 'fitness': 0.9530988762483039, 'generation': 104}","{'id': 5672, 'rank': 6, 'fitness': 0.9015338231881426, 'generation': 104}","{'id': 5672, 'rank': 7, 'fitness': 0.9015338231881426, 'generation': 104}","{'id': 5672, 'rank': 8, 'fitness': 0.9015338231881426, 'generation': 104}","{'id': 5672, 'rank': 9, 'fitness': 0.9015338231881426, 'generation': 104}","{'id': 5705, 'rank': 10, 'fitness': 0.6934254849528946, 'generation': 104}","{'id': 5679, 'rank': 11, 'fitness': 0.6225583614541851, 'generation': 104}","{'id': 5673, 'rank': 12, 'fitness': 0.5699672435711994, 'generation': 104}","{'id': 5692, 'rank': 13, 'fitness': 0.551482088368789, 'generation': 104}","{'id': 5675, 'rank': 14, 'fitness': 0.5488129763389472, 'generation': 104}","{'id': 5699, 'rank': 15, 'fitness': 0.4439630502878021, 'generation': 104}","{'id': 5699, 'rank': 16, 'fitness': 0.4439630502878021, 'generation': 104}","{'id': 5699, 'rank': 17, 'fitness': 0.4439630502878021, 'generation': 104}","{'id': 5685, 'rank': 18, 'fitness': 0.29757291223183113, 'generation': 104}","{'id': 5644, 'rank': 19, 'fitness': 0.2626445572811521, 'generation': 104}","{'id': 5640, 'rank': 20, 'fitness': 0.1480509054922834, 'generation': 104}","{'id': 5512, 'rank': 21, 'fitness': 0.13982232054466232, 'generation': 104}","{'id': 5706, 'rank': 22, 'fitness': 0.13894410520776085, 'generation': 104}","{'id': 5414, 'rank': 23, 'fitness': 0.1300527113379391, 'generation': 104}","{'id': 5696, 'rank': 24, 'fitness': 0.10869506063779943, 'generation': 104}","{'id': 5700, 'rank': 25, 'fitness': 0.06573185096157619, 'generation': 104}","{'id': 5664, 'rank': 26, 'fitness': 0.05389255617460553, 'generation': 104}","{'id': 5591, 'rank': 27, 'fitness': 0.04725351197228561, 'generation': 104}","{'id': 5701, 'rank': 28, 'fitness': 0.047231391564016234, 'generation': 104}","{'id': 5681, 'rank': 29, 'fitness': 0.04250991396253795, 'generation': 104}","{'id': 5668, 'rank': 30, 'fitness': 0.01798620996209155, 'generation': 104}"
"{'id': 5760, 'rank': 1, 'fitness': 0.9820137900379085, 'generation': 105}","{'id': 5720, 'rank': 2, 'fitness': 0.9488640977652769, 'generation': 105}","{'id': 5720, 'rank': 3, 'fitness': 0.9488640977652769, 'generation': 105}","{'id': 5532, 'rank': 4, 'fitness': 0.9303164255255031, 'generation': 105}","{'id': 5672, 'rank': 5, 'fitness': 0.8648321503712513, 'generation': 105}","{'id': 5717, 'rank': 6, 'fitness': 0.7316646131558775, 'generation': 105}","{'id': 5725, 'rank': 7, 'fitness': 0.6890185355911312, 'generation': 105}","{'id': 5705, 'rank': 8, 'fitness': 0.6378645589959638, 'generation': 105}","{'id': 5705, 'rank': 9, 'fitness': 0.6378645589959638, 'generation': 105}","{'id': 5735, 'rank': 10, 'fitness': 0.5462387348710469, 'generation': 105}","{'id': 5761, 'rank': 11, 'fitness': 0.48548240055995584, 'generation': 105}","{'id': 5699, 'rank': 12, 'fitness': 0.40262930875524594, 'generation': 105}","{'id': 5699, 'rank': 13, 'fitness': 0.40262930875524594, 'generation': 105}","{'id': 5730, 'rank': 14, 'fitness': 0.31556761901885266, 'generation': 105}","{'id': 5730, 'rank': 15, 'fitness': 0.31556761901885266, 'generation': 105}","{'id': 5644, 'rank': 16, 'fitness': 0.24247082921832902, 'generation': 105}","{'id': 5745, 'rank': 17, 'fitness': 0.2026449467755322, 'generation': 105}","{'id': 5733, 'rank': 18, 'fitness': 0.1796727653566531, 'generation': 105}","{'id': 5733, 'rank': 19, 'fitness': 0.1796727653566531, 'generation': 105}","{'id': 5718, 'rank': 20, 'fitness': 0.17396374621258986, 'generation': 105}","{'id': 5729, 'rank': 21, 'fitness': 0.16466126816581633, 'generation': 105}","{'id': 5706, 'rank': 22, 'fitness': 0.1335795320589639, 'generation': 105}","{'id': 5706, 'rank': 23, 'fitness': 0.1335795320589639, 'generation': 105}","{'id': 5706, 'rank': 24, 'fitness': 0.1335795320589639, 'generation': 105}","{'id': 5741, 'rank': 25, 'fitness': 0.08725102260217599, 'generation': 105}","{'id': 5748, 'rank': 26, 'fitness': 0.06978096570384207, 'generation': 105}","{'id': 5763, 'rank': 27, 'fitness': 0.03075013230570428, 'generation': 105}","{'id': 5753, 'rank': 28, 'fitness': 0.029383454868600833, 'generation': 105}","{'id': 5753, 'rank': 29, 'fitness': 0.029383454868600833, 'generation': 105}","{'id': 5724, 'rank': 30, 'fitness': 0.01798620996209155, 'generation': 105}"
"{'id': 5801, 'rank': 1, 'fitness': 0.9820137900379085, 'generation': 106}","{'id': 5720, 'rank': 2, 'fitness': 0.9671965196164344, 'generation': 106}","{'id': 5532, 'rank': 3, 'fitness': 0.9519602892263154, 'generation': 106}","{'id': 5783, 'rank': 4, 'fitness': 0.9486661512793222, 'generation': 106}","{'id': 5774, 'rank': 5, 'fitness': 0.9308029768976489, 'generation': 106}","{'id': 5813, 'rank': 6, 'fitness': 0.8323909483532541, 'generation': 106}","{'id': 5717, 'rank': 7, 'fitness': 0.7444412836952807, 'generation': 106}","{'id': 5705, 'rank': 8, 'fitness': 0.6322180655566432, 'generation': 106}","{'id': 5705, 'rank': 9, 'fitness': 0.6322180655566432, 'generation': 106}","{'id': 5705, 'rank': 10, 'fitness': 0.6322180655566432, 'generation': 106}","{'id': 5790, 'rank': 11, 'fitness': 0.5723832757730993, 'generation': 106}","{'id': 5796, 'rank': 12, 'fitness': 0.4679230812765345, 'generation': 106}","{'id': 5761, 'rank': 13, 'fitness': 0.4472797579482739, 'generation': 106}","{'id': 5699, 'rank': 14, 'fitness': 0.3502934578880693, 'generation': 106}","{'id': 5699, 'rank': 15, 'fitness': 0.3502934578880693, 'generation': 106}","{'id': 5803, 'rank': 16, 'fitness': 0.29703350516550175, 'generation': 106}","{'id': 5802, 'rank': 17, 'fitness': 0.2563912280318783, 'generation': 106}","{'id': 5802, 'rank': 18, 'fitness': 0.2563912280318783, 'generation': 106}","{'id': 5730, 'rank': 19, 'fitness': 0.25425473107657126, 'generation': 106}","{'id': 5770, 'rank': 20, 'fitness': 0.11429040702193399, 'generation': 106}","{'id': 5770, 'rank': 21, 'fitness': 0.11429040702193399, 'generation': 106}","{'id': 5706, 'rank': 22, 'fitness': 0.08330398251604199, 'generation': 106}","{'id': 5706, 'rank': 23, 'fitness': 0.08330398251604199, 'generation': 106}","{'id': 5706, 'rank': 24, 'fitness': 0.08330398251604199, 'generation': 106}","{'id': 5785, 'rank': 25, 'fitness': 0.05849606242897698, 'generation': 106}","{'id': 5778, 'rank': 26, 'fitness': 0.058348414868314324, 'generation': 106}","{'id': 5789, 'rank': 27, 'fitness': 0.05617802652327075, 'generation': 106}","{'id': 5781, 'rank': 28, 'fitness': 0.052781874056378186, 'generation': 106}","{'id': 5781, 'rank': 29, 'fitness': 0.052781874056378186, 'generation': 106}","{'id': 5808, 'rank': 30, 'fitness': 0.01798620996209155, 'generation': 106}"
"{'id': 5774, 'rank': 1, 'fitness': 0.9820137900379085, 'generation': 107}","{'id': 5847, 'rank': 2, 'fitness': 0.9745349309996237, 'generation': 107}","{'id': 5867, 'rank': 3, 'fitness': 0.9638211821884595, 'generation': 107}","{'id': 5717, 'rank': 4, 'fitness': 0.8864209542415972, 'generation': 107}","{'id': 5717, 'rank': 5, 'fitness': 0.8864209542415972, 'generation': 107}","{'id': 5825, 'rank': 6, 'fitness': 0.840379393565269, 'generation': 107}","{'id': 5705, 'rank': 7, 'fitness': 0.7996400173581537, 'generation': 107}","{'id': 5705, 'rank': 8, 'fitness': 0.7996400173581537, 'generation': 107}","{'id': 5790, 'rank': 9, 'fitness': 0.7438277528604038, 'generation': 107}","{'id': 5841, 'rank': 10, 'fitness': 0.48767235419387406, 'generation': 107}","{'id': 5841, 'rank': 11, 'fitness': 0.48767235419387406, 'generation': 107}","{'id': 5841, 'rank': 12, 'fitness': 0.48767235419387406, 'generation': 107}","{'id': 5699, 'rank': 13, 'fitness': 0.4774472393238026, 'generation': 107}","{'id': 5699, 'rank': 14, 'fitness': 0.4774472393238026, 'generation': 107}","{'id': 5814, 'rank': 15, 'fitness': 0.4512253321120516, 'generation': 107}","{'id': 5853, 'rank': 16, 'fitness': 0.40016423971771475, 'generation': 107}","{'id': 5802, 'rank': 17, 'fitness': 0.34102746107135995, 'generation': 107}","{'id': 5802, 'rank': 18, 'fitness': 0.34102746107135995, 'generation': 107}","{'id': 5770, 'rank': 19, 'fitness': 0.12915920004945142, 'generation': 107}","{'id': 5832, 'rank': 20, 'fitness': 0.1271840361433646, 'generation': 107}","{'id': 5824, 'rank': 21, 'fitness': 0.08800527993459994, 'generation': 107}","{'id': 5824, 'rank': 22, 'fitness': 0.08800527993459994, 'generation': 107}","{'id': 5706, 'rank': 23, 'fitness': 0.08672854826737197, 'generation': 107}","{'id': 5706, 'rank': 24, 'fitness': 0.08672854826737197, 'generation': 107}","{'id': 5815, 'rank': 25, 'fitness': 0.06889413591738003, 'generation': 107}","{'id': 5854, 'rank': 26, 'fitness': 0.0683724046648897, 'generation': 107}","{'id': 5778, 'rank': 27, 'fitness': 0.055140870301471856, 'generation': 107}","{'id': 5778, 'rank': 28, 'fitness': 0.055140870301471856, 'generation': 107}","{'id': 5781, 'rank': 29, 'fitness': 0.04851609830275355, 'generation': 107}","{'id': 5820, 'rank': 30, 'fitness': 0.01798620996209155, 'generation': 107}"
"{'id': 5910, 'rank': 1, 'fitness': 0.9820137900379085, 'generation': 108}","{'id': 5847, 'rank': 2, 'fitness': 0.7515315019018716, 'generation': 108}","{'id': 5869, 'rank': 3, 'fitness': 0.6855868665754884, 'generation': 108}","{'id': 5869, 'rank': 4, 'fitness': 0.6855868665754884, 'generation': 108}","{'id': 5869, 'rank': 5, 'fitness': 0.6855868665754884, 'generation': 108}","{'id': 5717, 'rank': 6, 'fitness': 0.538915331815103, 'generation': 108}","{'id': 5918, 'rank': 7, 'fitness': 0.45951232562977284, 'generation': 108}","{'id': 5915, 'rank': 8, 'fitness': 0.453001191336702, 'generation': 108}","{'id': 5915, 'rank': 9, 'fitness': 0.453001191336702, 'generation': 108}","{'id': 5705, 'rank': 10, 'fitness': 0.439034762463308, 'generation': 108}","{'id': 5790, 'rank': 11, 'fitness': 0.39286122234784615, 'generation': 108}","{'id': 5790, 'rank': 12, 'fitness': 0.39286122234784615, 'generation': 108}","{'id': 5908, 'rank': 13, 'fitness': 0.3644814897752502, 'generation': 108}","{'id': 5874, 'rank': 14, 'fitness': 0.2889796447214581, 'generation': 108}","{'id': 5841, 'rank': 15, 'fitness': 0.24931752383576938, 'generation': 108}","{'id': 5841, 'rank': 16, 'fitness': 0.24931752383576938, 'generation': 108}","{'id': 5699, 'rank': 17, 'fitness': 0.24476225643351307, 'generation': 108}","{'id': 5853, 'rank': 18, 'fitness': 0.2116803759141943, 'generation': 108}","{'id': 5802, 'rank': 19, 'fitness': 0.1874470042453092, 'generation': 108}","{'id': 5802, 'rank': 20, 'fitness': 0.1874470042453092, 'generation': 108}","{'id': 5802, 'rank': 21, 'fitness': 0.1874470042453092, 'generation': 108}","{'id': 5802, 'rank': 22, 'fitness': 0.1874470042453092, 'generation': 108}","{'id': 5921, 'rank': 23, 'fitness': 0.1567127044980744, 'generation': 108}","{'id': 5921, 'rank': 24, 'fitness': 0.1567127044980744, 'generation': 108}","{'id': 5906, 'rank': 25, 'fitness': 0.15199557309934714, 'generation': 108}","{'id': 5909, 'rank': 26, 'fitness': 0.13997621237214758, 'generation': 108}","{'id': 5770, 'rank': 27, 'fitness': 0.09849840545349448, 'generation': 108}","{'id': 5706, 'rank': 28, 'fitness': 0.07722668347566097, 'generation': 108}","{'id': 5890, 'rank': 29, 'fitness': 0.057048685765167806, 'generation': 108}","{'id': 5902, 'rank': 30, 'fitness': 0.01798620996209155, 'generation': 108}"
"{'id': 5910, 'rank': 1, 'fitness': 0.9820137900379085, 'generation': 109}","{'id': 5910, 'rank': 2, 'fitness': 0.9820137900379085, 'generation': 109}","{'id': 5869, 'rank': 3, 'fitness': 0.6820816137225161, 'generation': 109}","{'id': 5869, 'rank': 4, 'fitness': 0.6820816137225161, 'generation': 109}","{'id': 5951, 'rank': 5, 'fitness': 0.5889424838533068, 'generation': 109}","{'id': 5933, 'rank': 6, 'fitness': 0.5865479896154677, 'generation': 109}","{'id': 5933, 'rank': 7, 'fitness': 0.5865479896154677, 'generation': 109}","{'id': 5717, 'rank': 8, 'fitness': 0.5341031320650211, 'generation': 109}","{'id': 5943, 'rank': 9, 'fitness': 0.5145837578377509, 'generation': 109}","{'id': 5949, 'rank': 10, 'fitness': 0.40066890071610617, 'generation': 109}","{'id': 5945, 'rank': 11, 'fitness': 0.3435729126064174, 'generation': 109}","{'id': 5874, 'rank': 12, 'fitness': 0.2839371924504602, 'generation': 109}","{'id': 5929, 'rank': 13, 'fitness': 0.279496604154543, 'generation': 109}","{'id': 5929, 'rank': 14, 'fitness': 0.279496604154543, 'generation': 109}","{'id': 5841, 'rank': 15, 'fitness': 0.24454110026269266, 'generation': 109}","{'id': 5841, 'rank': 16, 'fitness': 0.24454110026269266, 'generation': 109}","{'id': 5937, 'rank': 17, 'fitness': 0.22349168921510626, 'generation': 109}","{'id': 5937, 'rank': 18, 'fitness': 0.22349168921510626, 'generation': 109}","{'id': 5937, 'rank': 19, 'fitness': 0.22349168921510626, 'generation': 109}","{'id': 5966, 'rank': 20, 'fitness': 0.21352194786905476, 'generation': 109}","{'id': 5940, 'rank': 21, 'fitness': 0.19915530576191154, 'generation': 109}","{'id': 5940, 'rank': 22, 'fitness': 0.19915530576191154, 'generation': 109}","{'id': 5802, 'rank': 23, 'fitness': 0.18329124746977588, 'generation': 109}","{'id': 5802, 'rank': 24, 'fitness': 0.18329124746977588, 'generation': 109}","{'id': 5802, 'rank': 25, 'fitness': 0.18329124746977588, 'generation': 109}","{'id': 5921, 'rank': 26, 'fitness': 0.15296885650187936, 'generation': 109}","{'id': 5963, 'rank': 27, 'fitness': 0.13801480406519956, 'generation': 109}","{'id': 5950, 'rank': 28, 'fitness': 0.08608916647651077, 'generation': 109}","{'id': 5952, 'rank': 29, 'fitness': 0.0363442654099253, 'generation': 109}","{'id': 5965, 'rank': 30, 'fitness': 0.01798620996209155, 'generation': 109}"
"{'id': 5910, 'rank': 1, 'fitness': 0.9820137900379085, 'generation': 110}","{'id': 5910, 'rank': 2, 'fitness': 0.9820137900379085, 'generation': 110}","{'id': 6003, 'rank': 3, 'fitness': 0.848535533166668, 'generation': 110}","{'id': 6003, 'rank': 4, 'fitness': 0.848535533166668, 'generation': 110}","{'id': 6007, 'rank': 5, 'fitness': 0.7734072640279818, 'generation': 110}","{'id': 5869, 'rank': 6, 'fitness': 0.6725379950141941, 'generation': 110}","{'id': 5869, 'rank': 7, 'fitness': 0.6725379950141941, 'generation': 110}","{'id': 5869, 'rank': 8, 'fitness': 0.6725379950141941, 'generation': 110}","{'id': 5975, 'rank': 9, 'fitness': 0.6478867064448649, 'generation': 110}","{'id': 5933, 'rank': 10, 'fitness': 0.5745560012420708, 'generation': 110}","{'id': 5933, 'rank': 11, 'fitness': 0.5745560012420708, 'generation': 110}","{'id': 5933, 'rank': 12, 'fitness': 0.5745560012420708, 'generation': 110}","{'id': 5933, 'rank': 13, 'fitness': 0.5745560012420708, 'generation': 110}","{'id': 5717, 'rank': 14, 'fitness': 0.521112669861881, 'generation': 110}","{'id': 6004, 'rank': 15, 'fitness': 0.4074100130920171, 'generation': 110}","{'id': 6004, 'rank': 16, 'fitness': 0.4074100130920171, 'generation': 110}","{'id': 6010, 'rank': 17, 'fitness': 0.36667343305328437, 'generation': 110}","{'id': 5945, 'rank': 18, 'fitness': 0.3295736418921979, 'generation': 110}","{'id': 5945, 'rank': 19, 'fitness': 0.3295736418921979, 'generation': 110}","{'id': 5874, 'rank': 20, 'fitness': 0.27062341422775615, 'generation': 110}","{'id': 5874, 'rank': 21, 'fitness': 0.27062341422775615, 'generation': 110}","{'id': 5929, 'rank': 22, 'fitness': 0.26625575813412367, 'generation': 110}","{'id': 5929, 'rank': 23, 'fitness': 0.26625575813412367, 'generation': 110}","{'id': 5841, 'rank': 24, 'fitness': 0.23198671134658944, 'generation': 110}","{'id': 5999, 'rank': 25, 'fitness': 0.2130910211551148, 'generation': 110}","{'id': 6011, 'rank': 26, 'fitness': 0.19562671258472358, 'generation': 110}","{'id': 5802, 'rank': 27, 'fitness': 0.17245421543752665, 'generation': 110}","{'id': 5992, 'rank': 28, 'fitness': 0.16084254652176477, 'generation': 110}","{'id': 5989, 'rank': 29, 'fitness': 0.05434598245225447, 'generation': 110}","{'id': 5978, 'rank': 30, 'fitness': 0.01798620996209155, 'generation': 110}"
"{'id': 5910, 'rank': 1, 'fitness': 0.9820137900379085, 'generation': 111}","{'id': 6007, 'rank': 2, 'fitness': 0.7692294962125552, 'generation': 111}","{'id': 6025, 'rank': 3, 'fitness': 0.7028590660533198, 'generation': 111}","{'id': 5869, 'rank': 4, 'fitness': 0.6663362952524648, 'generation': 111}","{'id': 5869, 'rank': 5, 'fitness': 0.6663362952524648, 'generation': 111}","{'id': 5869, 'rank': 6, 'fitness': 0.6663362952524648, 'generation': 111}","{'id': 5869, 'rank': 7, 'fitness': 0.6663362952524648, 'generation': 111}","{'id': 5933, 'rank': 8, 'fitness': 0.566812248428616, 'generation': 111}","{'id': 5933, 'rank': 9, 'fitness': 0.566812248428616, 'generation': 111}","{'id': 5933, 'rank': 10, 'fitness': 0.566812248428616, 'generation': 111}","{'id': 5933, 'rank': 11, 'fitness': 0.566812248428616, 'generation': 111}","{'id': 6028, 'rank': 12, 'fitness': 0.4981717714350633, 'generation': 111}","{'id': 6028, 'rank': 13, 'fitness': 0.4981717714350633, 'generation': 111}","{'id': 6004, 'rank': 14, 'fitness': 0.3984187035076768, 'generation': 111}","{'id': 6004, 'rank': 15, 'fitness': 0.3984187035076768, 'generation': 111}","{'id': 6035, 'rank': 16, 'fitness': 0.2816454016473725, 'generation': 111}","{'id': 5841, 'rank': 17, 'fitness': 0.2241699293926271, 'generation': 111}","{'id': 6047, 'rank': 18, 'fitness': 0.15211664526469437, 'generation': 111}","{'id': 6029, 'rank': 19, 'fitness': 0.12841761609975832, 'generation': 111}","{'id': 6029, 'rank': 20, 'fitness': 0.12841761609975832, 'generation': 111}","{'id': 6049, 'rank': 21, 'fitness': 0.11042781652937544, 'generation': 111}","{'id': 6021, 'rank': 22, 'fitness': 0.0647605265854701, 'generation': 111}","{'id': 6021, 'rank': 23, 'fitness': 0.0647605265854701, 'generation': 111}","{'id': 6058, 'rank': 24, 'fitness': 0.04637716267656594, 'generation': 111}","{'id': 6017, 'rank': 25, 'fitness': 0.03611413806598551, 'generation': 111}","{'id': 6046, 'rank': 26, 'fitness': 0.033986912595877106, 'generation': 111}","{'id': 6027, 'rank': 27, 'fitness': 0.031262955300166706, 'generation': 111}","{'id': 6036, 'rank': 28, 'fitness': 0.02877763215717921, 'generation': 111}","{'id': 6026, 'rank': 29, 'fitness': 0.018232243059265518, 'generation': 111}","{'id': 6039, 'rank': 30, 'fitness': 0.01798620996209155, 'generation': 111}"
"{'id': 5910, 'rank': 1, 'fitness': 0.9820137900379085, 'generation': 112}","{'id': 6007, 'rank': 2, 'fitness': 0.7636197846686621, 'generation': 112}","{'id': 6025, 'rank': 3, 'fitness': 0.6954593934306599, 'generation': 112}","{'id': 6025, 'rank': 4, 'fitness': 0.6954593934306599, 'generation': 112}","{'id': 5869, 'rank': 5, 'fitness': 0.6580422341454681, 'generation': 112}","{'id': 6112, 'rank': 6, 'fitness': 0.6279113510592824, 'generation': 112}","{'id': 6078, 'rank': 7, 'fitness': 0.5678194338611959, 'generation': 112}","{'id': 6067, 'rank': 8, 'fitness': 0.5669061064687364, 'generation': 112}","{'id': 6067, 'rank': 9, 'fitness': 0.5669061064687364, 'generation': 112}","{'id': 6067, 'rank': 10, 'fitness': 0.5669061064687364, 'generation': 112}","{'id': 5933, 'rank': 11, 'fitness': 0.5565172348102634, 'generation': 112}","{'id': 5933, 'rank': 12, 'fitness': 0.5565172348102634, 'generation': 112}","{'id': 6028, 'rank': 13, 'fitness': 0.4869465011508555, 'generation': 112}","{'id': 6104, 'rank': 14, 'fitness': 0.4662201085398775, 'generation': 112}","{'id': 6065, 'rank': 15, 'fitness': 0.44596484179814244, 'generation': 112}","{'id': 6107, 'rank': 16, 'fitness': 0.4377622605008034, 'generation': 112}","{'id': 6107, 'rank': 17, 'fitness': 0.4377622605008034, 'generation': 112}","{'id': 6101, 'rank': 18, 'fitness': 0.41554045321625155, 'generation': 112}","{'id': 6004, 'rank': 19, 'fitness': 0.3866282861174084, 'generation': 112}","{'id': 6004, 'rank': 20, 'fitness': 0.3866282861174084, 'generation': 112}","{'id': 6035, 'rank': 21, 'fitness': 0.2705883870383117, 'generation': 112}","{'id': 6029, 'rank': 22, 'fitness': 0.12117853173321658, 'generation': 112}","{'id': 6029, 'rank': 23, 'fitness': 0.12117853173321658, 'generation': 112}","{'id': 6049, 'rank': 24, 'fitness': 0.10390279173584271, 'generation': 112}","{'id': 6090, 'rank': 25, 'fitness': 0.07584124317350599, 'generation': 112}","{'id': 6090, 'rank': 26, 'fitness': 0.07584124317350599, 'generation': 112}","{'id': 6075, 'rank': 27, 'fitness': 0.03887967202704917, 'generation': 112}","{'id': 6070, 'rank': 28, 'fitness': 0.03170154055463681, 'generation': 112}","{'id': 6036, 'rank': 29, 'fitness': 0.02651356163809082, 'generation': 112}","{'id': 6099, 'rank': 30, 'fitness': 0.01798620996209155, 'generation': 112}"
"{'id': 5910, 'rank': 1, 'fitness': 0.9820137900379085, 'generation': 113}","{'id': 6155, 'rank': 2, 'fitness': 0.8464245958788222, 'generation': 113}","{'id': 6007, 'rank': 3, 'fitness': 0.789950168041074, 'generation': 113}","{'id': 6025, 'rank': 4, 'fitness': 0.730352492443388, 'generation': 113}","{'id': 6025, 'rank': 5, 'fitness': 0.730352492443388, 'generation': 113}","{'id': 6025, 'rank': 6, 'fitness': 0.730352492443388, 'generation': 113}","{'id': 6025, 'rank': 7, 'fitness': 0.730352492443388, 'generation': 113}","{'id': 6134, 'rank': 8, 'fitness': 0.676655375761778, 'generation': 113}","{'id': 6117, 'rank': 9, 'fitness': 0.6700793191692116, 'generation': 113}","{'id': 6116, 'rank': 10, 'fitness': 0.6246671800362217, 'generation': 113}","{'id': 6067, 'rank': 11, 'fitness': 0.6153366784838022, 'generation': 113}","{'id': 6067, 'rank': 12, 'fitness': 0.6153366784838022, 'generation': 113}","{'id': 5933, 'rank': 13, 'fitness': 0.6058425733989565, 'generation': 113}","{'id': 6028, 'rank': 14, 'fitness': 0.5413100502276349, 'generation': 113}","{'id': 6104, 'rank': 15, 'fitness': 0.5217326108237181, 'generation': 113}","{'id': 6122, 'rank': 16, 'fitness': 0.5153598818170534, 'generation': 113}","{'id': 6107, 'rank': 17, 'fitness': 0.49456028988242995, 'generation': 113}","{'id': 6107, 'rank': 18, 'fitness': 0.49456028988242995, 'generation': 113}","{'id': 6101, 'rank': 19, 'fitness': 0.4730925167376814, 'generation': 113}","{'id': 6004, 'rank': 20, 'fitness': 0.4448104749380133, 'generation': 113}","{'id': 6143, 'rank': 21, 'fitness': 0.4317195652239855, 'generation': 113}","{'id': 6153, 'rank': 22, 'fitness': 0.3253501956985487, 'generation': 113}","{'id': 6150, 'rank': 23, 'fitness': 0.17244272543878048, 'generation': 113}","{'id': 6029, 'rank': 24, 'fitness': 0.1597932424415165, 'generation': 113}","{'id': 6131, 'rank': 25, 'fitness': 0.14932321125512643, 'generation': 113}","{'id': 6090, 'rank': 26, 'fitness': 0.10425694168063826, 'generation': 113}","{'id': 6148, 'rank': 27, 'fitness': 0.07277251462674195, 'generation': 113}","{'id': 6163, 'rank': 28, 'fitness': 0.045769814223168725, 'generation': 113}","{'id': 6120, 'rank': 29, 'fitness': 0.03895152677292707, 'generation': 113}","{'id': 6127, 'rank': 30, 'fitness': 0.01798620996209155, 'generation': 113}"
"{'id': 6007, 'rank': 1, 'fitness': 0.9820137900379085, 'generation': 114}","{'id': 6025, 'rank': 2, 'fitness': 0.9651568001099133, 'generation': 114}","{'id': 6025, 'rank': 3, 'fitness': 0.9651568001099133, 'generation': 114}","{'id': 6025, 'rank': 4, 'fitness': 0.9651568001099133, 'generation': 114}","{'id': 6134, 'rank': 5, 'fitness': 0.9420290382070657, 'generation': 114}","{'id': 6207, 'rank': 6, 'fitness': 0.9225661049728286, 'generation': 114}","{'id': 6116, 'rank': 7, 'fitness': 0.9100764140839714, 'generation': 114}","{'id': 6067, 'rank': 8, 'fitness': 0.9031466663049262, 'generation': 114}","{'id': 6028, 'rank': 9, 'fitness': 0.8325489201897363, 'generation': 114}","{'id': 6104, 'rank': 10, 'fitness': 0.8086452632079755, 'generation': 114}","{'id': 6143, 'rank': 11, 'fitness': 0.6666729071195757, 'generation': 114}","{'id': 6214, 'rank': 12, 'fitness': 0.5318998278585086, 'generation': 114}","{'id': 6214, 'rank': 13, 'fitness': 0.5318998278585086, 'generation': 114}","{'id': 6169, 'rank': 14, 'fitness': 0.48793606059970873, 'generation': 114}","{'id': 6153, 'rank': 15, 'fitness': 0.43871298814109694, 'generation': 114}","{'id': 6176, 'rank': 16, 'fitness': 0.4153562197741346, 'generation': 114}","{'id': 6206, 'rank': 17, 'fitness': 0.3292644539421724, 'generation': 114}","{'id': 6206, 'rank': 18, 'fitness': 0.3292644539421724, 'generation': 114}","{'id': 6175, 'rank': 19, 'fitness': 0.1930856598472862, 'generation': 114}","{'id': 6170, 'rank': 20, 'fitness': 0.16592715582795697, 'generation': 114}","{'id': 6188, 'rank': 21, 'fitness': 0.16228657456785012, 'generation': 114}","{'id': 6165, 'rank': 22, 'fitness': 0.14353392384218155, 'generation': 114}","{'id': 6202, 'rank': 23, 'fitness': 0.04981551176507476, 'generation': 114}","{'id': 6182, 'rank': 24, 'fitness': 0.04928749445581637, 'generation': 114}","{'id': 6090, 'rank': 25, 'fitness': 0.03972320027392767, 'generation': 114}","{'id': 6168, 'rank': 26, 'fitness': 0.025437357319050002, 'generation': 114}","{'id': 6167, 'rank': 27, 'fitness': 0.023730804719710896, 'generation': 114}","{'id': 6211, 'rank': 28, 'fitness': 0.022788706775147438, 'generation': 114}","{'id': 6211, 'rank': 29, 'fitness': 0.022788706775147438, 'generation': 114}","{'id': 6148, 'rank': 30, 'fitness': 0.01798620996209155, 'generation': 114}"
"{'id': 6007, 'rank': 1, 'fitness': 0.9820137900379085, 'generation': 115}","{'id': 6007, 'rank': 2, 'fitness': 0.9820137900379085, 'generation': 115}","{'id': 6025, 'rank': 3, 'fitness': 0.9680202455421595, 'generation': 115}","{'id': 6025, 'rank': 4, 'fitness': 0.9680202455421595, 'generation': 115}","{'id': 6025, 'rank': 5, 'fitness': 0.9680202455421595, 'generation': 115}","{'id': 6025, 'rank': 6, 'fitness': 0.9680202455421595, 'generation': 115}","{'id': 6134, 'rank': 7, 'fitness': 0.9500997579872501, 'generation': 115}","{'id': 6134, 'rank': 8, 'fitness': 0.9500997579872501, 'generation': 115}","{'id': 6207, 'rank': 9, 'fitness': 0.9356412222089519, 'generation': 115}","{'id': 6231, 'rank': 10, 'fitness': 0.9289908480688694, 'generation': 115}","{'id': 6067, 'rank': 11, 'fitness': 0.9215611289946569, 'generation': 115}","{'id': 6250, 'rank': 12, 'fitness': 0.8996469375769575, 'generation': 115}","{'id': 6028, 'rank': 13, 'fitness': 0.8718130289185912, 'generation': 115}","{'id': 6241, 'rank': 14, 'fitness': 0.803749231671275, 'generation': 115}","{'id': 6241, 'rank': 15, 'fitness': 0.803749231671275, 'generation': 115}","{'id': 6143, 'rank': 16, 'fitness': 0.7550105863485428, 'generation': 115}","{'id': 6214, 'rank': 17, 'fitness': 0.6534041208790521, 'generation': 115}","{'id': 6214, 'rank': 18, 'fitness': 0.6534041208790521, 'generation': 115}","{'id': 6246, 'rank': 19, 'fitness': 0.4788894442453324, 'generation': 115}","{'id': 6175, 'rank': 20, 'fitness': 0.3273615883704744, 'generation': 115}","{'id': 6170, 'rank': 21, 'fitness': 0.2930359953308963, 'generation': 115}","{'id': 6216, 'rank': 22, 'fitness': 0.20524511323000977, 'generation': 115}","{'id': 6254, 'rank': 23, 'fitness': 0.18495062483377467, 'generation': 115}","{'id': 6254, 'rank': 24, 'fitness': 0.18495062483377467, 'generation': 115}","{'id': 6255, 'rank': 25, 'fitness': 0.1551901898887625, 'generation': 115}","{'id': 6236, 'rank': 26, 'fitness': 0.11891148588156558, 'generation': 115}","{'id': 6211, 'rank': 27, 'fitness': 0.06042171105754379, 'generation': 115}","{'id': 6243, 'rank': 28, 'fitness': 0.020809586195221996, 'generation': 115}","{'id': 6258, 'rank': 29, 'fitness': 0.020059779450718795, 'generation': 115}","{'id': 6248, 'rank': 30, 'fitness': 0.01798620996209155, 'generation': 115}"
"{'id': 6293, 'rank': 1, 'fitness': 0.9820137900379085, 'generation': 116}","{'id': 6277, 'rank': 2, 'fitness': 0.964200867766766, 'generation': 116}","{'id': 6007, 'rank': 3, 'fitness': 0.9560453457345526, 'generation': 116}","{'id': 6134, 'rank': 4, 'fitness': 0.9120940618053341, 'generation': 116}","{'id': 6134, 'rank': 5, 'fitness': 0.9120940618053341, 'generation': 116}","{'id': 6134, 'rank': 6, 'fitness': 0.9120940618053341, 'generation': 116}","{'id': 6292, 'rank': 7, 'fitness': 0.9112886957797623, 'generation': 116}","{'id': 6231, 'rank': 8, 'fitness': 0.88853075416424, 'generation': 116}","{'id': 6231, 'rank': 9, 'fitness': 0.88853075416424, 'generation': 116}","{'id': 6067, 'rank': 10, 'fitness': 0.8808245189562445, 'generation': 116}","{'id': 6241, 'rank': 11, 'fitness': 0.778993686688241, 'generation': 116}","{'id': 6241, 'rank': 12, 'fitness': 0.778993686688241, 'generation': 116}","{'id': 6302, 'rank': 13, 'fitness': 0.47095456024118026, 'generation': 116}","{'id': 6299, 'rank': 14, 'fitness': 0.3814752491942921, 'generation': 116}","{'id': 6254, 'rank': 15, 'fitness': 0.31585691049637965, 'generation': 116}","{'id': 6254, 'rank': 16, 'fitness': 0.31585691049637965, 'generation': 116}","{'id': 6236, 'rank': 17, 'fitness': 0.2426937464784305, 'generation': 116}","{'id': 6297, 'rank': 18, 'fitness': 0.1782681812684725, 'generation': 116}","{'id': 6301, 'rank': 19, 'fitness': 0.15747864872254702, 'generation': 116}","{'id': 6296, 'rank': 20, 'fitness': 0.11605395840644306, 'generation': 116}","{'id': 6283, 'rank': 21, 'fitness': 0.046999235526292704, 'generation': 116}","{'id': 6283, 'rank': 22, 'fitness': 0.046999235526292704, 'generation': 116}","{'id': 6304, 'rank': 23, 'fitness': 0.03759909115671978, 'generation': 116}","{'id': 6314, 'rank': 24, 'fitness': 0.030657014096431012, 'generation': 116}","{'id': 6281, 'rank': 25, 'fitness': 0.0294667429049863, 'generation': 116}","{'id': 6285, 'rank': 26, 'fitness': 0.028417777849152948, 'generation': 116}","{'id': 6286, 'rank': 27, 'fitness': 0.023304459041005976, 'generation': 116}","{'id': 6316, 'rank': 28, 'fitness': 0.02111485658127976, 'generation': 116}","{'id': 6312, 'rank': 29, 'fitness': 0.019074062880164944, 'generation': 116}","{'id': 6280, 'rank': 30, 'fitness': 0.01798620996209155, 'generation': 116}"
"{'id': 6370, 'rank': 1, 'fitness': 0.9820137900379085, 'generation': 117}","{'id': 6277, 'rank': 2, 'fitness': 0.9212539694114501, 'generation': 117}","{'id': 6277, 'rank': 3, 'fitness': 0.9212539694114501, 'generation': 117}","{'id': 6360, 'rank': 4, 'fitness': 0.8971068779783172, 'generation': 117}","{'id': 6360, 'rank': 5, 'fitness': 0.8971068779783172, 'generation': 117}","{'id': 6331, 'rank': 6, 'fitness': 0.8049031176845393, 'generation': 117}","{'id': 6067, 'rank': 7, 'fitness': 0.7989931424590433, 'generation': 117}","{'id': 6351, 'rank': 8, 'fitness': 0.786042415992157, 'generation': 117}","{'id': 6336, 'rank': 9, 'fitness': 0.5113518293648721, 'generation': 117}","{'id': 6350, 'rank': 10, 'fitness': 0.3990965601633112, 'generation': 117}","{'id': 6254, 'rank': 11, 'fitness': 0.28190969422849643, 'generation': 117}","{'id': 6254, 'rank': 12, 'fitness': 0.28190969422849643, 'generation': 117}","{'id': 6254, 'rank': 13, 'fitness': 0.28190969422849643, 'generation': 117}","{'id': 6334, 'rank': 14, 'fitness': 0.25177880067038305, 'generation': 117}","{'id': 6378, 'rank': 15, 'fitness': 0.20604943140122367, 'generation': 117}","{'id': 6376, 'rank': 16, 'fitness': 0.16503196596929642, 'generation': 117}","{'id': 6374, 'rank': 17, 'fitness': 0.11818500099395907, 'generation': 117}","{'id': 6381, 'rank': 18, 'fitness': 0.09328678653283407, 'generation': 117}","{'id': 6375, 'rank': 19, 'fitness': 0.09243883502187306, 'generation': 117}","{'id': 6382, 'rank': 20, 'fitness': 0.06727384787477908, 'generation': 117}","{'id': 6283, 'rank': 21, 'fitness': 0.05720907572774858, 'generation': 117}","{'id': 6283, 'rank': 22, 'fitness': 0.05720907572774858, 'generation': 117}","{'id': 6373, 'rank': 23, 'fitness': 0.053498091604982534, 'generation': 117}","{'id': 6354, 'rank': 24, 'fitness': 0.04956406374999828, 'generation': 117}","{'id': 6304, 'rank': 25, 'fitness': 0.04757911345601146, 'generation': 117}","{'id': 6347, 'rank': 26, 'fitness': 0.047256564434006665, 'generation': 117}","{'id': 6339, 'rank': 27, 'fitness': 0.029918448771177053, 'generation': 117}","{'id': 6339, 'rank': 28, 'fitness': 0.029918448771177053, 'generation': 117}","{'id': 6338, 'rank': 29, 'fitness': 0.021104938017105723, 'generation': 117}","{'id': 6337, 'rank': 30, 'fitness': 0.01798620996209155, 'generation': 117}"
"{'id': 6370, 'rank': 1, 'fitness': 0.9820137900379085, 'generation': 118}","{'id': 6419, 'rank': 2, 'fitness': 0.9701733935959869, 'generation': 118}","{'id': 6397, 'rank': 3, 'fitness': 0.9294904740229599, 'generation': 118}","{'id': 6277, 'rank': 4, 'fitness': 0.9250578128121609, 'generation': 118}","{'id': 6390, 'rank': 5, 'fitness': 0.8985025823772557, 'generation': 118}","{'id': 6390, 'rank': 6, 'fitness': 0.8985025823772557, 'generation': 118}","{'id': 6420, 'rank': 7, 'fitness': 0.879046860623462, 'generation': 118}","{'id': 6331, 'rank': 8, 'fitness': 0.8186374883991454, 'generation': 118}","{'id': 6351, 'rank': 9, 'fitness': 0.8014193516091154, 'generation': 118}","{'id': 6351, 'rank': 10, 'fitness': 0.8014193516091154, 'generation': 118}","{'id': 6411, 'rank': 11, 'fitness': 0.7630289337755951, 'generation': 118}","{'id': 6387, 'rank': 12, 'fitness': 0.6763322203636021, 'generation': 118}","{'id': 6394, 'rank': 13, 'fitness': 0.47464142213723426, 'generation': 118}","{'id': 6428, 'rank': 14, 'fitness': 0.3901031234198149, 'generation': 118}","{'id': 6389, 'rank': 15, 'fitness': 0.3337525049727525, 'generation': 118}","{'id': 6254, 'rank': 16, 'fitness': 0.3179521381287927, 'generation': 118}","{'id': 6254, 'rank': 17, 'fitness': 0.3179521381287927, 'generation': 118}","{'id': 6254, 'rank': 18, 'fitness': 0.3179521381287927, 'generation': 118}","{'id': 6334, 'rank': 19, 'fitness': 0.2865964988470544, 'generation': 118}","{'id': 6409, 'rank': 20, 'fitness': 0.14404926465509582, 'generation': 118}","{'id': 6374, 'rank': 21, 'fitness': 0.14178952526373667, 'generation': 118}","{'id': 6375, 'rank': 22, 'fitness': 0.11250228902437659, 'generation': 118}","{'id': 6421, 'rank': 23, 'fitness': 0.08966647750370293, 'generation': 118}","{'id': 6283, 'rank': 24, 'fitness': 0.07140402165564558, 'generation': 118}","{'id': 6373, 'rank': 25, 'fitness': 0.06699185338831654, 'generation': 118}","{'id': 6304, 'rank': 26, 'fitness': 0.05991575633550095, 'generation': 118}","{'id': 6424, 'rank': 27, 'fitness': 0.05815077870220092, 'generation': 118}","{'id': 6426, 'rank': 28, 'fitness': 0.0394883662778277, 'generation': 118}","{'id': 6337, 'rank': 29, 'fitness': 0.02362631046122199, 'generation': 118}","{'id': 6402, 'rank': 30, 'fitness': 0.01798620996209155, 'generation': 118}"
"{'id': 6390, 'rank': 1, 'fitness': 0.9820137900379085, 'generation': 119}","{'id': 6390, 'rank': 2, 'fitness': 0.9820137900379085, 'generation': 119}","{'id': 6431, 'rank': 3, 'fitness': 0.9782963610966531, 'generation': 119}","{'id': 6431, 'rank': 4, 'fitness': 0.9782963610966531, 'generation': 119}","{'id': 6420, 'rank': 5, 'fitness': 0.9772980225429835, 'generation': 119}","{'id': 6420, 'rank': 6, 'fitness': 0.9772980225429835, 'generation': 119}","{'id': 6331, 'rank': 7, 'fitness': 0.9603993400972238, 'generation': 119}","{'id': 6466, 'rank': 8, 'fitness': 0.9571481383776714, 'generation': 119}","{'id': 6466, 'rank': 9, 'fitness': 0.9571481383776714, 'generation': 119}","{'id': 6351, 'rank': 10, 'fitness': 0.9549385813253638, 'generation': 119}","{'id': 6387, 'rank': 11, 'fitness': 0.9055604560977415, 'generation': 119}","{'id': 6394, 'rank': 12, 'fitness': 0.777366189879374, 'generation': 119}","{'id': 6428, 'rank': 13, 'fitness': 0.6972626415251814, 'generation': 119}","{'id': 6428, 'rank': 14, 'fitness': 0.6972626415251814, 'generation': 119}","{'id': 6480, 'rank': 15, 'fitness': 0.6652543132230806, 'generation': 119}","{'id': 6389, 'rank': 16, 'fitness': 0.6317808049579885, 'generation': 119}","{'id': 6389, 'rank': 17, 'fitness': 0.6317808049579885, 'generation': 119}","{'id': 6389, 'rank': 18, 'fitness': 0.6317808049579885, 'generation': 119}","{'id': 6254, 'rank': 19, 'fitness': 0.6113983222073938, 'generation': 119}","{'id': 6447, 'rank': 20, 'fitness': 0.3435608851589762, 'generation': 119}","{'id': 6454, 'rank': 21, 'fitness': 0.33505682659946145, 'generation': 119}","{'id': 6474, 'rank': 22, 'fitness': 0.3045199599773687, 'generation': 119}","{'id': 6479, 'rank': 23, 'fitness': 0.29125770977057364, 'generation': 119}","{'id': 6487, 'rank': 24, 'fitness': 0.2667923071845182, 'generation': 119}","{'id': 6440, 'rank': 25, 'fitness': 0.23580098283276862, 'generation': 119}","{'id': 6440, 'rank': 26, 'fitness': 0.23580098283276862, 'generation': 119}","{'id': 6468, 'rank': 27, 'fitness': 0.20609218349946845, 'generation': 119}","{'id': 6444, 'rank': 28, 'fitness': 0.1365295783667782, 'generation': 119}","{'id': 6424, 'rank': 29, 'fitness': 0.1210590668850895, 'generation': 119}","{'id': 6485, 'rank': 30, 'fitness': 0.01798620996209155, 'generation': 119}"
"{'id': 6390, 'rank': 1, 'fitness': 0.9820137900379085, 'generation': 120}","{'id': 6431, 'rank': 2, 'fitness': 0.977944955525553, 'generation': 120}","{'id': 6431, 'rank': 3, 'fitness': 0.977944955525553, 'generation': 120}","{'id': 6420, 'rank': 4, 'fitness': 0.9768418630687399, 'generation': 120}","{'id': 6520, 'rank': 5, 'fitness': 0.966429403784403, 'generation': 120}","{'id': 6466, 'rank': 6, 'fitness': 0.9538951447667812, 'generation': 120}","{'id': 6466, 'rank': 7, 'fitness': 0.9538951447667812, 'generation': 120}","{'id': 6387, 'rank': 8, 'fitness': 0.8920230641659442, 'generation': 120}","{'id': 6514, 'rank': 9, 'fitness': 0.8856458651485455, 'generation': 120}","{'id': 6545, 'rank': 10, 'fitness': 0.8613085372308735, 'generation': 120}","{'id': 6515, 'rank': 11, 'fitness': 0.8142108942925386, 'generation': 120}","{'id': 6389, 'rank': 12, 'fitness': 0.5605573857772602, 'generation': 120}","{'id': 6389, 'rank': 13, 'fitness': 0.5605573857772602, 'generation': 120}","{'id': 6389, 'rank': 14, 'fitness': 0.5605573857772602, 'generation': 120}","{'id': 6389, 'rank': 15, 'fitness': 0.5605573857772602, 'generation': 120}","{'id': 6533, 'rank': 16, 'fitness': 0.5075678867800318, 'generation': 120}","{'id': 6519, 'rank': 17, 'fitness': 0.32235107318777456, 'generation': 120}","{'id': 6526, 'rank': 18, 'fitness': 0.23399587306132125, 'generation': 120}","{'id': 6526, 'rank': 19, 'fitness': 0.23399587306132125, 'generation': 120}","{'id': 6474, 'rank': 20, 'fitness': 0.2245558982915563, 'generation': 120}","{'id': 6521, 'rank': 21, 'fitness': 0.22302934421012532, 'generation': 120}","{'id': 6529, 'rank': 22, 'fitness': 0.18230520299053216, 'generation': 120}","{'id': 6440, 'rank': 23, 'fitness': 0.1653057160788658, 'generation': 120}","{'id': 6424, 'rank': 24, 'fitness': 0.07621144311055572, 'generation': 120}","{'id': 6424, 'rank': 25, 'fitness': 0.07621144311055572, 'generation': 120}","{'id': 6530, 'rank': 26, 'fitness': 0.033095747720824076, 'generation': 120}","{'id': 6530, 'rank': 27, 'fitness': 0.033095747720824076, 'generation': 120}","{'id': 6522, 'rank': 28, 'fitness': 0.024880375893623796, 'generation': 120}","{'id': 6527, 'rank': 29, 'fitness': 0.01798620996209155, 'generation': 120}","{'id': 6527, 'rank': 30, 'fitness': 0.01798620996209155, 'generation': 120}"
"{'id': 6390, 'rank': 1, 'fitness': 0.9820137900379085, 'generation': 121}","{'id': 6466, 'rank': 2, 'fitness': 0.9581882462991148, 'generation': 121}","{'id': 6466, 'rank': 3, 'fitness': 0.9581882462991148, 'generation': 121}","{'id': 6600, 'rank': 4, 'fitness': 0.9451479880186404, 'generation': 121}","{'id': 6568, 'rank': 5, 'fitness': 0.9375633760801594, 'generation': 121}","{'id': 6568, 'rank': 6, 'fitness': 0.9375633760801594, 'generation': 121}","{'id': 6569, 'rank': 7, 'fitness': 0.932601891756148, 'generation': 121}","{'id': 6573, 'rank': 8, 'fitness': 0.9065784563010602, 'generation': 121}","{'id': 6570, 'rank': 9, 'fitness': 0.8981569688735946, 'generation': 121}","{'id': 6580, 'rank': 10, 'fitness': 0.7729168616047065, 'generation': 121}","{'id': 6591, 'rank': 11, 'fitness': 0.7678337955742676, 'generation': 121}","{'id': 6593, 'rank': 12, 'fitness': 0.7648246354429704, 'generation': 121}","{'id': 6564, 'rank': 13, 'fitness': 0.7426649954348059, 'generation': 121}","{'id': 6389, 'rank': 14, 'fitness': 0.6545709666542363, 'generation': 121}","{'id': 6533, 'rank': 15, 'fitness': 0.6102821381580095, 'generation': 121}","{'id': 6533, 'rank': 16, 'fitness': 0.6102821381580095, 'generation': 121}","{'id': 6571, 'rank': 17, 'fitness': 0.38301488155104035, 'generation': 121}","{'id': 6526, 'rank': 18, 'fitness': 0.3453520813109596, 'generation': 121}","{'id': 6610, 'rank': 19, 'fitness': 0.28674939040120306, 'generation': 121}","{'id': 6603, 'rank': 20, 'fitness': 0.23432764764647163, 'generation': 121}","{'id': 6602, 'rank': 21, 'fitness': 0.21866827922250825, 'generation': 121}","{'id': 6424, 'rank': 22, 'fitness': 0.14055309591186416, 'generation': 121}","{'id': 6597, 'rank': 23, 'fitness': 0.09189677524700601, 'generation': 121}","{'id': 6597, 'rank': 24, 'fitness': 0.09189677524700601, 'generation': 121}","{'id': 6605, 'rank': 25, 'fitness': 0.05074716595669854, 'generation': 121}","{'id': 6596, 'rank': 26, 'fitness': 0.031256672032235366, 'generation': 121}","{'id': 6588, 'rank': 27, 'fitness': 0.023763599331204643, 'generation': 121}","{'id': 6588, 'rank': 28, 'fitness': 0.023763599331204643, 'generation': 121}","{'id': 6577, 'rank': 29, 'fitness': 0.01798620996209155, 'generation': 121}","{'id': 6577, 'rank': 30, 'fitness': 0.01798620996209155, 'generation': 121}"
"{'id': 6633, 'rank': 1, 'fitness': 0.9820137900379085, 'generation': 122}","{'id': 6625, 'rank': 2, 'fitness': 0.9446586735752852, 'generation': 122}","{'id': 6625, 'rank': 3, 'fitness': 0.9446586735752852, 'generation': 122}","{'id': 6466, 'rank': 4, 'fitness': 0.9249009419765645, 'generation': 122}","{'id': 6466, 'rank': 5, 'fitness': 0.9249009419765645, 'generation': 122}","{'id': 6568, 'rank': 6, 'fitness': 0.8811431675839996, 'generation': 122}","{'id': 6568, 'rank': 7, 'fitness': 0.8811431675839996, 'generation': 122}","{'id': 6568, 'rank': 8, 'fitness': 0.8811431675839996, 'generation': 122}","{'id': 6573, 'rank': 9, 'fitness': 0.8144368703138598, 'generation': 122}","{'id': 6570, 'rank': 10, 'fitness': 0.7964515846342262, 'generation': 122}","{'id': 6611, 'rank': 11, 'fitness': 0.5838299433817449, 'generation': 122}","{'id': 6591, 'rank': 12, 'fitness': 0.5465207782410648, 'generation': 122}","{'id': 6564, 'rank': 13, 'fitness': 0.5057555007135558, 'generation': 122}","{'id': 6564, 'rank': 14, 'fitness': 0.5057555007135558, 'generation': 122}","{'id': 6533, 'rank': 15, 'fitness': 0.3293673368400992, 'generation': 122}","{'id': 6533, 'rank': 16, 'fitness': 0.3293673368400992, 'generation': 122}","{'id': 6533, 'rank': 17, 'fitness': 0.3293673368400992, 'generation': 122}","{'id': 6533, 'rank': 18, 'fitness': 0.3293673368400992, 'generation': 122}","{'id': 6533, 'rank': 19, 'fitness': 0.3293673368400992, 'generation': 122}","{'id': 6655, 'rank': 20, 'fitness': 0.32032549602649857, 'generation': 122}","{'id': 6629, 'rank': 21, 'fitness': 0.3001819281461504, 'generation': 122}","{'id': 6651, 'rank': 22, 'fitness': 0.24752463260714136, 'generation': 122}","{'id': 6651, 'rank': 23, 'fitness': 0.24752463260714136, 'generation': 122}","{'id': 6640, 'rank': 24, 'fitness': 0.12529116889727182, 'generation': 122}","{'id': 6526, 'rank': 25, 'fitness': 0.11738295387060255, 'generation': 122}","{'id': 6648, 'rank': 26, 'fitness': 0.11147125416974346, 'generation': 122}","{'id': 6610, 'rank': 27, 'fitness': 0.08757024796206131, 'generation': 122}","{'id': 6660, 'rank': 28, 'fitness': 0.030004644093054533, 'generation': 122}","{'id': 6656, 'rank': 29, 'fitness': 0.0208585944924482, 'generation': 122}","{'id': 6597, 'rank': 30, 'fitness': 0.01798620996209155, 'generation': 122}"
"{'id': 6667, 'rank': 1, 'fitness': 0.9820137900379085, 'generation': 123}","{'id': 6667, 'rank': 2, 'fitness': 0.9820137900379085, 'generation': 123}","{'id': 6633, 'rank': 3, 'fitness': 0.9268337321884927, 'generation': 123}","{'id': 6625, 'rank': 4, 'fitness': 0.8426631445966796, 'generation': 123}","{'id': 6625, 'rank': 5, 'fitness': 0.8426631445966796, 'generation': 123}","{'id': 6625, 'rank': 6, 'fitness': 0.8426631445966796, 'generation': 123}","{'id': 6689, 'rank': 7, 'fitness': 0.8323971440051313, 'generation': 123}","{'id': 6466, 'rank': 8, 'fitness': 0.807910943000347, 'generation': 123}","{'id': 6466, 'rank': 9, 'fitness': 0.807910943000347, 'generation': 123}","{'id': 6568, 'rank': 10, 'fitness': 0.7428207265921767, 'generation': 123}","{'id': 6568, 'rank': 11, 'fitness': 0.7428207265921767, 'generation': 123}","{'id': 6568, 'rank': 12, 'fitness': 0.7428207265921767, 'generation': 123}","{'id': 6713, 'rank': 13, 'fitness': 0.6841907085105429, 'generation': 123}","{'id': 6573, 'rank': 14, 'fitness': 0.6620770678526676, 'generation': 123}","{'id': 6573, 'rank': 15, 'fitness': 0.6620770678526676, 'generation': 123}","{'id': 6564, 'rank': 16, 'fitness': 0.39998728985736703, 'generation': 123}","{'id': 6684, 'rank': 17, 'fitness': 0.3289902978283919, 'generation': 123}","{'id': 6533, 'rank': 18, 'fitness': 0.27908096348165584, 'generation': 123}","{'id': 6533, 'rank': 19, 'fitness': 0.27908096348165584, 'generation': 123}","{'id': 6697, 'rank': 20, 'fitness': 0.27788665209847363, 'generation': 123}","{'id': 6655, 'rank': 21, 'fitness': 0.27298098169697244, 'generation': 123}","{'id': 6629, 'rank': 22, 'fitness': 0.25936661031805774, 'generation': 123}","{'id': 6629, 'rank': 23, 'fitness': 0.25936661031805774, 'generation': 123}","{'id': 6651, 'rank': 24, 'fitness': 0.22343058737047145, 'generation': 123}","{'id': 6640, 'rank': 25, 'fitness': 0.13454588076205215, 'generation': 123}","{'id': 6675, 'rank': 26, 'fitness': 0.11548036054230004, 'generation': 123}","{'id': 6703, 'rank': 27, 'fitness': 0.04553718683854713, 'generation': 123}","{'id': 6656, 'rank': 28, 'fitness': 0.03653374262018427, 'generation': 123}","{'id': 6709, 'rank': 29, 'fitness': 0.02355161624361729, 'generation': 123}","{'id': 6686, 'rank': 30, 'fitness': 0.01798620996209155, 'generation': 123}"
"{'id': 6667, 'rank': 1, 'fitness': 0.9820137900379085, 'generation': 124}","{'id': 6728, 'rank': 2, 'fitness': 0.920316596391358, 'generation': 124}","{'id': 6633, 'rank': 3, 'fitness': 0.9126634628795963, 'generation': 124}","{'id': 6625, 'rank': 4, 'fitness': 0.7977582692984453, 'generation': 124}","{'id': 6689, 'rank': 5, 'fitness': 0.783628064715826, 'generation': 124}","{'id': 6689, 'rank': 6, 'fitness': 0.783628064715826, 'generation': 124}","{'id': 6466, 'rank': 7, 'fitness': 0.7500391437597743, 'generation': 124}","{'id': 6733, 'rank': 8, 'fitness': 0.6940217659942578, 'generation': 124}","{'id': 6568, 'rank': 9, 'fitness': 0.6622879531653232, 'generation': 124}","{'id': 6568, 'rank': 10, 'fitness': 0.6622879531653232, 'generation': 124}","{'id': 6765, 'rank': 11, 'fitness': 0.6559416039773307, 'generation': 124}","{'id': 6765, 'rank': 12, 'fitness': 0.6559416039773307, 'generation': 124}","{'id': 6765, 'rank': 13, 'fitness': 0.6559416039773307, 'generation': 124}","{'id': 6713, 'rank': 14, 'fitness': 0.5861428086091, 'generation': 124}","{'id': 6573, 'rank': 15, 'fitness': 0.5583000736900272, 'generation': 124}","{'id': 6573, 'rank': 16, 'fitness': 0.5583000736900272, 'generation': 124}","{'id': 6573, 'rank': 17, 'fitness': 0.5583000736900272, 'generation': 124}","{'id': 6742, 'rank': 18, 'fitness': 0.29024787021523146, 'generation': 124}","{'id': 6564, 'rank': 19, 'fitness': 0.27173769369845346, 'generation': 124}","{'id': 6755, 'rank': 20, 'fitness': 0.22849627757573737, 'generation': 124}","{'id': 6758, 'rank': 21, 'fitness': 0.2005528952015162, 'generation': 124}","{'id': 6533, 'rank': 22, 'fitness': 0.1678526538739119, 'generation': 124}","{'id': 6750, 'rank': 23, 'fitness': 0.13258758410885257, 'generation': 124}","{'id': 6762, 'rank': 24, 'fitness': 0.0804481873941274, 'generation': 124}","{'id': 6741, 'rank': 25, 'fitness': 0.05767422873282746, 'generation': 124}","{'id': 6763, 'rank': 26, 'fitness': 0.05405051975937786, 'generation': 124}","{'id': 6738, 'rank': 27, 'fitness': 0.035173501436656096, 'generation': 124}","{'id': 6746, 'rank': 28, 'fitness': 0.03174444242683466, 'generation': 124}","{'id': 6773, 'rank': 29, 'fitness': 0.03170795187336922, 'generation': 124}","{'id': 6734, 'rank': 30, 'fitness': 0.01798620996209155, 'generation': 124}"
"{'id': 6667, 'rank': 1, 'fitness': 0.9820137900379085, 'generation': 125}","{'id': 6667, 'rank': 2, 'fitness': 0.9820137900379085, 'generation': 125}","{'id': 6790, 'rank': 3, 'fitness': 0.9439454613857654, 'generation': 125}","{'id': 6728, 'rank': 4, 'fitness': 0.9234381434098229, 'generation': 125}","{'id': 6791, 'rank': 5, 'fitness': 0.8690792403921099, 'generation': 125}","{'id': 6689, 'rank': 6, 'fitness': 0.79618970246447, 'generation': 125}","{'id': 6568, 'rank': 7, 'fitness': 0.682728127814913, 'generation': 125}","{'id': 6568, 'rank': 8, 'fitness': 0.682728127814913, 'generation': 125}","{'id': 6765, 'rank': 9, 'fitness': 0.6767507784956808, 'generation': 125}","{'id': 6765, 'rank': 10, 'fitness': 0.6767507784956808, 'generation': 125}","{'id': 6765, 'rank': 11, 'fitness': 0.6767507784956808, 'generation': 125}","{'id': 6765, 'rank': 12, 'fitness': 0.6767507784956808, 'generation': 125}","{'id': 6765, 'rank': 13, 'fitness': 0.6767507784956808, 'generation': 125}","{'id': 6818, 'rank': 14, 'fitness': 0.6400822610659984, 'generation': 125}","{'id': 6573, 'rank': 15, 'fitness': 0.5840336808927339, 'generation': 125}","{'id': 6819, 'rank': 16, 'fitness': 0.5072586453637725, 'generation': 125}","{'id': 6814, 'rank': 17, 'fitness': 0.4670300104083264, 'generation': 125}","{'id': 6821, 'rank': 18, 'fitness': 0.3979077267202594, 'generation': 125}","{'id': 6821, 'rank': 19, 'fitness': 0.3979077267202594, 'generation': 125}","{'id': 6788, 'rank': 20, 'fitness': 0.36122545046420973, 'generation': 125}","{'id': 6564, 'rank': 21, 'fitness': 0.3001282824574536, 'generation': 125}","{'id': 6801, 'rank': 22, 'fitness': 0.240105044798063, 'generation': 125}","{'id': 6758, 'rank': 23, 'fitness': 0.22572215269266355, 'generation': 125}","{'id': 6797, 'rank': 24, 'fitness': 0.21019000076787775, 'generation': 125}","{'id': 6824, 'rank': 25, 'fitness': 0.19259127041292834, 'generation': 125}","{'id': 6810, 'rank': 26, 'fitness': 0.10121632775740735, 'generation': 125}","{'id': 6779, 'rank': 27, 'fitness': 0.09898656186346716, 'generation': 125}","{'id': 6776, 'rank': 28, 'fitness': 0.05410576264405881, 'generation': 125}","{'id': 6787, 'rank': 29, 'fitness': 0.03940379672171057, 'generation': 125}","{'id': 6804, 'rank': 30, 'fitness': 0.01798620996209155, 'generation': 125}"
"{'id': 6667, 'rank': 1, 'fitness': 0.9820137900379085, 'generation': 126}","{'id': 6846, 'rank': 2, 'fitness': 0.9529996661701932, 'generation': 126}","{'id': 6790, 'rank': 3, 'fitness': 0.9455519917876785, 'generation': 126}","{'id': 6689, 'rank': 4, 'fitness': 0.8071598208001403, 'generation': 126}","{'id': 6849, 'rank': 5, 'fitness': 0.7930470320395011, 'generation': 126}","{'id': 6568, 'rank': 6, 'fitness': 0.7007671316086059, 'generation': 126}","{'id': 6765, 'rank': 7, 'fitness': 0.6951300884508396, 'generation': 126}","{'id': 6765, 'rank': 8, 'fitness': 0.6951300884508396, 'generation': 126}","{'id': 6573, 'rank': 9, 'fitness': 0.6071011415283175, 'generation': 126}","{'id': 6814, 'rank': 10, 'fitness': 0.49401356471109714, 'generation': 126}","{'id': 6788, 'rank': 11, 'fitness': 0.38925046747428194, 'generation': 126}","{'id': 6564, 'rank': 12, 'fitness': 0.3274231804553466, 'generation': 126}","{'id': 6564, 'rank': 13, 'fitness': 0.3274231804553466, 'generation': 126}","{'id': 6873, 'rank': 14, 'fitness': 0.3138827270288314, 'generation': 126}","{'id': 6873, 'rank': 15, 'fitness': 0.3138827270288314, 'generation': 126}","{'id': 6872, 'rank': 16, 'fitness': 0.31041672193606834, 'generation': 126}","{'id': 6837, 'rank': 17, 'fitness': 0.3024700773991956, 'generation': 126}","{'id': 6801, 'rank': 18, 'fitness': 0.26555607952235233, 'generation': 126}","{'id': 6801, 'rank': 19, 'fitness': 0.26555607952235233, 'generation': 126}","{'id': 6797, 'rank': 20, 'fitness': 0.23424904832368348, 'generation': 126}","{'id': 6824, 'rank': 21, 'fitness': 0.21566893433390505, 'generation': 126}","{'id': 6779, 'rank': 22, 'fitness': 0.11444946948250001, 'generation': 126}","{'id': 6868, 'rank': 23, 'fitness': 0.10938012110289186, 'generation': 126}","{'id': 6868, 'rank': 24, 'fitness': 0.10938012110289186, 'generation': 126}","{'id': 6865, 'rank': 25, 'fitness': 0.08152711919220906, 'generation': 126}","{'id': 6865, 'rank': 26, 'fitness': 0.08152711919220906, 'generation': 126}","{'id': 6866, 'rank': 27, 'fitness': 0.06528095063041506, 'generation': 126}","{'id': 6804, 'rank': 28, 'fitness': 0.022082012270666418, 'generation': 126}","{'id': 6843, 'rank': 29, 'fitness': 0.02059823965957236, 'generation': 126}","{'id': 6861, 'rank': 30, 'fitness': 0.01798620996209155, 'generation': 126}"
"{'id': 6846, 'rank': 1, 'fitness': 0.9820137900379085, 'generation': 127}","{'id': 6790, 'rank': 2, 'fitness': 0.978609124248335, 'generation': 127}","{'id': 6790, 'rank': 3, 'fitness': 0.978609124248335, 'generation': 127}","{'id': 6900, 'rank': 4, 'fitness': 0.9754393101769228, 'generation': 127}","{'id': 6899, 'rank': 5, 'fitness': 0.9458126067224322, 'generation': 127}","{'id': 6689, 'rank': 6, 'fitness': 0.9001806725699282, 'generation': 127}","{'id': 6849, 'rank': 7, 'fitness': 0.8907564247812901, 'generation': 127}","{'id': 6921, 'rank': 8, 'fitness': 0.8418632115792161, 'generation': 127}","{'id': 6921, 'rank': 9, 'fitness': 0.8418632115792161, 'generation': 127}","{'id': 6568, 'rank': 10, 'fitness': 0.8229502363266912, 'generation': 127}","{'id': 6890, 'rank': 11, 'fitness': 0.797227816193371, 'generation': 127}","{'id': 6890, 'rank': 12, 'fitness': 0.797227816193371, 'generation': 127}","{'id': 6924, 'rank': 13, 'fitness': 0.7632572195725444, 'generation': 127}","{'id': 6892, 'rank': 14, 'fitness': 0.7557580535094072, 'generation': 127}","{'id': 6909, 'rank': 15, 'fitness': 0.59462933113862, 'generation': 127}","{'id': 6788, 'rank': 16, 'fitness': 0.5127816926503792, 'generation': 127}","{'id': 6891, 'rank': 17, 'fitness': 0.49736427088944407, 'generation': 127}","{'id': 6891, 'rank': 18, 'fitness': 0.49736427088944407, 'generation': 127}","{'id': 6564, 'rank': 19, 'fitness': 0.436265824746899, 'generation': 127}","{'id': 6564, 'rank': 20, 'fitness': 0.436265824746899, 'generation': 127}","{'id': 6872, 'rank': 21, 'fitness': 0.41442403675618006, 'generation': 127}","{'id': 6837, 'rank': 22, 'fitness': 0.4041070053989241, 'generation': 127}","{'id': 6797, 'rank': 23, 'fitness': 0.31289993818227324, 'generation': 127}","{'id': 6885, 'rank': 24, 'fitness': 0.30840390833243414, 'generation': 127}","{'id': 6824, 'rank': 25, 'fitness': 0.2873524948762909, 'generation': 127}","{'id': 6920, 'rank': 26, 'fitness': 0.24212606868133735, 'generation': 127}","{'id': 6895, 'rank': 27, 'fitness': 0.18097511258706628, 'generation': 127}","{'id': 6910, 'rank': 28, 'fitness': 0.18003792054401346, 'generation': 127}","{'id': 6868, 'rank': 29, 'fitness': 0.13845534077072513, 'generation': 127}","{'id': 6861, 'rank': 30, 'fitness': 0.01798620996209155, 'generation': 127}"
"{'id': 6846, 'rank': 1, 'fitness': 0.9820137900379085, 'generation': 128}","{'id': 6790, 'rank': 2, 'fitness': 0.978739876013761, 'generation': 128}","{'id': 6900, 'rank': 3, 'fitness': 0.97570799645143, 'generation': 128}","{'id': 6975, 'rank': 4, 'fitness': 0.962133943282986, 'generation': 128}","{'id': 6689, 'rank': 5, 'fitness': 0.9057687129827917, 'generation': 128}","{'id': 6689, 'rank': 6, 'fitness': 0.9057687129827917, 'generation': 128}","{'id': 6568, 'rank': 7, 'fitness': 0.8353107870633291, 'generation': 128}","{'id': 6980, 'rank': 8, 'fitness': 0.8009528504700816, 'generation': 128}","{'id': 6931, 'rank': 9, 'fitness': 0.7947200327577268, 'generation': 128}","{'id': 6892, 'rank': 10, 'fitness': 0.7740384455553859, 'generation': 128}","{'id': 6942, 'rank': 11, 'fitness': 0.7545487076254506, 'generation': 128}","{'id': 6942, 'rank': 12, 'fitness': 0.7545487076254506, 'generation': 128}","{'id': 6909, 'rank': 13, 'fitness': 0.6251054662596386, 'generation': 128}","{'id': 6788, 'rank': 14, 'fitness': 0.5476151065108189, 'generation': 128}","{'id': 6891, 'rank': 15, 'fitness': 0.5328385740555156, 'generation': 128}","{'id': 6891, 'rank': 16, 'fitness': 0.5328385740555156, 'generation': 128}","{'id': 6872, 'rank': 17, 'fitness': 0.4522100072959431, 'generation': 128}","{'id': 6837, 'rank': 18, 'fitness': 0.44203465477391485, 'generation': 128}","{'id': 6824, 'rank': 19, 'fitness': 0.32423312090493, 'generation': 128}","{'id': 6824, 'rank': 20, 'fitness': 0.32423312090493, 'generation': 128}","{'id': 6920, 'rank': 21, 'fitness': 0.27709455582654885, 'generation': 128}","{'id': 6929, 'rank': 22, 'fitness': 0.14051152335796668, 'generation': 128}","{'id': 6929, 'rank': 23, 'fitness': 0.14051152335796668, 'generation': 128}","{'id': 6933, 'rank': 24, 'fitness': 0.08071619343000291, 'generation': 128}","{'id': 6951, 'rank': 25, 'fitness': 0.0774168653432799, 'generation': 128}","{'id': 6977, 'rank': 26, 'fitness': 0.07323892786722097, 'generation': 128}","{'id': 6977, 'rank': 27, 'fitness': 0.07323892786722097, 'generation': 128}","{'id': 6970, 'rank': 28, 'fitness': 0.05447944475183614, 'generation': 128}","{'id': 6965, 'rank': 29, 'fitness': 0.022266174818572904, 'generation': 128}","{'id': 6936, 'rank': 30, 'fitness': 0.01798620996209155, 'generation': 128}"
"{'id': 7003, 'rank': 1, 'fitness': 0.9820137900379085, 'generation': 129}","{'id': 6995, 'rank': 2, 'fitness': 0.9302123359532454, 'generation': 129}","{'id': 6900, 'rank': 3, 'fitness': 0.869140759058237, 'generation': 129}","{'id': 6900, 'rank': 4, 'fitness': 0.869140759058237, 'generation': 129}","{'id': 6689, 'rank': 5, 'fitness': 0.6879583039212775, 'generation': 129}","{'id': 7024, 'rank': 6, 'fitness': 0.6156464377023693, 'generation': 129}","{'id': 7022, 'rank': 7, 'fitness': 0.5629823387330177, 'generation': 129}","{'id': 6980, 'rank': 8, 'fitness': 0.5297299298035312, 'generation': 129}","{'id': 6931, 'rank': 9, 'fitness': 0.5222995278089505, 'generation': 129}","{'id': 6892, 'rank': 10, 'fitness': 0.4987238868706001, 'generation': 129}","{'id': 6942, 'rank': 11, 'fitness': 0.47787080890052247, 'generation': 129}","{'id': 6942, 'rank': 12, 'fitness': 0.47787080890052247, 'generation': 129}","{'id': 6989, 'rank': 13, 'fitness': 0.40243478390024157, 'generation': 129}","{'id': 7023, 'rank': 14, 'fitness': 0.33049843000233003, 'generation': 129}","{'id': 6872, 'rank': 15, 'fitness': 0.2492696852052535, 'generation': 129}","{'id': 6872, 'rank': 16, 'fitness': 0.2492696852052535, 'generation': 129}","{'id': 6824, 'rank': 17, 'fitness': 0.1793157262086842, 'generation': 129}","{'id': 6994, 'rank': 18, 'fitness': 0.14644358189012108, 'generation': 129}","{'id': 7009, 'rank': 19, 'fitness': 0.12065798257078092, 'generation': 129}","{'id': 6983, 'rank': 20, 'fitness': 0.08702793204453835, 'generation': 129}","{'id': 6977, 'rank': 21, 'fitness': 0.051568525883758376, 'generation': 129}","{'id': 6977, 'rank': 22, 'fitness': 0.051568525883758376, 'generation': 129}","{'id': 7037, 'rank': 23, 'fitness': 0.04735677077547917, 'generation': 129}","{'id': 6986, 'rank': 24, 'fitness': 0.038802813521842006, 'generation': 129}","{'id': 6996, 'rank': 25, 'fitness': 0.027460131970779122, 'generation': 129}","{'id': 6996, 'rank': 26, 'fitness': 0.027460131970779122, 'generation': 129}","{'id': 7017, 'rank': 27, 'fitness': 0.022530167546884028, 'generation': 129}","{'id': 7013, 'rank': 28, 'fitness': 0.022153379678631124, 'generation': 129}","{'id': 6965, 'rank': 29, 'fitness': 0.02040390188113972, 'generation': 129}","{'id': 7025, 'rank': 30, 'fitness': 0.01798620996209155, 'generation': 129}"
"{'id': 7040, 'rank': 1, 'fitness': 0.9820137900379085, 'generation': 130}","{'id': 7077, 'rank': 2, 'fitness': 0.9799165365575524, 'generation': 130}","{'id': 7045, 'rank': 3, 'fitness': 0.9781810890505525, 'generation': 130}","{'id': 6900, 'rank': 4, 'fitness': 0.9738306308676921, 'generation': 130}","{'id': 7060, 'rank': 5, 'fitness': 0.9041086870704862, 'generation': 130}","{'id': 7083, 'rank': 6, 'fitness': 0.892290394166579, 'generation': 130}","{'id': 7053, 'rank': 7, 'fitness': 0.8186219368997166, 'generation': 130}","{'id': 7022, 'rank': 8, 'fitness': 0.8049647876227353, 'generation': 130}","{'id': 7079, 'rank': 9, 'fitness': 0.7800250052735755, 'generation': 130}","{'id': 6980, 'rank': 10, 'fitness': 0.7751574690426208, 'generation': 130}","{'id': 7041, 'rank': 11, 'fitness': 0.7681752461873439, 'generation': 130}","{'id': 6931, 'rank': 12, 'fitness': 0.7681165766427561, 'generation': 130}","{'id': 7061, 'rank': 13, 'fitness': 0.7591922461371481, 'generation': 130}","{'id': 6892, 'rank': 14, 'fitness': 0.7448227872172922, 'generation': 130}","{'id': 7080, 'rank': 15, 'fitness': 0.6508790710428198, 'generation': 130}","{'id': 7080, 'rank': 16, 'fitness': 0.6508790710428198, 'generation': 130}","{'id': 7068, 'rank': 17, 'fitness': 0.5027876994675138, 'generation': 130}","{'id': 6824, 'rank': 18, 'fitness': 0.2766207528570992, 'generation': 130}","{'id': 6824, 'rank': 19, 'fitness': 0.2766207528570992, 'generation': 130}","{'id': 6994, 'rank': 20, 'fitness': 0.2166218914031593, 'generation': 130}","{'id': 7086, 'rank': 21, 'fitness': 0.1961262372992172, 'generation': 130}","{'id': 7073, 'rank': 22, 'fitness': 0.16321692285743195, 'generation': 130}","{'id': 7073, 'rank': 23, 'fitness': 0.16321692285743195, 'generation': 130}","{'id': 6983, 'rank': 24, 'fitness': 0.11170457528743055, 'generation': 130}","{'id': 7085, 'rank': 25, 'fitness': 0.09228227882565937, 'generation': 130}","{'id': 7055, 'rank': 26, 'fitness': 0.07694778930305962, 'generation': 130}","{'id': 7048, 'rank': 27, 'fitness': 0.0699259406857492, 'generation': 130}","{'id': 6986, 'rank': 28, 'fitness': 0.038218711428482766, 'generation': 130}","{'id': 7017, 'rank': 29, 'fitness': 0.018399321604652907, 'generation': 130}","{'id': 7013, 'rank': 30, 'fitness': 0.01798620996209155, 'generation': 130}"
"{'id': 7040, 'rank': 1, 'fitness': 0.9820137900379085, 'generation': 131}","{'id': 7045, 'rank': 2, 'fitness': 0.9784895146468058, 'generation': 131}","{'id': 7109, 'rank': 3, 'fitness': 0.9349718740130228, 'generation': 131}","{'id': 7140, 'rank': 4, 'fitness': 0.9238780044073922, 'generation': 131}","{'id': 7140, 'rank': 5, 'fitness': 0.9238780044073922, 'generation': 131}","{'id': 7083, 'rank': 6, 'fitness': 0.9049590634706022, 'generation': 131}","{'id': 7110, 'rank': 7, 'fitness': 0.9023728134374203, 'generation': 131}","{'id': 7110, 'rank': 8, 'fitness': 0.9023728134374203, 'generation': 131}","{'id': 7117, 'rank': 9, 'fitness': 0.8195314146327033, 'generation': 131}","{'id': 7117, 'rank': 10, 'fitness': 0.8195314146327033, 'generation': 131}","{'id': 7079, 'rank': 11, 'fitness': 0.8127066799325658, 'generation': 131}","{'id': 6980, 'rank': 12, 'fitness': 0.8087063708326778, 'generation': 131}","{'id': 7080, 'rank': 13, 'fitness': 0.7052152274061927, 'generation': 131}","{'id': 7080, 'rank': 14, 'fitness': 0.7052152274061927, 'generation': 131}","{'id': 7090, 'rank': 15, 'fitness': 0.6725355714137016, 'generation': 131}","{'id': 7108, 'rank': 16, 'fitness': 0.3589706091618281, 'generation': 131}","{'id': 6824, 'rank': 17, 'fitness': 0.35549684154863526, 'generation': 131}","{'id': 6994, 'rank': 18, 'fitness': 0.29003721420528905, 'generation': 131}","{'id': 7136, 'rank': 19, 'fitness': 0.24124344935226888, 'generation': 131}","{'id': 7136, 'rank': 20, 'fitness': 0.24124344935226888, 'generation': 131}","{'id': 7115, 'rank': 21, 'fitness': 0.18900115005834572, 'generation': 131}","{'id': 7126, 'rank': 22, 'fitness': 0.17313147485774066, 'generation': 131}","{'id': 7141, 'rank': 23, 'fitness': 0.15725175190191154, 'generation': 131}","{'id': 7055, 'rank': 24, 'fitness': 0.11859916080440991, 'generation': 131}","{'id': 7112, 'rank': 25, 'fitness': 0.11713179347913472, 'generation': 131}","{'id': 7129, 'rank': 26, 'fitness': 0.0979602026463669, 'generation': 131}","{'id': 7124, 'rank': 27, 'fitness': 0.03930813516218229, 'generation': 131}","{'id': 7013, 'rank': 28, 'fitness': 0.03200577079266187, 'generation': 131}","{'id': 7143, 'rank': 29, 'fitness': 0.02670965396772529, 'generation': 131}","{'id': 7137, 'rank': 30, 'fitness': 0.01798620996209155, 'generation': 131}"
"{'id': 7040, 'rank': 1, 'fitness': 0.9820137900379085, 'generation': 132}","{'id': 7040, 'rank': 2, 'fitness': 0.9820137900379085, 'generation': 132}","{'id': 7109, 'rank': 3, 'fitness': 0.9384385179020285, 'generation': 132}","{'id': 7140, 'rank': 4, 'fitness': 0.9283858376444555, 'generation': 132}","{'id': 7110, 'rank': 5, 'fitness': 0.9090195493682064, 'generation': 132}","{'id': 7188, 'rank': 6, 'fitness': 0.8897901260304831, 'generation': 132}","{'id': 7117, 'rank': 7, 'fitness': 0.8350951461006733, 'generation': 132}","{'id': 7079, 'rank': 8, 'fitness': 0.8290187441250338, 'generation': 132}","{'id': 6980, 'rank': 9, 'fitness': 0.8254566247739707, 'generation': 132}","{'id': 6980, 'rank': 10, 'fitness': 0.8254566247739707, 'generation': 132}","{'id': 6980, 'rank': 11, 'fitness': 0.8254566247739707, 'generation': 132}","{'id': 7080, 'rank': 12, 'fitness': 0.7328930972340113, 'generation': 132}","{'id': 7080, 'rank': 13, 'fitness': 0.7328930972340113, 'generation': 132}","{'id': 7090, 'rank': 14, 'fitness': 0.7033823725841037, 'generation': 132}","{'id': 7090, 'rank': 15, 'fitness': 0.7033823725841037, 'generation': 132}","{'id': 7195, 'rank': 16, 'fitness': 0.6548646025846776, 'generation': 132}","{'id': 7156, 'rank': 17, 'fitness': 0.44641711176345306, 'generation': 132}","{'id': 7156, 'rank': 18, 'fitness': 0.44641711176345306, 'generation': 132}","{'id': 7163, 'rank': 19, 'fitness': 0.41470390086886283, 'generation': 132}","{'id': 7136, 'rank': 20, 'fitness': 0.28489198703026, 'generation': 132}","{'id': 7136, 'rank': 21, 'fitness': 0.28489198703026, 'generation': 132}","{'id': 7162, 'rank': 22, 'fitness': 0.2803781832134135, 'generation': 132}","{'id': 7115, 'rank': 23, 'fitness': 0.22840368747082973, 'generation': 132}","{'id': 7055, 'rank': 24, 'fitness': 0.1489928696291245, 'generation': 132}","{'id': 7112, 'rank': 25, 'fitness': 0.1472899399482791, 'generation': 132}","{'id': 7157, 'rank': 26, 'fitness': 0.11960006949858482, 'generation': 132}","{'id': 7170, 'rank': 27, 'fitness': 0.10038560284742615, 'generation': 132}","{'id': 7177, 'rank': 28, 'fitness': 0.05638863980997444, 'generation': 132}","{'id': 7169, 'rank': 29, 'fitness': 0.034147471395508056, 'generation': 132}","{'id': 7175, 'rank': 30, 'fitness': 0.01798620996209155, 'generation': 132}"
"{'id': 7232, 'rank': 1, 'fitness': 0.9820137900379085, 'generation': 133}","{'id': 7040, 'rank': 2, 'fitness': 0.9754570996585574, 'generation': 133}","{'id': 7040, 'rank': 3, 'fitness': 0.9754570996585574, 'generation': 133}","{'id': 7040, 'rank': 4, 'fitness': 0.9754570996585574, 'generation': 133}","{'id': 7109, 'rank': 5, 'fitness': 0.9032094701801572, 'generation': 133}","{'id': 7211, 'rank': 6, 'fitness': 0.8927779152774907, 'generation': 133}","{'id': 7110, 'rank': 7, 'fitness': 0.8524031991539996, 'generation': 133}","{'id': 7188, 'rank': 8, 'fitness': 0.8192848850003882, 'generation': 133}","{'id': 7208, 'rank': 9, 'fitness': 0.732329008262427, 'generation': 133}","{'id': 7117, 'rank': 10, 'fitness': 0.72745466147954, 'generation': 133}","{'id': 7079, 'rank': 11, 'fitness': 0.717552359543679, 'generation': 133}","{'id': 7079, 'rank': 12, 'fitness': 0.717552359543679, 'generation': 133}","{'id': 7079, 'rank': 13, 'fitness': 0.717552359543679, 'generation': 133}","{'id': 7080, 'rank': 14, 'fitness': 0.5709424543865422, 'generation': 133}","{'id': 7090, 'rank': 15, 'fitness': 0.529961694117953, 'generation': 133}","{'id': 7195, 'rank': 16, 'fitness': 0.46673577293763285, 'generation': 133}","{'id': 7242, 'rank': 17, 'fitness': 0.16474277407318494, 'generation': 133}","{'id': 7162, 'rank': 18, 'fitness': 0.12660481412579516, 'generation': 133}","{'id': 7115, 'rank': 19, 'fitness': 0.09592106164605674, 'generation': 133}","{'id': 7115, 'rank': 20, 'fitness': 0.09592106164605674, 'generation': 133}","{'id': 7115, 'rank': 21, 'fitness': 0.09592106164605674, 'generation': 133}","{'id': 7223, 'rank': 22, 'fitness': 0.06559916719822212, 'generation': 133}","{'id': 7225, 'rank': 23, 'fitness': 0.06480586041088321, 'generation': 133}","{'id': 7055, 'rank': 24, 'fitness': 0.055206468899900496, 'generation': 133}","{'id': 7112, 'rank': 25, 'fitness': 0.0544124564353613, 'generation': 133}","{'id': 7157, 'rank': 26, 'fitness': 0.04196532756802207, 'generation': 133}","{'id': 7246, 'rank': 27, 'fitness': 0.04046407281109554, 'generation': 133}","{'id': 7241, 'rank': 28, 'fitness': 0.01798620996209155, 'generation': 133}","{'id': 7241, 'rank': 29, 'fitness': 0.01798620996209155, 'generation': 133}","{'id': 7241, 'rank': 30, 'fitness': 0.01798620996209155, 'generation': 133}"
"{'id': 7275, 'rank': 1, 'fitness': 0.9820137900379085, 'generation': 134}","{'id': 7040, 'rank': 2, 'fitness': 0.9417148484104554, 'generation': 134}","{'id': 7109, 'rank': 3, 'fitness': 0.8180304368915525, 'generation': 134}","{'id': 7255, 'rank': 4, 'fitness': 0.7013644586956337, 'generation': 134}","{'id': 7255, 'rank': 5, 'fitness': 0.7013644586956337, 'generation': 134}","{'id': 7255, 'rank': 6, 'fitness': 0.7013644586956337, 'generation': 134}","{'id': 7255, 'rank': 7, 'fitness': 0.7013644586956337, 'generation': 134}","{'id': 7259, 'rank': 8, 'fitness': 0.6537143633164286, 'generation': 134}","{'id': 7208, 'rank': 9, 'fitness': 0.6034548747028249, 'generation': 134}","{'id': 7117, 'rank': 10, 'fitness': 0.5982199542013643, 'generation': 134}","{'id': 7079, 'rank': 11, 'fitness': 0.5876955617548134, 'generation': 134}","{'id': 7256, 'rank': 12, 'fitness': 0.4984460352729668, 'generation': 134}","{'id': 7080, 'rank': 13, 'fitness': 0.44609974324809454, 'generation': 134}","{'id': 7271, 'rank': 14, 'fitness': 0.2460522724072458, 'generation': 134}","{'id': 7271, 'rank': 15, 'fitness': 0.2460522724072458, 'generation': 134}","{'id': 7300, 'rank': 16, 'fitness': 0.2420499680920331, 'generation': 134}","{'id': 7252, 'rank': 17, 'fitness': 0.18165560560398086, 'generation': 134}","{'id': 7252, 'rank': 18, 'fitness': 0.18165560560398086, 'generation': 134}","{'id': 7279, 'rank': 19, 'fitness': 0.15155477245202253, 'generation': 134}","{'id': 7264, 'rank': 20, 'fitness': 0.10336392688761009, 'generation': 134}","{'id': 7162, 'rank': 21, 'fitness': 0.10213745161976384, 'generation': 134}","{'id': 7297, 'rank': 22, 'fitness': 0.09471734108726682, 'generation': 134}","{'id': 7115, 'rank': 23, 'fitness': 0.07949659428143574, 'generation': 134}","{'id': 7285, 'rank': 24, 'fitness': 0.06060667238945777, 'generation': 134}","{'id': 7251, 'rank': 25, 'fitness': 0.05375509041534127, 'generation': 134}","{'id': 7251, 'rank': 26, 'fitness': 0.05375509041534127, 'generation': 134}","{'id': 7258, 'rank': 27, 'fitness': 0.02237525496626258, 'generation': 134}","{'id': 7278, 'rank': 28, 'fitness': 0.020872559421621806, 'generation': 134}","{'id': 7278, 'rank': 29, 'fitness': 0.020872559421621806, 'generation': 134}","{'id': 7241, 'rank': 30, 'fitness': 0.01798620996209155, 'generation': 134}"
"{'id': 7275, 'rank': 1, 'fitness': 0.9820137900379085, 'generation': 135}","{'id': 7275, 'rank': 2, 'fitness': 0.9820137900379085, 'generation': 135}","{'id': 7318, 'rank': 3, 'fitness': 0.9681758821436084, 'generation': 135}","{'id': 7309, 'rank': 4, 'fitness': 0.9460443535083658, 'generation': 135}","{'id': 7309, 'rank': 5, 'fitness': 0.9460443535083658, 'generation': 135}","{'id': 7309, 'rank': 6, 'fitness': 0.9460443535083658, 'generation': 135}","{'id': 7109, 'rank': 7, 'fitness': 0.8983308931856723, 'generation': 135}","{'id': 7255, 'rank': 8, 'fitness': 0.8462216414617139, 'generation': 135}","{'id': 7255, 'rank': 9, 'fitness': 0.8462216414617139, 'generation': 135}","{'id': 7255, 'rank': 10, 'fitness': 0.8462216414617139, 'generation': 135}","{'id': 7255, 'rank': 11, 'fitness': 0.8462216414617139, 'generation': 135}","{'id': 7341, 'rank': 12, 'fitness': 0.8214480033199844, 'generation': 135}","{'id': 7341, 'rank': 13, 'fitness': 0.8214480033199844, 'generation': 135}","{'id': 7208, 'rank': 14, 'fitness': 0.8003974756951128, 'generation': 135}","{'id': 7117, 'rank': 15, 'fitness': 0.7978418419870641, 'generation': 135}","{'id': 7117, 'rank': 16, 'fitness': 0.7978418419870641, 'generation': 135}","{'id': 7338, 'rank': 17, 'fitness': 0.7949737554635743, 'generation': 135}","{'id': 7079, 'rank': 18, 'fitness': 0.7926633472453695, 'generation': 135}","{'id': 7352, 'rank': 19, 'fitness': 0.7827245250013319, 'generation': 135}","{'id': 7308, 'rank': 20, 'fitness': 0.7286420587117408, 'generation': 135}","{'id': 7351, 'rank': 21, 'fitness': 0.7064660637561673, 'generation': 135}","{'id': 7335, 'rank': 22, 'fitness': 0.7040254002749198, 'generation': 135}","{'id': 7335, 'rank': 23, 'fitness': 0.7040254002749198, 'generation': 135}","{'id': 7335, 'rank': 24, 'fitness': 0.7040254002749198, 'generation': 135}","{'id': 7300, 'rank': 25, 'fitness': 0.562171624444061, 'generation': 135}","{'id': 7264, 'rank': 26, 'fitness': 0.37914313571033126, 'generation': 135}","{'id': 7337, 'rank': 27, 'fitness': 0.2539720703127898, 'generation': 135}","{'id': 7329, 'rank': 28, 'fitness': 0.19182339236597834, 'generation': 135}","{'id': 7322, 'rank': 29, 'fitness': 0.06088523095164777, 'generation': 135}","{'id': 7327, 'rank': 30, 'fitness': 0.01798620996209155, 'generation': 135}"
"{'id': 7275, 'rank': 1, 'fitness': 0.9820137900379085, 'generation': 136}","{'id': 7275, 'rank': 2, 'fitness': 0.9820137900379085, 'generation': 136}","{'id': 7309, 'rank': 3, 'fitness': 0.9407532962697143, 'generation': 136}","{'id': 7109, 'rank': 4, 'fitness': 0.8828638612662998, 'generation': 136}","{'id': 7109, 'rank': 5, 'fitness': 0.8828638612662998, 'generation': 136}","{'id': 7109, 'rank': 6, 'fitness': 0.8828638612662998, 'generation': 136}","{'id': 7255, 'rank': 7, 'fitness': 0.818311567214164, 'generation': 136}","{'id': 7255, 'rank': 8, 'fitness': 0.818311567214164, 'generation': 136}","{'id': 7341, 'rank': 9, 'fitness': 0.7875527776619538, 'generation': 136}","{'id': 7338, 'rank': 10, 'fitness': 0.7547836164836755, 'generation': 136}","{'id': 7338, 'rank': 11, 'fitness': 0.7547836164836755, 'generation': 136}","{'id': 7079, 'rank': 12, 'fitness': 0.7519317176638494, 'generation': 136}","{'id': 7308, 'rank': 13, 'fitness': 0.6736605307118397, 'generation': 136}","{'id': 7335, 'rank': 14, 'fitness': 0.6440542584673904, 'generation': 136}","{'id': 7374, 'rank': 15, 'fitness': 0.591868780398429, 'generation': 136}","{'id': 7414, 'rank': 16, 'fitness': 0.48758538560865533, 'generation': 136}","{'id': 7414, 'rank': 17, 'fitness': 0.48758538560865533, 'generation': 136}","{'id': 7264, 'rank': 18, 'fitness': 0.2920557456333789, 'generation': 136}","{'id': 7379, 'rank': 19, 'fitness': 0.2731999812526933, 'generation': 136}","{'id': 7387, 'rank': 20, 'fitness': 0.27059560622176365, 'generation': 136}","{'id': 7401, 'rank': 21, 'fitness': 0.2184848624285965, 'generation': 136}","{'id': 7371, 'rank': 22, 'fitness': 0.16228788291890772, 'generation': 136}","{'id': 7384, 'rank': 23, 'fitness': 0.15286262422444064, 'generation': 136}","{'id': 7404, 'rank': 24, 'fitness': 0.11938221381448944, 'generation': 136}","{'id': 7402, 'rank': 25, 'fitness': 0.11710192787243068, 'generation': 136}","{'id': 7356, 'rank': 26, 'fitness': 0.047288243233508664, 'generation': 136}","{'id': 7376, 'rank': 27, 'fitness': 0.038561408162709365, 'generation': 136}","{'id': 7406, 'rank': 28, 'fitness': 0.03378371707623634, 'generation': 136}","{'id': 7391, 'rank': 29, 'fitness': 0.030486170767574428, 'generation': 136}","{'id': 7362, 'rank': 30, 'fitness': 0.01798620996209155, 'generation': 136}"
"{'id': 7275, 'rank': 1, 'fitness': 0.9820137900379085, 'generation': 137}","{'id': 7474, 'rank': 2, 'fitness': 0.9022421288879683, 'generation': 137}","{'id': 7474, 'rank': 3, 'fitness': 0.9022421288879683, 'generation': 137}","{'id': 7255, 'rank': 4, 'fitness': 0.7898748793847656, 'generation': 137}","{'id': 7477, 'rank': 5, 'fitness': 0.7739122568521097, 'generation': 137}","{'id': 7477, 'rank': 6, 'fitness': 0.7739122568521097, 'generation': 137}","{'id': 7456, 'rank': 7, 'fitness': 0.7316796172441004, 'generation': 137}","{'id': 7338, 'rank': 8, 'fitness': 0.7142122927441696, 'generation': 137}","{'id': 7478, 'rank': 9, 'fitness': 0.5416979394314185, 'generation': 137}","{'id': 7478, 'rank': 10, 'fitness': 0.5416979394314185, 'generation': 137}","{'id': 7439, 'rank': 11, 'fitness': 0.5163110408726158, 'generation': 137}","{'id': 7453, 'rank': 12, 'fitness': 0.24304724061667715, 'generation': 137}","{'id': 7457, 'rank': 13, 'fitness': 0.23835756704631056, 'generation': 137}","{'id': 7448, 'rank': 14, 'fitness': 0.23044421081021133, 'generation': 137}","{'id': 7379, 'rank': 15, 'fitness': 0.2076482476019541, 'generation': 137}","{'id': 7379, 'rank': 16, 'fitness': 0.2076482476019541, 'generation': 137}","{'id': 7387, 'rank': 17, 'fitness': 0.20533651011583548, 'generation': 137}","{'id': 7387, 'rank': 18, 'fitness': 0.20533651011583548, 'generation': 137}","{'id': 7437, 'rank': 19, 'fitness': 0.19878403067417139, 'generation': 137}","{'id': 7401, 'rank': 20, 'fitness': 0.1602078862407358, 'generation': 137}","{'id': 7401, 'rank': 21, 'fitness': 0.1602078862407358, 'generation': 137}","{'id': 7426, 'rank': 22, 'fitness': 0.10710963654999717, 'generation': 137}","{'id': 7469, 'rank': 23, 'fitness': 0.09174675500205043, 'generation': 137}","{'id': 7440, 'rank': 24, 'fitness': 0.08964834753683215, 'generation': 137}","{'id': 7404, 'rank': 25, 'fitness': 0.0806981522003557, 'generation': 137}","{'id': 7466, 'rank': 26, 'fitness': 0.07489267249458764, 'generation': 137}","{'id': 7427, 'rank': 27, 'fitness': 0.03757394901085753, 'generation': 137}","{'id': 7427, 'rank': 28, 'fitness': 0.03757394901085753, 'generation': 137}","{'id': 7452, 'rank': 29, 'fitness': 0.024087477201618746, 'generation': 137}","{'id': 7391, 'rank': 30, 'fitness': 0.01798620996209155, 'generation': 137}"
"{'id': 7519, 'rank': 1, 'fitness': 0.9820137900379085, 'generation': 138}","{'id': 7474, 'rank': 2, 'fitness': 0.9630908711260939, 'generation': 138}","{'id': 7474, 'rank': 3, 'fitness': 0.9630908711260939, 'generation': 138}","{'id': 7474, 'rank': 4, 'fitness': 0.9630908711260939, 'generation': 138}","{'id': 7527, 'rank': 5, 'fitness': 0.9092112931005208, 'generation': 138}","{'id': 7255, 'rank': 6, 'fitness': 0.8877824516309294, 'generation': 138}","{'id': 7255, 'rank': 7, 'fitness': 0.8877824516309294, 'generation': 138}","{'id': 7477, 'rank': 8, 'fitness': 0.8747777207837593, 'generation': 138}","{'id': 7477, 'rank': 9, 'fitness': 0.8747777207837593, 'generation': 138}","{'id': 7456, 'rank': 10, 'fitness': 0.8377773337803379, 'generation': 138}","{'id': 7456, 'rank': 11, 'fitness': 0.8377773337803379, 'generation': 138}","{'id': 7526, 'rank': 12, 'fitness': 0.8209910350285711, 'generation': 138}","{'id': 7510, 'rank': 13, 'fitness': 0.6838017437722252, 'generation': 138}","{'id': 7521, 'rank': 14, 'fitness': 0.6420137339481817, 'generation': 138}","{'id': 7478, 'rank': 15, 'fitness': 0.6297328437103344, 'generation': 138}","{'id': 7478, 'rank': 16, 'fitness': 0.6297328437103344, 'generation': 138}","{'id': 7478, 'rank': 17, 'fitness': 0.6297328437103344, 'generation': 138}","{'id': 7511, 'rank': 18, 'fitness': 0.600268305338082, 'generation': 138}","{'id': 7511, 'rank': 19, 'fitness': 0.600268305338082, 'generation': 138}","{'id': 7439, 'rank': 20, 'fitness': 0.5976459993193015, 'generation': 138}","{'id': 7489, 'rank': 21, 'fitness': 0.30418019636049953, 'generation': 138}","{'id': 7448, 'rank': 22, 'fitness': 0.21532494688990444, 'generation': 138}","{'id': 7387, 'rank': 23, 'fitness': 0.18406483661576362, 'generation': 138}","{'id': 7387, 'rank': 24, 'fitness': 0.18406483661576362, 'generation': 138}","{'id': 7404, 'rank': 25, 'fitness': 0.051005050513031835, 'generation': 138}","{'id': 7520, 'rank': 26, 'fitness': 0.02959214395169313, 'generation': 138}","{'id': 7500, 'rank': 27, 'fitness': 0.020980386496055048, 'generation': 138}","{'id': 7500, 'rank': 28, 'fitness': 0.020980386496055048, 'generation': 138}","{'id': 7427, 'rank': 29, 'fitness': 0.01798620996209155, 'generation': 138}","{'id': 7427, 'rank': 30, 'fitness': 0.01798620996209155, 'generation': 138}"
"{'id': 7474, 'rank': 1, 'fitness': 0.9820137900379085, 'generation': 139}","{'id': 7474, 'rank': 2, 'fitness': 0.9820137900379085, 'generation': 139}","{'id': 7474, 'rank': 3, 'fitness': 0.9820137900379085, 'generation': 139}","{'id': 7551, 'rank': 4, 'fitness': 0.973155292027858, 'generation': 139}","{'id': 7551, 'rank': 5, 'fitness': 0.973155292027858, 'generation': 139}","{'id': 7551, 'rank': 6, 'fitness': 0.973155292027858, 'generation': 139}","{'id': 7531, 'rank': 7, 'fitness': 0.9614986173119713, 'generation': 139}","{'id': 7477, 'rank': 8, 'fitness': 0.9342057877995387, 'generation': 139}","{'id': 7477, 'rank': 9, 'fitness': 0.9342057877995387, 'generation': 139}","{'id': 7477, 'rank': 10, 'fitness': 0.9342057877995387, 'generation': 139}","{'id': 7536, 'rank': 11, 'fitness': 0.9010498571136664, 'generation': 139}","{'id': 7511, 'rank': 12, 'fitness': 0.7468738949183618, 'generation': 139}","{'id': 7547, 'rank': 13, 'fitness': 0.6233922885492831, 'generation': 139}","{'id': 7489, 'rank': 14, 'fitness': 0.45531305786040155, 'generation': 139}","{'id': 7545, 'rank': 15, 'fitness': 0.39360007192235513, 'generation': 139}","{'id': 7545, 'rank': 16, 'fitness': 0.39360007192235513, 'generation': 139}","{'id': 7448, 'rank': 17, 'fitness': 0.3418337028009303, 'generation': 139}","{'id': 7594, 'rank': 18, 'fitness': 0.33842493336590296, 'generation': 139}","{'id': 7537, 'rank': 19, 'fitness': 0.25090110858264997, 'generation': 139}","{'id': 7580, 'rank': 20, 'fitness': 0.23013497532799115, 'generation': 139}","{'id': 7575, 'rank': 21, 'fitness': 0.18253482430871337, 'generation': 139}","{'id': 7562, 'rank': 22, 'fitness': 0.10529460234580246, 'generation': 139}","{'id': 7404, 'rank': 23, 'fitness': 0.08936602462041499, 'generation': 139}","{'id': 7574, 'rank': 24, 'fitness': 0.08671098442879244, 'generation': 139}","{'id': 7538, 'rank': 25, 'fitness': 0.07468166591525949, 'generation': 139}","{'id': 7571, 'rank': 26, 'fitness': 0.0617522678263977, 'generation': 139}","{'id': 7569, 'rank': 27, 'fitness': 0.058637715482700636, 'generation': 139}","{'id': 7584, 'rank': 28, 'fitness': 0.03744388667029941, 'generation': 139}","{'id': 7532, 'rank': 29, 'fitness': 0.02006672871480869, 'generation': 139}","{'id': 7554, 'rank': 30, 'fitness': 0.01798620996209155, 'generation': 139}"
"{'id': 7474, 'rank': 1, 'fitness': 0.9820137900379085, 'generation': 140}","{'id': 7474, 'rank': 2, 'fitness': 0.9820137900379085, 'generation': 140}","{'id': 7474, 'rank': 3, 'fitness': 0.9820137900379085, 'generation': 140}","{'id': 7651, 'rank': 4, 'fitness': 0.9806432953180569, 'generation': 140}","{'id': 7613, 'rank': 5, 'fitness': 0.97352283450661, 'generation': 140}","{'id': 7551, 'rank': 6, 'fitness': 0.9732810215550762, 'generation': 140}","{'id': 7551, 'rank': 7, 'fitness': 0.9732810215550762, 'generation': 140}","{'id': 7641, 'rank': 8, 'fitness': 0.9723252684292296, 'generation': 140}","{'id': 7641, 'rank': 9, 'fitness': 0.9723252684292296, 'generation': 140}","{'id': 7624, 'rank': 10, 'fitness': 0.9629071472321908, 'generation': 140}","{'id': 7531, 'rank': 11, 'fitness': 0.961838246130762, 'generation': 140}","{'id': 7531, 'rank': 12, 'fitness': 0.961838246130762, 'generation': 140}","{'id': 7648, 'rank': 13, 'fitness': 0.9555258022051272, 'generation': 140}","{'id': 7477, 'rank': 14, 'fitness': 0.9351742022102988, 'generation': 140}","{'id': 7639, 'rank': 15, 'fitness': 0.8943584803512832, 'generation': 140}","{'id': 7623, 'rank': 16, 'fitness': 0.8361298125806018, 'generation': 140}","{'id': 7636, 'rank': 17, 'fitness': 0.7773657578083779, 'generation': 140}","{'id': 7647, 'rank': 18, 'fitness': 0.43596913721159747, 'generation': 140}","{'id': 7647, 'rank': 19, 'fitness': 0.43596913721159747, 'generation': 140}","{'id': 7545, 'rank': 20, 'fitness': 0.4061274732492086, 'generation': 140}","{'id': 7594, 'rank': 21, 'fitness': 0.35084895381382075, 'generation': 140}","{'id': 7537, 'rank': 22, 'fitness': 0.2623456730428477, 'generation': 140}","{'id': 7603, 'rank': 23, 'fitness': 0.16857124071422336, 'generation': 140}","{'id': 7650, 'rank': 24, 'fitness': 0.15000823410248915, 'generation': 140}","{'id': 7562, 'rank': 25, 'fitness': 0.11230471585254903, 'generation': 140}","{'id': 7574, 'rank': 26, 'fitness': 0.0928247159504983, 'generation': 140}","{'id': 7569, 'rank': 27, 'fitness': 0.06320172802510687, 'generation': 140}","{'id': 7569, 'rank': 28, 'fitness': 0.06320172802510687, 'generation': 140}","{'id': 7610, 'rank': 29, 'fitness': 0.03989892966685338, 'generation': 140}","{'id': 7634, 'rank': 30, 'fitness': 0.01798620996209155, 'generation': 140}"
"{'id': 7474, 'rank': 1, 'fitness': 0.9820137900379085, 'generation': 141}","{'id': 7474, 'rank': 2, 'fitness': 0.9820137900379085, 'generation': 141}","{'id': 7651, 'rank': 3, 'fitness': 0.9810267226284208, 'generation': 141}","{'id': 7613, 'rank': 4, 'fitness': 0.9761634935150288, 'generation': 141}","{'id': 7641, 'rank': 5, 'fitness': 0.9753816831531587, 'generation': 141}","{'id': 7531, 'rank': 6, 'fitness': 0.9688629380683608, 'generation': 141}","{'id': 7531, 'rank': 7, 'fitness': 0.9688629380683608, 'generation': 141}","{'id': 7717, 'rank': 8, 'fitness': 0.9270553202862671, 'generation': 141}","{'id': 7668, 'rank': 9, 'fitness': 0.8745585046578846, 'generation': 141}","{'id': 7668, 'rank': 10, 'fitness': 0.8745585046578846, 'generation': 141}","{'id': 7699, 'rank': 11, 'fitness': 0.8668250637595298, 'generation': 141}","{'id': 7666, 'rank': 12, 'fitness': 0.7176854716809145, 'generation': 141}","{'id': 7704, 'rank': 13, 'fitness': 0.6747281442553809, 'generation': 141}","{'id': 7594, 'rank': 14, 'fitness': 0.6553853786673398, 'generation': 141}","{'id': 7681, 'rank': 15, 'fitness': 0.587263864925807, 'generation': 141}","{'id': 7706, 'rank': 16, 'fitness': 0.5772974575182912, 'generation': 141}","{'id': 7706, 'rank': 17, 'fitness': 0.5772974575182912, 'generation': 141}","{'id': 7603, 'rank': 18, 'fitness': 0.48240515694531744, 'generation': 141}","{'id': 7574, 'rank': 19, 'fitness': 0.36173666083923117, 'generation': 141}","{'id': 7720, 'rank': 20, 'fitness': 0.3336217758911525, 'generation': 141}","{'id': 7721, 'rank': 21, 'fitness': 0.32707604322471207, 'generation': 141}","{'id': 7724, 'rank': 22, 'fitness': 0.31809637476564345, 'generation': 141}","{'id': 7661, 'rank': 23, 'fitness': 0.2980567907969273, 'generation': 141}","{'id': 7569, 'rank': 24, 'fitness': 0.2950860175165495, 'generation': 141}","{'id': 7662, 'rank': 25, 'fitness': 0.25430354570928754, 'generation': 141}","{'id': 7664, 'rank': 26, 'fitness': 0.21498613657235766, 'generation': 141}","{'id': 7714, 'rank': 27, 'fitness': 0.14562406691641872, 'generation': 141}","{'id': 7722, 'rank': 28, 'fitness': 0.11455151291555443, 'generation': 141}","{'id': 7703, 'rank': 29, 'fitness': 0.1022154279034369, 'generation': 141}","{'id': 7727, 'rank': 30, 'fitness': 0.01798620996209155, 'generation': 141}"
"{'id': 7730, 'rank': 1, 'fitness': 0.9820137900379085, 'generation': 142}","{'id': 7474, 'rank': 2, 'fitness': 0.9699768524225261, 'generation': 142}","{'id': 7474, 'rank': 3, 'fitness': 0.9699768524225261, 'generation': 142}","{'id': 7651, 'rank': 4, 'fitness': 0.9680259519161536, 'generation': 142}","{'id': 7731, 'rank': 5, 'fitness': 0.9668614809509052, 'generation': 142}","{'id': 7731, 'rank': 6, 'fitness': 0.9668614809509052, 'generation': 142}","{'id': 7531, 'rank': 7, 'fitness': 0.9429011640423139, 'generation': 142}","{'id': 7531, 'rank': 8, 'fitness': 0.9429011640423139, 'generation': 142}","{'id': 7531, 'rank': 9, 'fitness': 0.9429011640423139, 'generation': 142}","{'id': 7745, 'rank': 10, 'fitness': 0.930054932748209, 'generation': 142}","{'id': 7745, 'rank': 11, 'fitness': 0.930054932748209, 'generation': 142}","{'id': 7728, 'rank': 12, 'fitness': 0.9063934820311547, 'generation': 142}","{'id': 7729, 'rank': 13, 'fitness': 0.8813473700746128, 'generation': 142}","{'id': 7733, 'rank': 14, 'fitness': 0.7672471420032685, 'generation': 142}","{'id': 7668, 'rank': 15, 'fitness': 0.7347299542826193, 'generation': 142}","{'id': 7668, 'rank': 16, 'fitness': 0.7347299542826193, 'generation': 142}","{'id': 7777, 'rank': 17, 'fitness': 0.7293597427222214, 'generation': 142}","{'id': 7666, 'rank': 18, 'fitness': 0.4537770679101604, 'generation': 142}","{'id': 7768, 'rank': 19, 'fitness': 0.3952412129837107, 'generation': 142}","{'id': 7746, 'rank': 20, 'fitness': 0.37458610866220243, 'generation': 142}","{'id': 7732, 'rank': 21, 'fitness': 0.3221336496673123, 'generation': 142}","{'id': 7756, 'rank': 22, 'fitness': 0.18428689790041913, 'generation': 142}","{'id': 7766, 'rank': 23, 'fitness': 0.12566951393347603, 'generation': 142}","{'id': 7750, 'rank': 24, 'fitness': 0.12343287883283682, 'generation': 142}","{'id': 7720, 'rank': 25, 'fitness': 0.10670637823333029, 'generation': 142}","{'id': 7661, 'rank': 26, 'fitness': 0.08936271723644451, 'generation': 142}","{'id': 7739, 'rank': 27, 'fitness': 0.05952469687668793, 'generation': 142}","{'id': 7775, 'rank': 28, 'fitness': 0.05455566371311249, 'generation': 142}","{'id': 7772, 'rank': 29, 'fitness': 0.02037356052143624, 'generation': 142}","{'id': 7757, 'rank': 30, 'fitness': 0.01798620996209155, 'generation': 142}"
"{'id': 7807, 'rank': 1, 'fitness': 0.9820137900379085, 'generation': 143}","{'id': 7730, 'rank': 2, 'fitness': 0.9513829401145869, 'generation': 143}","{'id': 7730, 'rank': 3, 'fitness': 0.9513829401145869, 'generation': 143}","{'id': 7819, 'rank': 4, 'fitness': 0.9426397217622247, 'generation': 143}","{'id': 7819, 'rank': 5, 'fitness': 0.9426397217622247, 'generation': 143}","{'id': 7474, 'rank': 6, 'fitness': 0.9263283964505337, 'generation': 143}","{'id': 7474, 'rank': 7, 'fitness': 0.9263283964505337, 'generation': 143}","{'id': 7731, 'rank': 8, 'fitness': 0.9202442147132892, 'generation': 143}","{'id': 7731, 'rank': 9, 'fitness': 0.9202442147132892, 'generation': 143}","{'id': 7780, 'rank': 10, 'fitness': 0.9113415641889475, 'generation': 143}","{'id': 7780, 'rank': 11, 'fitness': 0.9113415641889475, 'generation': 143}","{'id': 7831, 'rank': 12, 'fitness': 0.8784496184827013, 'generation': 143}","{'id': 7531, 'rank': 13, 'fitness': 0.8771633086335051, 'generation': 143}","{'id': 7779, 'rank': 14, 'fitness': 0.8009692737522902, 'generation': 143}","{'id': 7668, 'rank': 15, 'fitness': 0.6131769322663096, 'generation': 143}","{'id': 7777, 'rank': 16, 'fitness': 0.6076883958293049, 'generation': 143}","{'id': 7833, 'rank': 17, 'fitness': 0.5670746061336183, 'generation': 143}","{'id': 7768, 'rank': 18, 'fitness': 0.31936050312223685, 'generation': 143}","{'id': 7746, 'rank': 19, 'fitness': 0.30358732962237733, 'generation': 143}","{'id': 7732, 'rank': 20, 'fitness': 0.2639882649224043, 'generation': 143}","{'id': 7821, 'rank': 21, 'fitness': 0.2455828137574924, 'generation': 143}","{'id': 7790, 'rank': 22, 'fitness': 0.21922621147785976, 'generation': 143}","{'id': 7829, 'rank': 23, 'fitness': 0.17986476569100668, 'generation': 143}","{'id': 7830, 'rank': 24, 'fitness': 0.15241883391315053, 'generation': 143}","{'id': 7830, 'rank': 25, 'fitness': 0.15241883391315053, 'generation': 143}","{'id': 7782, 'rank': 26, 'fitness': 0.14814073890010115, 'generation': 143}","{'id': 7720, 'rank': 27, 'fitness': 0.10070376724199648, 'generation': 143}","{'id': 7720, 'rank': 28, 'fitness': 0.10070376724199648, 'generation': 143}","{'id': 7820, 'rank': 29, 'fitness': 0.06546007774902018, 'generation': 143}","{'id': 7811, 'rank': 30, 'fitness': 0.01798620996209155, 'generation': 143}"
"{'id': 7807, 'rank': 1, 'fitness': 0.9820137900379085, 'generation': 144}","{'id': 7839, 'rank': 2, 'fitness': 0.9737607247435482, 'generation': 144}","{'id': 7839, 'rank': 3, 'fitness': 0.9737607247435482, 'generation': 144}","{'id': 7474, 'rank': 4, 'fitness': 0.9284633955272718, 'generation': 144}","{'id': 7780, 'rank': 5, 'fitness': 0.9142123644927731, 'generation': 144}","{'id': 7779, 'rank': 6, 'fitness': 0.8097945983984457, 'generation': 144}","{'id': 7851, 'rank': 7, 'fitness': 0.6921036256806355, 'generation': 144}","{'id': 7894, 'rank': 8, 'fitness': 0.6855076032706513, 'generation': 144}","{'id': 7668, 'rank': 9, 'fitness': 0.6311418992993695, 'generation': 144}","{'id': 7845, 'rank': 10, 'fitness': 0.6146494553178099, 'generation': 144}","{'id': 7833, 'rank': 11, 'fitness': 0.5867333830531556, 'generation': 144}","{'id': 7833, 'rank': 12, 'fitness': 0.5867333830531556, 'generation': 144}","{'id': 7840, 'rank': 13, 'fitness': 0.45790795895076636, 'generation': 144}","{'id': 7840, 'rank': 14, 'fitness': 0.45790795895076636, 'generation': 144}","{'id': 7856, 'rank': 15, 'fitness': 0.4148207290183161, 'generation': 144}","{'id': 7854, 'rank': 16, 'fitness': 0.3655333206412265, 'generation': 144}","{'id': 7768, 'rank': 17, 'fitness': 0.3420910623161285, 'generation': 144}","{'id': 7867, 'rank': 18, 'fitness': 0.3392460854704499, 'generation': 144}","{'id': 7746, 'rank': 19, 'fitness': 0.32608149405525705, 'generation': 144}","{'id': 7890, 'rank': 20, 'fitness': 0.30045247377246925, 'generation': 144}","{'id': 7861, 'rank': 21, 'fitness': 0.251553639650961, 'generation': 144}","{'id': 7873, 'rank': 22, 'fitness': 0.19996080636993896, 'generation': 144}","{'id': 7873, 'rank': 23, 'fitness': 0.19996080636993896, 'generation': 144}","{'id': 7852, 'rank': 24, 'fitness': 0.1512155084731201, 'generation': 144}","{'id': 7848, 'rank': 25, 'fitness': 0.14132989324057021, 'generation': 144}","{'id': 7866, 'rank': 26, 'fitness': 0.08904033859928334, 'generation': 144}","{'id': 7862, 'rank': 27, 'fitness': 0.08427572453730614, 'generation': 144}","{'id': 7862, 'rank': 28, 'fitness': 0.08427572453730614, 'generation': 144}","{'id': 7859, 'rank': 29, 'fitness': 0.05179893249558698, 'generation': 144}","{'id': 7888, 'rank': 30, 'fitness': 0.01798620996209155, 'generation': 144}"
"{'id': 7839, 'rank': 1, 'fitness': 0.9820137900379085, 'generation': 145}","{'id': 7474, 'rank': 2, 'fitness': 0.9398081776756451, 'generation': 145}","{'id': 7474, 'rank': 3, 'fitness': 0.9398081776756451, 'generation': 145}","{'id': 7780, 'rank': 4, 'fitness': 0.9250646727840395, 'generation': 145}","{'id': 7780, 'rank': 5, 'fitness': 0.9250646727840395, 'generation': 145}","{'id': 7943, 'rank': 6, 'fitness': 0.8943293086785995, 'generation': 145}","{'id': 7911, 'rank': 7, 'fitness': 0.8709286863248817, 'generation': 145}","{'id': 7939, 'rank': 8, 'fitness': 0.8521180225154079, 'generation': 145}","{'id': 7939, 'rank': 9, 'fitness': 0.8521180225154079, 'generation': 145}","{'id': 7899, 'rank': 10, 'fitness': 0.7983744634748409, 'generation': 145}","{'id': 7899, 'rank': 11, 'fitness': 0.7983744634748409, 'generation': 145}","{'id': 7851, 'rank': 12, 'fitness': 0.6590084720589823, 'generation': 145}","{'id': 7936, 'rank': 13, 'fitness': 0.6033237420789124, 'generation': 145}","{'id': 7668, 'rank': 14, 'fitness': 0.5826717750771171, 'generation': 145}","{'id': 7845, 'rank': 15, 'fitness': 0.5621957161944463, 'generation': 145}","{'id': 7928, 'rank': 16, 'fitness': 0.5289209402728317, 'generation': 145}","{'id': 7928, 'rank': 17, 'fitness': 0.5289209402728317, 'generation': 145}","{'id': 7833, 'rank': 18, 'fitness': 0.5278094419990217, 'generation': 145}","{'id': 7938, 'rank': 19, 'fitness': 0.480997429320072, 'generation': 145}","{'id': 7917, 'rank': 20, 'fitness': 0.3999025104769972, 'generation': 145}","{'id': 7840, 'rank': 21, 'fitness': 0.3758100641994251, 'generation': 145}","{'id': 7840, 'rank': 22, 'fitness': 0.3758100641994251, 'generation': 145}","{'id': 7931, 'rank': 23, 'fitness': 0.3147060571929826, 'generation': 145}","{'id': 7902, 'rank': 24, 'fitness': 0.21625953890770983, 'generation': 145}","{'id': 7896, 'rank': 25, 'fitness': 0.15814608508081718, 'generation': 145}","{'id': 7918, 'rank': 26, 'fitness': 0.12818209880843895, 'generation': 145}","{'id': 7873, 'rank': 27, 'fitness': 0.12363527252250939, 'generation': 145}","{'id': 7935, 'rank': 28, 'fitness': 0.07012617848149738, 'generation': 145}","{'id': 7908, 'rank': 29, 'fitness': 0.01868265677974623, 'generation': 145}","{'id': 7941, 'rank': 30, 'fitness': 0.01798620996209155, 'generation': 145}"
"{'id': 7951, 'rank': 1, 'fitness': 0.9820137900379085, 'generation': 146}","{'id': 7964, 'rank': 2, 'fitness': 0.9737402075787444, 'generation': 146}","{'id': 7968, 'rank': 3, 'fitness': 0.9717704179669306, 'generation': 146}","{'id': 7780, 'rank': 4, 'fitness': 0.9688612745119509, 'generation': 146}","{'id': 7780, 'rank': 5, 'fitness': 0.9688612745119509, 'generation': 146}","{'id': 7911, 'rank': 6, 'fitness': 0.9339319623599498, 'generation': 146}","{'id': 7939, 'rank': 7, 'fitness': 0.9200114772178652, 'generation': 146}","{'id': 7899, 'rank': 8, 'fitness': 0.8757211589586767, 'generation': 146}","{'id': 8002, 'rank': 9, 'fitness': 0.7654909755420529, 'generation': 146}","{'id': 7851, 'rank': 10, 'fitness': 0.7341263501521762, 'generation': 146}","{'id': 7936, 'rank': 11, 'fitness': 0.6688051577315584, 'generation': 146}","{'id': 7955, 'rank': 12, 'fitness': 0.6610934265751123, 'generation': 146}","{'id': 7955, 'rank': 13, 'fitness': 0.6610934265751123, 'generation': 146}","{'id': 7845, 'rank': 14, 'fitness': 0.6181536349295516, 'generation': 146}","{'id': 7845, 'rank': 15, 'fitness': 0.6181536349295516, 'generation': 146}","{'id': 7845, 'rank': 16, 'fitness': 0.6181536349295516, 'generation': 146}","{'id': 7833, 'rank': 17, 'fitness': 0.5745713875420508, 'generation': 146}","{'id': 7982, 'rank': 18, 'fitness': 0.5622229004325785, 'generation': 146}","{'id': 7997, 'rank': 19, 'fitness': 0.5035494595838674, 'generation': 146}","{'id': 7997, 'rank': 20, 'fitness': 0.5035494595838674, 'generation': 146}","{'id': 7950, 'rank': 21, 'fitness': 0.4729625155361108, 'generation': 146}","{'id': 7953, 'rank': 22, 'fitness': 0.4377767964788293, 'generation': 146}","{'id': 7840, 'rank': 23, 'fitness': 0.3757568413370996, 'generation': 146}","{'id': 7993, 'rank': 24, 'fitness': 0.23895808334815388, 'generation': 146}","{'id': 7918, 'rank': 25, 'fitness': 0.08715280677094939, 'generation': 146}","{'id': 7918, 'rank': 26, 'fitness': 0.08715280677094939, 'generation': 146}","{'id': 7984, 'rank': 27, 'fitness': 0.034709407488108635, 'generation': 146}","{'id': 7975, 'rank': 28, 'fitness': 0.02389759840461325, 'generation': 146}","{'id': 8001, 'rank': 29, 'fitness': 0.01798620996209155, 'generation': 146}","{'id': 8001, 'rank': 30, 'fitness': 0.01798620996209155, 'generation': 146}"
"{'id': 7968, 'rank': 1, 'fitness': 0.9820137900379085, 'generation': 147}","{'id': 7780, 'rank': 2, 'fitness': 0.9803276577457778, 'generation': 147}","{'id': 7911, 'rank': 3, 'fitness': 0.9606777124841541, 'generation': 147}","{'id': 7911, 'rank': 4, 'fitness': 0.9606777124841541, 'generation': 147}","{'id': 7939, 'rank': 5, 'fitness': 0.9530027868286994, 'generation': 147}","{'id': 7939, 'rank': 6, 'fitness': 0.9530027868286994, 'generation': 147}","{'id': 7939, 'rank': 7, 'fitness': 0.9530027868286994, 'generation': 147}","{'id': 8012, 'rank': 8, 'fitness': 0.939557682905122, 'generation': 147}","{'id': 7899, 'rank': 9, 'fitness': 0.9286956983988868, 'generation': 147}","{'id': 8036, 'rank': 10, 'fitness': 0.9086941911073643, 'generation': 147}","{'id': 8036, 'rank': 11, 'fitness': 0.9086941911073643, 'generation': 147}","{'id': 8040, 'rank': 12, 'fitness': 0.8844153793577998, 'generation': 147}","{'id': 8002, 'rank': 13, 'fitness': 0.8666405058912164, 'generation': 147}","{'id': 7936, 'rank': 14, 'fitness': 0.8080945081652274, 'generation': 147}","{'id': 7955, 'rank': 15, 'fitness': 0.8031976277667915, 'generation': 147}","{'id': 7955, 'rank': 16, 'fitness': 0.8031976277667915, 'generation': 147}","{'id': 7833, 'rank': 17, 'fitness': 0.7454006638931805, 'generation': 147}","{'id': 7950, 'rank': 18, 'fitness': 0.669271299368259, 'generation': 147}","{'id': 8009, 'rank': 19, 'fitness': 0.6037410622571046, 'generation': 147}","{'id': 7840, 'rank': 20, 'fitness': 0.5851815121933377, 'generation': 147}","{'id': 8046, 'rank': 21, 'fitness': 0.4971469869034434, 'generation': 147}","{'id': 8046, 'rank': 22, 'fitness': 0.4971469869034434, 'generation': 147}","{'id': 8038, 'rank': 23, 'fitness': 0.47966583186790546, 'generation': 147}","{'id': 8003, 'rank': 24, 'fitness': 0.21513684066569538, 'generation': 147}","{'id': 8005, 'rank': 25, 'fitness': 0.11091429363719701, 'generation': 147}","{'id': 7984, 'rank': 26, 'fitness': 0.09958439172548761, 'generation': 147}","{'id': 8022, 'rank': 27, 'fitness': 0.07690713636146695, 'generation': 147}","{'id': 7975, 'rank': 28, 'fitness': 0.0724846502034493, 'generation': 147}","{'id': 8024, 'rank': 29, 'fitness': 0.024075988053662956, 'generation': 147}","{'id': 8027, 'rank': 30, 'fitness': 0.01798620996209155, 'generation': 147}"
"{'id': 8082, 'rank': 1, 'fitness': 0.9820137900379085, 'generation': 148}","{'id': 8057, 'rank': 2, 'fitness': 0.9301337069496031, 'generation': 148}","{'id': 7780, 'rank': 3, 'fitness': 0.9109021604372469, 'generation': 148}","{'id': 7780, 'rank': 4, 'fitness': 0.9109021604372469, 'generation': 148}","{'id': 8069, 'rank': 5, 'fitness': 0.8788726030693932, 'generation': 148}","{'id': 7939, 'rank': 6, 'fitness': 0.8323107374272565, 'generation': 148}","{'id': 8012, 'rank': 7, 'fitness': 0.8003482115622064, 'generation': 148}","{'id': 8036, 'rank': 8, 'fitness': 0.736935066541197, 'generation': 148}","{'id': 8040, 'rank': 9, 'fitness': 0.6939900801208078, 'generation': 148}","{'id': 8040, 'rank': 10, 'fitness': 0.6939900801208078, 'generation': 148}","{'id': 7955, 'rank': 11, 'fitness': 0.5777930644754177, 'generation': 148}","{'id': 7955, 'rank': 12, 'fitness': 0.5777930644754177, 'generation': 148}","{'id': 8108, 'rank': 13, 'fitness': 0.19972899661416693, 'generation': 148}","{'id': 8108, 'rank': 14, 'fitness': 0.19972899661416693, 'generation': 148}","{'id': 8103, 'rank': 15, 'fitness': 0.18113950269714313, 'generation': 148}","{'id': 8091, 'rank': 16, 'fitness': 0.1337271959279589, 'generation': 148}","{'id': 8063, 'rank': 17, 'fitness': 0.11476153514131204, 'generation': 148}","{'id': 8056, 'rank': 18, 'fitness': 0.1048663136137079, 'generation': 148}","{'id': 8075, 'rank': 19, 'fitness': 0.0596850844205406, 'generation': 148}","{'id': 8081, 'rank': 20, 'fitness': 0.04928841192834221, 'generation': 148}","{'id': 8084, 'rank': 21, 'fitness': 0.04497847546987971, 'generation': 148}","{'id': 8084, 'rank': 22, 'fitness': 0.04497847546987971, 'generation': 148}","{'id': 8070, 'rank': 23, 'fitness': 0.04135637406844361, 'generation': 148}","{'id': 8070, 'rank': 24, 'fitness': 0.04135637406844361, 'generation': 148}","{'id': 8086, 'rank': 25, 'fitness': 0.0384415510838067, 'generation': 148}","{'id': 8087, 'rank': 26, 'fitness': 0.03576575578808949, 'generation': 148}","{'id': 8095, 'rank': 27, 'fitness': 0.02754501451593544, 'generation': 148}","{'id': 8105, 'rank': 28, 'fitness': 0.02555948683942577, 'generation': 148}","{'id': 8077, 'rank': 29, 'fitness': 0.022935590834817943, 'generation': 148}","{'id': 8111, 'rank': 30, 'fitness': 0.01798620996209155, 'generation': 148}"
"{'id': 8140, 'rank': 1, 'fitness': 0.9820137900379085, 'generation': 149}","{'id': 8143, 'rank': 2, 'fitness': 0.9710728212513398, 'generation': 149}","{'id': 8057, 'rank': 3, 'fitness': 0.9601879265728117, 'generation': 149}","{'id': 8057, 'rank': 4, 'fitness': 0.9601879265728117, 'generation': 149}","{'id': 7780, 'rank': 5, 'fitness': 0.9485572098991051, 'generation': 149}","{'id': 8069, 'rank': 6, 'fitness': 0.928627783649529, 'generation': 149}","{'id': 8119, 'rank': 7, 'fitness': 0.9121076806649235, 'generation': 149}","{'id': 8118, 'rank': 8, 'fitness': 0.9021897019133207, 'generation': 149}","{'id': 8155, 'rank': 9, 'fitness': 0.9004330006238507, 'generation': 149}","{'id': 8155, 'rank': 10, 'fitness': 0.9004330006238507, 'generation': 149}","{'id': 7939, 'rank': 11, 'fitness': 0.89841234802354, 'generation': 149}","{'id': 8126, 'rank': 12, 'fitness': 0.8511526345052904, 'generation': 149}","{'id': 8133, 'rank': 13, 'fitness': 0.7607429393209122, 'generation': 149}","{'id': 8134, 'rank': 14, 'fitness': 0.3255699845001901, 'generation': 149}","{'id': 8108, 'rank': 15, 'fitness': 0.2971969987982286, 'generation': 149}","{'id': 8091, 'rank': 16, 'fitness': 0.20600560634521398, 'generation': 149}","{'id': 8117, 'rank': 17, 'fitness': 0.1969147013748932, 'generation': 149}","{'id': 8114, 'rank': 18, 'fitness': 0.16122766589655751, 'generation': 149}","{'id': 8131, 'rank': 19, 'fitness': 0.12705832515315774, 'generation': 149}","{'id': 8131, 'rank': 20, 'fitness': 0.12705832515315774, 'generation': 149}","{'id': 8075, 'rank': 21, 'fitness': 0.09510304067136105, 'generation': 149}","{'id': 8128, 'rank': 22, 'fitness': 0.09061633109379497, 'generation': 149}","{'id': 8157, 'rank': 23, 'fitness': 0.08076948507788712, 'generation': 149}","{'id': 8086, 'rank': 24, 'fitness': 0.06163428232778584, 'generation': 149}","{'id': 8153, 'rank': 25, 'fitness': 0.05513600883772768, 'generation': 149}","{'id': 8129, 'rank': 26, 'fitness': 0.04224505811764373, 'generation': 149}","{'id': 8077, 'rank': 27, 'fitness': 0.036815505412323646, 'generation': 149}","{'id': 8124, 'rank': 28, 'fitness': 0.036770267436478155, 'generation': 149}","{'id': 8124, 'rank': 29, 'fitness': 0.036770267436478155, 'generation': 149}","{'id': 8116, 'rank': 30, 'fitness': 0.01798620996209155, 'generation': 149}"
"{'id': 8140, 'rank': 1, 'fitness': 0.9820137900379085, 'generation': 150}","{'id': 8140, 'rank': 2, 'fitness': 0.9820137900379085, 'generation': 150}","{'id': 8159, 'rank': 3, 'fitness': 0.9798986410655965, 'generation': 150}","{'id': 8159, 'rank': 4, 'fitness': 0.9798986410655965, 'generation': 150}","{'id': 8164, 'rank': 5, 'fitness': 0.9729751778157157, 'generation': 150}","{'id': 8143, 'rank': 6, 'fitness': 0.9710728212513398, 'generation': 150}","{'id': 8057, 'rank': 7, 'fitness': 0.9601879265728117, 'generation': 150}","{'id': 8057, 'rank': 8, 'fitness': 0.9601879265728117, 'generation': 150}","{'id': 8057, 'rank': 9, 'fitness': 0.9601879265728117, 'generation': 150}","{'id': 8170, 'rank': 10, 'fitness': 0.9503126096035495, 'generation': 150}","{'id': 8069, 'rank': 11, 'fitness': 0.928627783649529, 'generation': 150}","{'id': 8155, 'rank': 12, 'fitness': 0.9004330006238507, 'generation': 150}","{'id': 7939, 'rank': 13, 'fitness': 0.89841234802354, 'generation': 150}","{'id': 8160, 'rank': 14, 'fitness': 0.8240912658576849, 'generation': 150}","{'id': 8133, 'rank': 15, 'fitness': 0.7607429393209122, 'generation': 150}","{'id': 8199, 'rank': 16, 'fitness': 0.7195787570799518, 'generation': 150}","{'id': 8169, 'rank': 17, 'fitness': 0.7084359036686253, 'generation': 150}","{'id': 8196, 'rank': 18, 'fitness': 0.45357360217062315, 'generation': 150}","{'id': 8178, 'rank': 19, 'fitness': 0.41851193184105995, 'generation': 150}","{'id': 8185, 'rank': 20, 'fitness': 0.4006897831462835, 'generation': 150}","{'id': 8211, 'rank': 21, 'fitness': 0.25034873835190696, 'generation': 150}","{'id': 8214, 'rank': 22, 'fitness': 0.1671536820815822, 'generation': 150}","{'id': 8114, 'rank': 23, 'fitness': 0.16122766589655751, 'generation': 150}","{'id': 8195, 'rank': 24, 'fitness': 0.15956674479694066, 'generation': 150}","{'id': 8131, 'rank': 25, 'fitness': 0.12705832515315774, 'generation': 150}","{'id': 8197, 'rank': 26, 'fitness': 0.12371442404828736, 'generation': 150}","{'id': 8124, 'rank': 27, 'fitness': 0.036770267436478155, 'generation': 150}","{'id': 8182, 'rank': 28, 'fitness': 0.02269472065678435, 'generation': 150}","{'id': 8175, 'rank': 29, 'fitness': 0.018209000639105632, 'generation': 150}","{'id': 8116, 'rank': 30, 'fitness': 0.01798620996209155, 'generation': 150}"
"{'id': 8140, 'rank': 1, 'fitness': 0.9820137900379085, 'generation': 151}","{'id': 8164, 'rank': 2, 'fitness': 0.9734678174546488, 'generation': 151}","{'id': 8057, 'rank': 3, 'fitness': 0.9615818887628029, 'generation': 151}","{'id': 8265, 'rank': 4, 'fitness': 0.9602782532622292, 'generation': 151}","{'id': 8251, 'rank': 5, 'fitness': 0.9567782961814604, 'generation': 151}","{'id': 7939, 'rank': 6, 'fitness': 0.9057100467668192, 'generation': 151}","{'id': 8240, 'rank': 7, 'fitness': 0.8836290246993921, 'generation': 151}","{'id': 8240, 'rank': 8, 'fitness': 0.8836290246993921, 'generation': 151}","{'id': 8239, 'rank': 9, 'fitness': 0.8349697612314958, 'generation': 151}","{'id': 8253, 'rank': 10, 'fitness': 0.7959473345501649, 'generation': 151}","{'id': 8133, 'rank': 11, 'fitness': 0.7834412404074578, 'generation': 151}","{'id': 8133, 'rank': 12, 'fitness': 0.7834412404074578, 'generation': 151}","{'id': 8273, 'rank': 13, 'fitness': 0.7703726771611327, 'generation': 151}","{'id': 8256, 'rank': 14, 'fitness': 0.7213185180504855, 'generation': 151}","{'id': 8274, 'rank': 15, 'fitness': 0.6973496372709536, 'generation': 151}","{'id': 8225, 'rank': 16, 'fitness': 0.6739691315437725, 'generation': 151}","{'id': 8248, 'rank': 17, 'fitness': 0.6034814480004176, 'generation': 151}","{'id': 8260, 'rank': 18, 'fitness': 0.34251518359282596, 'generation': 151}","{'id': 8241, 'rank': 19, 'fitness': 0.31545839517670904, 'generation': 151}","{'id': 8195, 'rank': 20, 'fitness': 0.197112934198716, 'generation': 151}","{'id': 8195, 'rank': 21, 'fitness': 0.197112934198716, 'generation': 151}","{'id': 8270, 'rank': 22, 'fitness': 0.18665736095500857, 'generation': 151}","{'id': 8197, 'rank': 23, 'fitness': 0.15613802761756834, 'generation': 151}","{'id': 8250, 'rank': 24, 'fitness': 0.13832895511601706, 'generation': 151}","{'id': 8244, 'rank': 25, 'fitness': 0.12373719708894437, 'generation': 151}","{'id': 8219, 'rank': 26, 'fitness': 0.10951701370233652, 'generation': 151}","{'id': 8276, 'rank': 27, 'fitness': 0.09471557635069017, 'generation': 151}","{'id': 8218, 'rank': 28, 'fitness': 0.09071610827922139, 'generation': 151}","{'id': 8232, 'rank': 29, 'fitness': 0.044370550762379946, 'generation': 151}","{'id': 8242, 'rank': 30, 'fitness': 0.01798620996209155, 'generation': 151}"
"{'id': 8164, 'rank': 1, 'fitness': 0.9820137900379085, 'generation': 152}","{'id': 8057, 'rank': 2, 'fitness': 0.9737951478460622, 'generation': 152}","{'id': 8251, 'rank': 3, 'fitness': 0.9704506781478314, 'generation': 152}","{'id': 8324, 'rank': 4, 'fitness': 0.9650568900577157, 'generation': 152}","{'id': 8291, 'rank': 5, 'fitness': 0.9604361326901096, 'generation': 152}","{'id': 8291, 'rank': 6, 'fitness': 0.9604361326901096, 'generation': 152}","{'id': 7939, 'rank': 7, 'fitness': 0.9341231235796554, 'generation': 152}","{'id': 7939, 'rank': 8, 'fitness': 0.9341231235796554, 'generation': 152}","{'id': 8240, 'rank': 9, 'fitness': 0.9179883910268539, 'generation': 152}","{'id': 8282, 'rank': 10, 'fitness': 0.8503237038406434, 'generation': 152}","{'id': 8133, 'rank': 11, 'fitness': 0.8415049306149134, 'generation': 152}","{'id': 8133, 'rank': 12, 'fitness': 0.8415049306149134, 'generation': 152}","{'id': 8133, 'rank': 13, 'fitness': 0.8415049306149134, 'generation': 152}","{'id': 8256, 'rank': 14, 'fitness': 0.7912773992862266, 'generation': 152}","{'id': 8248, 'rank': 15, 'fitness': 0.6896421472635212, 'generation': 152}","{'id': 8300, 'rank': 16, 'fitness': 0.6066645648257784, 'generation': 152}","{'id': 8317, 'rank': 17, 'fitness': 0.5619887441294322, 'generation': 152}","{'id': 8295, 'rank': 18, 'fitness': 0.5136361322504862, 'generation': 152}","{'id': 8260, 'rank': 19, 'fitness': 0.43043781412492993, 'generation': 152}","{'id': 8241, 'rank': 20, 'fitness': 0.40049198313306267, 'generation': 152}","{'id': 8316, 'rank': 21, 'fitness': 0.34814589496052795, 'generation': 152}","{'id': 8306, 'rank': 22, 'fitness': 0.24704897507406465, 'generation': 152}","{'id': 8219, 'rank': 23, 'fitness': 0.15029621668960585, 'generation': 152}","{'id': 8330, 'rank': 24, 'fitness': 0.09625875984778975, 'generation': 152}","{'id': 8330, 'rank': 25, 'fitness': 0.09625875984778975, 'generation': 152}","{'id': 8327, 'rank': 26, 'fitness': 0.06089472394222861, 'generation': 152}","{'id': 8327, 'rank': 27, 'fitness': 0.06089472394222861, 'generation': 152}","{'id': 8308, 'rank': 28, 'fitness': 0.05769022552376568, 'generation': 152}","{'id': 8285, 'rank': 29, 'fitness': 0.050542999693121815, 'generation': 152}","{'id': 8299, 'rank': 30, 'fitness': 0.01798620996209155, 'generation': 152}"
"{'id': 8376, 'rank': 1, 'fitness': 0.9820137900379085, 'generation': 153}","{'id': 8164, 'rank': 2, 'fitness': 0.9786530182686097, 'generation': 153}","{'id': 8057, 'rank': 3, 'fitness': 0.9682456284388867, 'generation': 153}","{'id': 8344, 'rank': 4, 'fitness': 0.9616507033814732, 'generation': 153}","{'id': 8344, 'rank': 5, 'fitness': 0.9616507033814732, 'generation': 153}","{'id': 8344, 'rank': 6, 'fitness': 0.9616507033814732, 'generation': 153}","{'id': 8360, 'rank': 7, 'fitness': 0.950889661308048, 'generation': 153}","{'id': 7939, 'rank': 8, 'fitness': 0.9165413476782384, 'generation': 153}","{'id': 7939, 'rank': 9, 'fitness': 0.9165413476782384, 'generation': 153}","{'id': 8390, 'rank': 10, 'fitness': 0.8152245016464097, 'generation': 153}","{'id': 8133, 'rank': 11, 'fitness': 0.7949467390972729, 'generation': 153}","{'id': 8133, 'rank': 12, 'fitness': 0.7949467390972729, 'generation': 153}","{'id': 8133, 'rank': 13, 'fitness': 0.7949467390972729, 'generation': 153}","{'id': 8354, 'rank': 14, 'fitness': 0.7640660098143761, 'generation': 153}","{'id': 8380, 'rank': 15, 'fitness': 0.6332816008342901, 'generation': 153}","{'id': 8380, 'rank': 16, 'fitness': 0.6332816008342901, 'generation': 153}","{'id': 8248, 'rank': 17, 'fitness': 0.6062940222929878, 'generation': 153}","{'id': 8300, 'rank': 18, 'fitness': 0.5111819011922761, 'generation': 153}","{'id': 8341, 'rank': 19, 'fitness': 0.5064919201127296, 'generation': 153}","{'id': 8340, 'rank': 20, 'fitness': 0.37953721668105944, 'generation': 153}","{'id': 8372, 'rank': 21, 'fitness': 0.25466697272636685, 'generation': 153}","{'id': 8372, 'rank': 22, 'fitness': 0.25466697272636685, 'generation': 153}","{'id': 8316, 'rank': 23, 'fitness': 0.253626841983106, 'generation': 153}","{'id': 8342, 'rank': 24, 'fitness': 0.11020282583299423, 'generation': 153}","{'id': 8379, 'rank': 25, 'fitness': 0.08585783629636312, 'generation': 153}","{'id': 8367, 'rank': 26, 'fitness': 0.06952561790097334, 'generation': 153}","{'id': 8367, 'rank': 27, 'fitness': 0.06952561790097334, 'generation': 153}","{'id': 8392, 'rank': 28, 'fitness': 0.05171945774633202, 'generation': 153}","{'id': 8392, 'rank': 29, 'fitness': 0.05171945774633202, 'generation': 153}","{'id': 8355, 'rank': 30, 'fitness': 0.01798620996209155, 'generation': 153}"
"{'id': 8415, 'rank': 1, 'fitness': 0.9820137900379085, 'generation': 154}","{'id': 8433, 'rank': 2, 'fitness': 0.9507799059525844, 'generation': 154}","{'id': 8433, 'rank': 3, 'fitness': 0.9507799059525844, 'generation': 154}","{'id': 8433, 'rank': 4, 'fitness': 0.9507799059525844, 'generation': 154}","{'id': 8164, 'rank': 5, 'fitness': 0.9440485449920188, 'generation': 154}","{'id': 8344, 'rank': 6, 'fitness': 0.9035316885381195, 'generation': 154}","{'id': 8344, 'rank': 7, 'fitness': 0.9035316885381195, 'generation': 154}","{'id': 8344, 'rank': 8, 'fitness': 0.9035316885381195, 'generation': 154}","{'id': 8344, 'rank': 9, 'fitness': 0.9035316885381195, 'generation': 154}","{'id': 8360, 'rank': 10, 'fitness': 0.8791955026501332, 'generation': 154}","{'id': 7939, 'rank': 11, 'fitness': 0.8071550222377681, 'generation': 154}","{'id': 7939, 'rank': 12, 'fitness': 0.8071550222377681, 'generation': 154}","{'id': 7939, 'rank': 13, 'fitness': 0.8071550222377681, 'generation': 154}","{'id': 8398, 'rank': 14, 'fitness': 0.7822323696001903, 'generation': 154}","{'id': 8447, 'rank': 15, 'fitness': 0.7567004700524171, 'generation': 154}","{'id': 8133, 'rank': 16, 'fitness': 0.602488020567234, 'generation': 154}","{'id': 8248, 'rank': 17, 'fitness': 0.38111371602091226, 'generation': 154}","{'id': 8248, 'rank': 18, 'fitness': 0.38111371602091226, 'generation': 154}","{'id': 8248, 'rank': 19, 'fitness': 0.38111371602091226, 'generation': 154}","{'id': 8397, 'rank': 20, 'fitness': 0.3697176017124507, 'generation': 154}","{'id': 8399, 'rank': 21, 'fitness': 0.2892316462239865, 'generation': 154}","{'id': 8399, 'rank': 22, 'fitness': 0.2892316462239865, 'generation': 154}","{'id': 8372, 'rank': 23, 'fitness': 0.12415720317159756, 'generation': 154}","{'id': 8316, 'rank': 24, 'fitness': 0.12357627608654681, 'generation': 154}","{'id': 8440, 'rank': 25, 'fitness': 0.08034946780435642, 'generation': 154}","{'id': 8342, 'rank': 26, 'fitness': 0.050039034658472537, 'generation': 154}","{'id': 8429, 'rank': 27, 'fitness': 0.033827588829260125, 'generation': 154}","{'id': 8392, 'rank': 28, 'fitness': 0.02311909348686414, 'generation': 154}","{'id': 8417, 'rank': 29, 'fitness': 0.01798620996209155, 'generation': 154}","{'id': 8417, 'rank': 30, 'fitness': 0.01798620996209155, 'generation': 154}"
"{'id': 8415, 'rank': 1, 'fitness': 0.9820137900379085, 'generation': 155}","{'id': 8464, 'rank': 2, 'fitness': 0.9595867654917571, 'generation': 155}","{'id': 8464, 'rank': 3, 'fitness': 0.9595867654917571, 'generation': 155}","{'id': 8433, 'rank': 4, 'fitness': 0.9489569335698173, 'generation': 155}","{'id': 8433, 'rank': 5, 'fitness': 0.9489569335698173, 'generation': 155}","{'id': 8474, 'rank': 6, 'fitness': 0.9390660896162649, 'generation': 155}","{'id': 8344, 'rank': 7, 'fitness': 0.8977191836404075, 'generation': 155}","{'id': 8344, 'rank': 8, 'fitness': 0.8977191836404075, 'generation': 155}","{'id': 8344, 'rank': 9, 'fitness': 0.8977191836404075, 'generation': 155}","{'id': 8344, 'rank': 10, 'fitness': 0.8977191836404075, 'generation': 155}","{'id': 8497, 'rank': 11, 'fitness': 0.888237866752579, 'generation': 155}","{'id': 8462, 'rank': 12, 'fitness': 0.8003893614354927, 'generation': 155}","{'id': 8462, 'rank': 13, 'fitness': 0.8003893614354927, 'generation': 155}","{'id': 8462, 'rank': 14, 'fitness': 0.8003893614354927, 'generation': 155}","{'id': 7939, 'rank': 15, 'fitness': 0.7919940026117076, 'generation': 155}","{'id': 7939, 'rank': 16, 'fitness': 0.7919940026117076, 'generation': 155}","{'id': 8478, 'rank': 17, 'fitness': 0.7915491179817069, 'generation': 155}","{'id': 8477, 'rank': 18, 'fitness': 0.7363232449964113, 'generation': 155}","{'id': 8466, 'rank': 19, 'fitness': 0.34537611448361083, 'generation': 155}","{'id': 8248, 'rank': 20, 'fitness': 0.34297026104871287, 'generation': 155}","{'id': 8399, 'rank': 21, 'fitness': 0.2535728516420371, 'generation': 155}","{'id': 8399, 'rank': 22, 'fitness': 0.2535728516420371, 'generation': 155}","{'id': 8494, 'rank': 23, 'fitness': 0.23727243896792538, 'generation': 155}","{'id': 8461, 'rank': 24, 'fitness': 0.16803027473717136, 'generation': 155}","{'id': 8484, 'rank': 25, 'fitness': 0.159555957913199, 'generation': 155}","{'id': 8452, 'rank': 26, 'fitness': 0.13773611619623788, 'generation': 155}","{'id': 8463, 'rank': 27, 'fitness': 0.06375789964997852, 'generation': 155}","{'id': 8463, 'rank': 28, 'fitness': 0.06375789964997852, 'generation': 155}","{'id': 8472, 'rank': 29, 'fitness': 0.030510929699044065, 'generation': 155}","{'id': 8503, 'rank': 30, 'fitness': 0.01798620996209155, 'generation': 155}"
"{'id': 8433, 'rank': 1, 'fitness': 0.9820137900379085, 'generation': 156}","{'id': 8433, 'rank': 2, 'fitness': 0.9820137900379085, 'generation': 156}","{'id': 8344, 'rank': 3, 'fitness': 0.9643556400873821, 'generation': 156}","{'id': 8344, 'rank': 4, 'fitness': 0.9643556400873821, 'generation': 156}","{'id': 8344, 'rank': 5, 'fitness': 0.9643556400873821, 'generation': 156}","{'id': 7939, 'rank': 6, 'fitness': 0.9252978369064355, 'generation': 156}","{'id': 7939, 'rank': 7, 'fitness': 0.9252978369064355, 'generation': 156}","{'id': 8478, 'rank': 8, 'fitness': 0.9251231654126235, 'generation': 156}","{'id': 8478, 'rank': 9, 'fitness': 0.9251231654126235, 'generation': 156}","{'id': 8508, 'rank': 10, 'fitness': 0.9137930773505848, 'generation': 156}","{'id': 8529, 'rank': 11, 'fitness': 0.8743090740033603, 'generation': 156}","{'id': 8511, 'rank': 12, 'fitness': 0.8705268169393519, 'generation': 156}","{'id': 8507, 'rank': 13, 'fitness': 0.8594932011630876, 'generation': 156}","{'id': 8507, 'rank': 14, 'fitness': 0.8594932011630876, 'generation': 156}","{'id': 8510, 'rank': 15, 'fitness': 0.7439302347804768, 'generation': 156}","{'id': 8510, 'rank': 16, 'fitness': 0.7439302347804768, 'generation': 156}","{'id': 8510, 'rank': 17, 'fitness': 0.7439302347804768, 'generation': 156}","{'id': 8536, 'rank': 18, 'fitness': 0.714929630320688, 'generation': 156}","{'id': 8550, 'rank': 19, 'fitness': 0.6924425842359883, 'generation': 156}","{'id': 8466, 'rank': 20, 'fitness': 0.6609914544238693, 'generation': 156}","{'id': 8248, 'rank': 21, 'fitness': 0.6587535664881987, 'generation': 156}","{'id': 8248, 'rank': 22, 'fitness': 0.6587535664881987, 'generation': 156}","{'id': 8399, 'rank': 23, 'fitness': 0.5636280516504711, 'generation': 156}","{'id': 8539, 'rank': 24, 'fitness': 0.5185302508396806, 'generation': 156}","{'id': 8519, 'rank': 25, 'fitness': 0.49351990804495693, 'generation': 156}","{'id': 8547, 'rank': 26, 'fitness': 0.3020985443676031, 'generation': 156}","{'id': 8518, 'rank': 27, 'fitness': 0.2338790854076671, 'generation': 156}","{'id': 8551, 'rank': 28, 'fitness': 0.06147509679911556, 'generation': 156}","{'id': 8532, 'rank': 29, 'fitness': 0.05182840972118147, 'generation': 156}","{'id': 8555, 'rank': 30, 'fitness': 0.01798620996209155, 'generation': 156}"
"{'id': 8433, 'rank': 1, 'fitness': 0.9820137900379085, 'generation': 157}","{'id': 8344, 'rank': 2, 'fitness': 0.9628598756021065, 'generation': 157}","{'id': 8344, 'rank': 3, 'fitness': 0.9628598756021065, 'generation': 157}","{'id': 8344, 'rank': 4, 'fitness': 0.9628598756021065, 'generation': 157}","{'id': 8567, 'rank': 5, 'fitness': 0.9179108341927638, 'generation': 157}","{'id': 8507, 'rank': 6, 'fitness': 0.8426521986605112, 'generation': 157}","{'id': 8510, 'rank': 7, 'fitness': 0.7085324210525937, 'generation': 157}","{'id': 8536, 'rank': 8, 'fitness': 0.6753061750245236, 'generation': 157}","{'id': 8536, 'rank': 9, 'fitness': 0.6753061750245236, 'generation': 157}","{'id': 8550, 'rank': 10, 'fitness': 0.6497281044476821, 'generation': 157}","{'id': 8466, 'rank': 11, 'fitness': 0.6142604431370992, 'generation': 157}","{'id': 8466, 'rank': 12, 'fitness': 0.6142604431370992, 'generation': 157}","{'id': 8623, 'rank': 13, 'fitness': 0.3526190922584279, 'generation': 157}","{'id': 8623, 'rank': 14, 'fitness': 0.3526190922584279, 'generation': 157}","{'id': 8589, 'rank': 15, 'fitness': 0.26269045324401596, 'generation': 157}","{'id': 8577, 'rank': 16, 'fitness': 0.25200076983113917, 'generation': 157}","{'id': 8606, 'rank': 17, 'fitness': 0.20941477981968154, 'generation': 157}","{'id': 8611, 'rank': 18, 'fitness': 0.16392738075902474, 'generation': 157}","{'id': 8628, 'rank': 19, 'fitness': 0.11907788000406849, 'generation': 157}","{'id': 8570, 'rank': 20, 'fitness': 0.10820382250170513, 'generation': 157}","{'id': 8570, 'rank': 21, 'fitness': 0.10820382250170513, 'generation': 157}","{'id': 8612, 'rank': 22, 'fitness': 0.06604627676738095, 'generation': 157}","{'id': 8593, 'rank': 23, 'fitness': 0.06292903561224089, 'generation': 157}","{'id': 8593, 'rank': 24, 'fitness': 0.06292903561224089, 'generation': 157}","{'id': 8594, 'rank': 25, 'fitness': 0.056330780895122834, 'generation': 157}","{'id': 8574, 'rank': 26, 'fitness': 0.04121134503822965, 'generation': 157}","{'id': 8629, 'rank': 27, 'fitness': 0.021333822011314674, 'generation': 157}","{'id': 8607, 'rank': 28, 'fitness': 0.021099952542544542, 'generation': 157}","{'id': 8591, 'rank': 29, 'fitness': 0.0185325468309378, 'generation': 157}","{'id': 8596, 'rank': 30, 'fitness': 0.01798620996209155, 'generation': 157}"
"{'id': 8433, 'rank': 1, 'fitness': 0.9820137900379085, 'generation': 158}","{'id': 8433, 'rank': 2, 'fitness': 0.9820137900379085, 'generation': 158}","{'id': 8656, 'rank': 3, 'fitness': 0.9788377816765783, 'generation': 158}","{'id': 8634, 'rank': 4, 'fitness': 0.9780648277671362, 'generation': 158}","{'id': 8344, 'rank': 5, 'fitness': 0.9591169282244609, 'generation': 158}","{'id': 8344, 'rank': 6, 'fitness': 0.9591169282244609, 'generation': 158}","{'id': 8344, 'rank': 7, 'fitness': 0.9591169282244609, 'generation': 158}","{'id': 8344, 'rank': 8, 'fitness': 0.9591169282244609, 'generation': 158}","{'id': 8676, 'rank': 9, 'fitness': 0.93291132304568, 'generation': 158}","{'id': 8567, 'rank': 10, 'fitness': 0.9003906644373731, 'generation': 158}","{'id': 8680, 'rank': 11, 'fitness': 0.892324694301242, 'generation': 158}","{'id': 8644, 'rank': 12, 'fitness': 0.8321529618084228, 'generation': 158}","{'id': 8632, 'rank': 13, 'fitness': 0.7638350226576189, 'generation': 158}","{'id': 8661, 'rank': 14, 'fitness': 0.7326587162607356, 'generation': 158}","{'id': 8510, 'rank': 15, 'fitness': 0.6155802263246906, 'generation': 158}","{'id': 8536, 'rank': 16, 'fitness': 0.5729559234466388, 'generation': 158}","{'id': 8550, 'rank': 17, 'fitness': 0.5409407260770251, 'generation': 158}","{'id': 8642, 'rank': 18, 'fitness': 0.522575177803493, 'generation': 158}","{'id': 8466, 'rank': 19, 'fitness': 0.49776830298476604, 'generation': 158}","{'id': 8645, 'rank': 20, 'fitness': 0.19439376863280472, 'generation': 158}","{'id': 8645, 'rank': 21, 'fitness': 0.19439376863280472, 'generation': 158}","{'id': 8577, 'rank': 22, 'fitness': 0.14547798197495376, 'generation': 158}","{'id': 8636, 'rank': 23, 'fitness': 0.08473280866886845, 'generation': 158}","{'id': 8628, 'rank': 24, 'fitness': 0.05698751699599225, 'generation': 158}","{'id': 8637, 'rank': 25, 'fitness': 0.05638042596076365, 'generation': 158}","{'id': 8651, 'rank': 26, 'fitness': 0.033519920147165316, 'generation': 158}","{'id': 8658, 'rank': 27, 'fitness': 0.02800068535934097, 'generation': 158}","{'id': 8593, 'rank': 28, 'fitness': 0.026605988813105552, 'generation': 158}","{'id': 8639, 'rank': 29, 'fitness': 0.02351290214519053, 'generation': 158}","{'id': 8677, 'rank': 30, 'fitness': 0.01798620996209155, 'generation': 158}"
"{'id': 8433, 'rank': 1, 'fitness': 0.9820137900379085, 'generation': 159}","{'id': 8656, 'rank': 2, 'fitness': 0.9792048377031148, 'generation': 159}","{'id': 8689, 'rank': 3, 'fitness': 0.974963739582613, 'generation': 159}","{'id': 8711, 'rank': 4, 'fitness': 0.9576553099583958, 'generation': 159}","{'id': 8711, 'rank': 5, 'fitness': 0.9576553099583958, 'generation': 159}","{'id': 8711, 'rank': 6, 'fitness': 0.9576553099583958, 'generation': 159}","{'id': 8676, 'rank': 7, 'fitness': 0.9415676933094719, 'generation': 159}","{'id': 8726, 'rank': 8, 'fitness': 0.9277524975788373, 'generation': 159}","{'id': 8567, 'rank': 9, 'fitness': 0.9164735175319362, 'generation': 159}","{'id': 8632, 'rank': 10, 'fitness': 0.8143258309060033, 'generation': 159}","{'id': 8632, 'rank': 11, 'fitness': 0.8143258309060033, 'generation': 159}","{'id': 8661, 'rank': 12, 'fitness': 0.7909319383167639, 'generation': 159}","{'id': 8510, 'rank': 13, 'fitness': 0.7008040750855596, 'generation': 159}","{'id': 8692, 'rank': 14, 'fitness': 0.6832138498790216, 'generation': 159}","{'id': 8536, 'rank': 15, 'fitness': 0.6666972048744879, 'generation': 159}","{'id': 8697, 'rank': 16, 'fitness': 0.6211629088753525, 'generation': 159}","{'id': 8684, 'rank': 17, 'fitness': 0.46085134799235156, 'generation': 159}","{'id': 8684, 'rank': 18, 'fitness': 0.46085134799235156, 'generation': 159}","{'id': 8684, 'rank': 19, 'fitness': 0.46085134799235156, 'generation': 159}","{'id': 8645, 'rank': 20, 'fitness': 0.3020675497950448, 'generation': 159}","{'id': 8645, 'rank': 21, 'fitness': 0.3020675497950448, 'generation': 159}","{'id': 8645, 'rank': 22, 'fitness': 0.3020675497950448, 'generation': 159}","{'id': 8728, 'rank': 23, 'fitness': 0.21839477807105812, 'generation': 159}","{'id': 8691, 'rank': 24, 'fitness': 0.15609150603464195, 'generation': 159}","{'id': 8691, 'rank': 25, 'fitness': 0.15609150603464195, 'generation': 159}","{'id': 8636, 'rank': 26, 'fitness': 0.15548121026420686, 'generation': 159}","{'id': 8628, 'rank': 27, 'fitness': 0.1117674362156717, 'generation': 159}","{'id': 8639, 'rank': 28, 'fitness': 0.05245979378499949, 'generation': 159}","{'id': 8714, 'rank': 29, 'fitness': 0.01849376890649579, 'generation': 159}","{'id': 8682, 'rank': 30, 'fitness': 0.01798620996209155, 'generation': 159}"
"{'id': 8785, 'rank': 1, 'fitness': 0.9820137900379085, 'generation': 160}","{'id': 8656, 'rank': 2, 'fitness': 0.9008097703888532, 'generation': 160}","{'id': 8656, 'rank': 3, 'fitness': 0.9008097703888532, 'generation': 160}","{'id': 8711, 'rank': 4, 'fitness': 0.8355833473210402, 'generation': 160}","{'id': 8783, 'rank': 5, 'fitness': 0.7849183113539184, 'generation': 160}","{'id': 8567, 'rank': 6, 'fitness': 0.7413876068921932, 'generation': 160}","{'id': 8632, 'rank': 7, 'fitness': 0.5811044857109346, 'generation': 160}","{'id': 8632, 'rank': 8, 'fitness': 0.5811044857109346, 'generation': 160}","{'id': 8661, 'rank': 9, 'fitness': 0.5523823301365195, 'generation': 160}","{'id': 8510, 'rank': 10, 'fitness': 0.45780013484083715, 'generation': 160}","{'id': 8510, 'rank': 11, 'fitness': 0.45780013484083715, 'generation': 160}","{'id': 8536, 'rank': 12, 'fitness': 0.4269882732671658, 'generation': 160}","{'id': 8758, 'rank': 13, 'fitness': 0.4215130235039136, 'generation': 160}","{'id': 8697, 'rank': 14, 'fitness': 0.3890007365432365, 'generation': 160}","{'id': 8755, 'rank': 15, 'fitness': 0.3751580667850169, 'generation': 160}","{'id': 8684, 'rank': 16, 'fitness': 0.2754480314123889, 'generation': 160}","{'id': 8684, 'rank': 17, 'fitness': 0.2754480314123889, 'generation': 160}","{'id': 8770, 'rank': 18, 'fitness': 0.19930609260060267, 'generation': 160}","{'id': 8770, 'rank': 19, 'fitness': 0.19930609260060267, 'generation': 160}","{'id': 8645, 'rank': 20, 'fitness': 0.18155143882846392, 'generation': 160}","{'id': 8728, 'rank': 21, 'fitness': 0.13560918807768407, 'generation': 160}","{'id': 8751, 'rank': 22, 'fitness': 0.13490480092658785, 'generation': 160}","{'id': 8767, 'rank': 23, 'fitness': 0.10826690035746, 'generation': 160}","{'id': 8762, 'rank': 24, 'fitness': 0.10575134389904056, 'generation': 160}","{'id': 8691, 'rank': 25, 'fitness': 0.10166858664809691, 'generation': 160}","{'id': 8691, 'rank': 26, 'fitness': 0.10166858664809691, 'generation': 160}","{'id': 8636, 'rank': 27, 'fitness': 0.10133358738870774, 'generation': 160}","{'id': 8739, 'rank': 28, 'fitness': 0.08260622040589854, 'generation': 160}","{'id': 8628, 'rank': 29, 'fitness': 0.07700538587158534, 'generation': 160}","{'id': 8742, 'rank': 30, 'fitness': 0.01798620996209155, 'generation': 160}"
"{'id': 8785, 'rank': 1, 'fitness': 0.9820137900379085, 'generation': 161}","{'id': 8785, 'rank': 2, 'fitness': 0.9820137900379085, 'generation': 161}","{'id': 8807, 'rank': 3, 'fitness': 0.9070173436245551, 'generation': 161}","{'id': 8656, 'rank': 4, 'fitness': 0.8390054059728622, 'generation': 161}","{'id': 8656, 'rank': 5, 'fitness': 0.8390054059728622, 'generation': 161}","{'id': 8711, 'rank': 6, 'fitness': 0.7090068863372014, 'generation': 161}","{'id': 8783, 'rank': 7, 'fitness': 0.6122691512946957, 'generation': 161}","{'id': 8783, 'rank': 8, 'fitness': 0.6122691512946957, 'generation': 161}","{'id': 8789, 'rank': 9, 'fitness': 0.6026049162707489, 'generation': 161}","{'id': 8789, 'rank': 10, 'fitness': 0.6026049162707489, 'generation': 161}","{'id': 8789, 'rank': 11, 'fitness': 0.6026049162707489, 'generation': 161}","{'id': 8567, 'rank': 12, 'fitness': 0.5351309173196575, 'generation': 161}","{'id': 8632, 'rank': 13, 'fitness': 0.3079142746944242, 'generation': 161}","{'id': 8632, 'rank': 14, 'fitness': 0.3079142746944242, 'generation': 161}","{'id': 8510, 'rank': 15, 'fitness': 0.18844634614859718, 'generation': 161}","{'id': 8804, 'rank': 16, 'fitness': 0.1736074861689259, 'generation': 161}","{'id': 8812, 'rank': 17, 'fitness': 0.11682576643360904, 'generation': 161}","{'id': 8817, 'rank': 18, 'fitness': 0.11522777841713672, 'generation': 161}","{'id': 8829, 'rank': 19, 'fitness': 0.09998880191331672, 'generation': 161}","{'id': 8805, 'rank': 20, 'fitness': 0.09422406810075767, 'generation': 161}","{'id': 8684, 'rank': 21, 'fitness': 0.0754969176101078, 'generation': 161}","{'id': 8816, 'rank': 22, 'fitness': 0.05996700884166967, 'generation': 161}","{'id': 8790, 'rank': 23, 'fitness': 0.05315269946588985, 'generation': 161}","{'id': 8770, 'rank': 24, 'fitness': 0.04479744103785105, 'generation': 161}","{'id': 8645, 'rank': 25, 'fitness': 0.038765498067589055, 'generation': 161}","{'id': 8806, 'rank': 26, 'fitness': 0.03631772793060917, 'generation': 161}","{'id': 8819, 'rank': 27, 'fitness': 0.03328046755773706, 'generation': 161}","{'id': 8828, 'rank': 28, 'fitness': 0.027309803003928768, 'generation': 161}","{'id': 8798, 'rank': 29, 'fitness': 0.01955120424762191, 'generation': 161}","{'id': 8767, 'rank': 30, 'fitness': 0.01798620996209155, 'generation': 161}"
"{'id': 8785, 'rank': 1, 'fitness': 0.9820137900379085, 'generation': 162}","{'id': 8656, 'rank': 2, 'fitness': 0.9170994955097332, 'generation': 162}","{'id': 8866, 'rank': 3, 'fitness': 0.8427237049678205, 'generation': 162}","{'id': 8783, 'rank': 4, 'fitness': 0.8309215222935222, 'generation': 162}","{'id': 8861, 'rank': 5, 'fitness': 0.8284928537152128, 'generation': 162}","{'id': 8789, 'rank': 6, 'fitness': 0.8270166382191748, 'generation': 162}","{'id': 8789, 'rank': 7, 'fitness': 0.8270166382191748, 'generation': 162}","{'id': 8567, 'rank': 8, 'fitness': 0.7985659411803321, 'generation': 162}","{'id': 8856, 'rank': 9, 'fitness': 0.7803093858339791, 'generation': 162}","{'id': 8856, 'rank': 10, 'fitness': 0.7803093858339791, 'generation': 162}","{'id': 8873, 'rank': 11, 'fitness': 0.7727905529916396, 'generation': 162}","{'id': 8863, 'rank': 12, 'fitness': 0.7474313038817073, 'generation': 162}","{'id': 8632, 'rank': 13, 'fitness': 0.6750952939843762, 'generation': 162}","{'id': 8632, 'rank': 14, 'fitness': 0.6750952939843762, 'generation': 162}","{'id': 8849, 'rank': 15, 'fitness': 0.663374613986946, 'generation': 162}","{'id': 8840, 'rank': 16, 'fitness': 0.6409707003707469, 'generation': 162}","{'id': 8510, 'rank': 17, 'fitness': 0.5718564300457886, 'generation': 162}","{'id': 8804, 'rank': 18, 'fitness': 0.5551199835983935, 'generation': 162}","{'id': 8804, 'rank': 19, 'fitness': 0.5551199835983935, 'generation': 162}","{'id': 8858, 'rank': 20, 'fitness': 0.4875345231923824, 'generation': 162}","{'id': 8841, 'rank': 21, 'fitness': 0.37687989039678194, 'generation': 162}","{'id': 8839, 'rank': 22, 'fitness': 0.3554410766409528, 'generation': 162}","{'id': 8853, 'rank': 23, 'fitness': 0.3089113286034948, 'generation': 162}","{'id': 8645, 'rank': 24, 'fitness': 0.28900932271248625, 'generation': 162}","{'id': 8806, 'rank': 25, 'fitness': 0.2796388563583945, 'generation': 162}","{'id': 8852, 'rank': 26, 'fitness': 0.26073047757725887, 'generation': 162}","{'id': 8767, 'rank': 27, 'fitness': 0.19207288737457007, 'generation': 162}","{'id': 8767, 'rank': 28, 'fitness': 0.19207288737457007, 'generation': 162}","{'id': 8837, 'rank': 29, 'fitness': 0.11957672057457469, 'generation': 162}","{'id': 8868, 'rank': 30, 'fitness': 0.01798620996209155, 'generation': 162}"
"{'id': 8866, 'rank': 1, 'fitness': 0.9820137900379085, 'generation': 163}","{'id': 8783, 'rank': 2, 'fitness': 0.9783806357512423, 'generation': 163}","{'id': 8783, 'rank': 3, 'fitness': 0.9783806357512423, 'generation': 163}","{'id': 8789, 'rank': 4, 'fitness': 0.9770791322934803, 'generation': 163}","{'id': 8907, 'rank': 5, 'fitness': 0.968001949301708, 'generation': 163}","{'id': 8907, 'rank': 6, 'fitness': 0.968001949301708, 'generation': 163}","{'id': 8567, 'rank': 7, 'fitness': 0.9659733164252075, 'generation': 163}","{'id': 8863, 'rank': 8, 'fitness': 0.9376881513571098, 'generation': 163}","{'id': 8905, 'rank': 9, 'fitness': 0.918388208192313, 'generation': 163}","{'id': 8905, 'rank': 10, 'fitness': 0.918388208192313, 'generation': 163}","{'id': 8912, 'rank': 11, 'fitness': 0.8598196792245529, 'generation': 163}","{'id': 8840, 'rank': 12, 'fitness': 0.8339941305995769, 'generation': 163}","{'id': 8900, 'rank': 13, 'fitness': 0.7646650093478757, 'generation': 163}","{'id': 8804, 'rank': 14, 'fitness': 0.6977556237684113, 'generation': 163}","{'id': 8804, 'rank': 15, 'fitness': 0.6977556237684113, 'generation': 163}","{'id': 8804, 'rank': 16, 'fitness': 0.6977556237684113, 'generation': 163}","{'id': 8903, 'rank': 17, 'fitness': 0.6926632624578248, 'generation': 163}","{'id': 8904, 'rank': 18, 'fitness': 0.602972797889988, 'generation': 163}","{'id': 8893, 'rank': 19, 'fitness': 0.4520856283651802, 'generation': 163}","{'id': 8889, 'rank': 20, 'fitness': 0.399270721240357, 'generation': 163}","{'id': 8906, 'rank': 21, 'fitness': 0.3278088507063545, 'generation': 163}","{'id': 8853, 'rank': 22, 'fitness': 0.19911005401567144, 'generation': 163}","{'id': 8899, 'rank': 23, 'fitness': 0.18571944451069172, 'generation': 163}","{'id': 8806, 'rank': 24, 'fitness': 0.15472260991978481, 'generation': 163}","{'id': 8806, 'rank': 25, 'fitness': 0.15472260991978481, 'generation': 163}","{'id': 8887, 'rank': 26, 'fitness': 0.08889235591280925, 'generation': 163}","{'id': 8887, 'rank': 27, 'fitness': 0.08889235591280925, 'generation': 163}","{'id': 8879, 'rank': 28, 'fitness': 0.06630522230602787, 'generation': 163}","{'id': 8894, 'rank': 29, 'fitness': 0.06385621053217644, 'generation': 163}","{'id': 8886, 'rank': 30, 'fitness': 0.01798620996209155, 'generation': 163}"
"{'id': 8866, 'rank': 1, 'fitness': 0.9820137900379085, 'generation': 164}","{'id': 8783, 'rank': 2, 'fitness': 0.9796175298131353, 'generation': 164}","{'id': 8789, 'rank': 3, 'fitness': 0.9787904762088573, 'generation': 164}","{'id': 8907, 'rank': 4, 'fitness': 0.9733736586409659, 'generation': 164}","{'id': 8907, 'rank': 5, 'fitness': 0.9733736586409659, 'generation': 164}","{'id': 8567, 'rank': 6, 'fitness': 0.97223119420669, 'generation': 164}","{'id': 8567, 'rank': 7, 'fitness': 0.97223119420669, 'generation': 164}","{'id': 8567, 'rank': 8, 'fitness': 0.97223119420669, 'generation': 164}","{'id': 8954, 'rank': 9, 'fitness': 0.966437392275947, 'generation': 164}","{'id': 8954, 'rank': 10, 'fitness': 0.966437392275947, 'generation': 164}","{'id': 8974, 'rank': 11, 'fitness': 0.9584068109956845, 'generation': 164}","{'id': 8863, 'rank': 12, 'fitness': 0.957890554225581, 'generation': 164}","{'id': 8956, 'rank': 13, 'fitness': 0.9556089930456195, 'generation': 164}","{'id': 8905, 'rank': 14, 'fitness': 0.9491661217748142, 'generation': 164}","{'id': 8975, 'rank': 15, 'fitness': 0.898841789055725, 'generation': 164}","{'id': 8975, 'rank': 16, 'fitness': 0.898841789055725, 'generation': 164}","{'id': 8989, 'rank': 17, 'fitness': 0.882854430539479, 'generation': 164}","{'id': 8966, 'rank': 18, 'fitness': 0.8433183637414343, 'generation': 164}","{'id': 8889, 'rank': 19, 'fitness': 0.7320318246366001, 'generation': 164}","{'id': 8940, 'rank': 20, 'fitness': 0.7286901580045769, 'generation': 164}","{'id': 8941, 'rank': 21, 'fitness': 0.28590675570796886, 'generation': 164}","{'id': 8955, 'rank': 22, 'fitness': 0.26380698033779104, 'generation': 164}","{'id': 8970, 'rank': 23, 'fitness': 0.20875588996570527, 'generation': 164}","{'id': 8957, 'rank': 24, 'fitness': 0.19506953105380365, 'generation': 164}","{'id': 8886, 'rank': 25, 'fitness': 0.19231621064049814, 'generation': 164}","{'id': 8886, 'rank': 26, 'fitness': 0.19231621064049814, 'generation': 164}","{'id': 8950, 'rank': 27, 'fitness': 0.15392927276422047, 'generation': 164}","{'id': 8978, 'rank': 28, 'fitness': 0.15239225581783533, 'generation': 164}","{'id': 8973, 'rank': 29, 'fitness': 0.09933766810750932, 'generation': 164}","{'id': 8981, 'rank': 30, 'fitness': 0.01798620996209155, 'generation': 164}"
"{'id': 8866, 'rank': 1, 'fitness': 0.9820137900379085, 'generation': 165}","{'id': 9054, 'rank': 2, 'fitness': 0.9799008181780353, 'generation': 165}","{'id': 8783, 'rank': 3, 'fitness': 0.979222824825674, 'generation': 165}","{'id': 8789, 'rank': 4, 'fitness': 0.9782477615956804, 'generation': 165}","{'id': 8907, 'rank': 5, 'fitness': 0.9717296216259999, 'generation': 165}","{'id': 8567, 'rank': 6, 'fitness': 0.9703283923506154, 'generation': 165}","{'id': 8567, 'rank': 7, 'fitness': 0.9703283923506154, 'generation': 165}","{'id': 8567, 'rank': 8, 'fitness': 0.9703283923506154, 'generation': 165}","{'id': 8567, 'rank': 9, 'fitness': 0.9703283923506154, 'generation': 165}","{'id': 8954, 'rank': 10, 'fitness': 0.9631000556708392, 'generation': 165}","{'id': 8954, 'rank': 11, 'fitness': 0.9631000556708392, 'generation': 165}","{'id': 8974, 'rank': 12, 'fitness': 0.9527928557697942, 'generation': 165}","{'id': 8905, 'rank': 13, 'fitness': 0.9406007987311011, 'generation': 165}","{'id': 9029, 'rank': 14, 'fitness': 0.9071863330511363, 'generation': 165}","{'id': 9029, 'rank': 15, 'fitness': 0.9071863330511363, 'generation': 165}","{'id': 9029, 'rank': 16, 'fitness': 0.9071863330511363, 'generation': 165}","{'id': 8975, 'rank': 17, 'fitness': 0.870523326663684, 'generation': 165}","{'id': 8989, 'rank': 18, 'fitness': 0.8475644547498487, 'generation': 165}","{'id': 8989, 'rank': 19, 'fitness': 0.8475644547498487, 'generation': 165}","{'id': 8966, 'rank': 20, 'fitness': 0.7903961725516555, 'generation': 165}","{'id': 9024, 'rank': 21, 'fitness': 0.27420874005041895, 'generation': 165}","{'id': 9034, 'rank': 22, 'fitness': 0.25028325104483534, 'generation': 165}","{'id': 9053, 'rank': 23, 'fitness': 0.22778460332072975, 'generation': 165}","{'id': 9021, 'rank': 24, 'fitness': 0.21749051838029687, 'generation': 165}","{'id': 9013, 'rank': 25, 'fitness': 0.15875455230908925, 'generation': 165}","{'id': 9007, 'rank': 26, 'fitness': 0.12089434314281561, 'generation': 165}","{'id': 9035, 'rank': 27, 'fitness': 0.06703965972997922, 'generation': 165}","{'id': 9031, 'rank': 28, 'fitness': 0.03188842631798822, 'generation': 165}","{'id': 9031, 'rank': 29, 'fitness': 0.03188842631798822, 'generation': 165}","{'id': 9036, 'rank': 30, 'fitness': 0.01798620996209155, 'generation': 165}"
"{'id': 9101, 'rank': 1, 'fitness': 0.9820137900379085, 'generation': 166}","{'id': 9087, 'rank': 2, 'fitness': 0.9760094480809625, 'generation': 166}","{'id': 8783, 'rank': 3, 'fitness': 0.9733107734724911, 'generation': 166}","{'id': 8907, 'rank': 4, 'fitness': 0.9633656788880627, 'generation': 166}","{'id': 8567, 'rank': 5, 'fitness': 0.9614999976173608, 'generation': 166}","{'id': 8954, 'rank': 6, 'fitness': 0.9518564761563731, 'generation': 166}","{'id': 9092, 'rank': 7, 'fitness': 0.9318742139190885, 'generation': 166}","{'id': 9092, 'rank': 8, 'fitness': 0.9318742139190885, 'generation': 166}","{'id': 8905, 'rank': 9, 'fitness': 0.9217627528405576, 'generation': 166}","{'id': 8905, 'rank': 10, 'fitness': 0.9217627528405576, 'generation': 166}","{'id': 9029, 'rank': 11, 'fitness': 0.8772563516439611, 'generation': 166}","{'id': 9029, 'rank': 12, 'fitness': 0.8772563516439611, 'generation': 166}","{'id': 9115, 'rank': 13, 'fitness': 0.8650751160850081, 'generation': 166}","{'id': 8989, 'rank': 14, 'fitness': 0.7993566904281965, 'generation': 166}","{'id': 9078, 'rank': 15, 'fitness': 0.7748955301464293, 'generation': 166}","{'id': 9085, 'rank': 16, 'fitness': 0.4044315199615818, 'generation': 166}","{'id': 9059, 'rank': 17, 'fitness': 0.3066915353029067, 'generation': 166}","{'id': 9098, 'rank': 18, 'fitness': 0.20234669130465788, 'generation': 166}","{'id': 9116, 'rank': 19, 'fitness': 0.19388338826568902, 'generation': 166}","{'id': 9116, 'rank': 20, 'fitness': 0.19388338826568902, 'generation': 166}","{'id': 9096, 'rank': 21, 'fitness': 0.1853584378148943, 'generation': 166}","{'id': 9034, 'rank': 22, 'fitness': 0.17775490748757788, 'generation': 166}","{'id': 9062, 'rank': 23, 'fitness': 0.1672993814417093, 'generation': 166}","{'id': 9110, 'rank': 24, 'fitness': 0.08442854767151609, 'generation': 166}","{'id': 9108, 'rank': 25, 'fitness': 0.07950483901091976, 'generation': 166}","{'id': 9119, 'rank': 26, 'fitness': 0.06513485261704766, 'generation': 166}","{'id': 9113, 'rank': 27, 'fitness': 0.0628847485540382, 'generation': 166}","{'id': 9104, 'rank': 28, 'fitness': 0.04875753944716116, 'generation': 166}","{'id': 9031, 'rank': 29, 'fitness': 0.019247292124670412, 'generation': 166}","{'id': 9060, 'rank': 30, 'fitness': 0.01798620996209155, 'generation': 166}"
"{'id': 9087, 'rank': 1, 'fitness': 0.9820137900379085, 'generation': 167}","{'id': 9087, 'rank': 2, 'fitness': 0.9820137900379085, 'generation': 167}","{'id': 8783, 'rank': 3, 'fitness': 0.9799821230243757, 'generation': 167}","{'id': 9156, 'rank': 4, 'fitness': 0.9539934528466321, 'generation': 167}","{'id': 9156, 'rank': 5, 'fitness': 0.9539934528466321, 'generation': 167}","{'id': 9092, 'rank': 6, 'fitness': 0.948475273094228, 'generation': 167}","{'id': 8905, 'rank': 7, 'fitness': 0.9406920507826515, 'generation': 167}","{'id': 9029, 'rank': 8, 'fitness': 0.9059620689545282, 'generation': 167}","{'id': 8989, 'rank': 9, 'fitness': 0.8432165853981672, 'generation': 167}","{'id': 9078, 'rank': 10, 'fitness': 0.8229719829080859, 'generation': 167}","{'id': 9129, 'rank': 11, 'fitness': 0.7346817344600491, 'generation': 167}","{'id': 9125, 'rank': 12, 'fitness': 0.4802713690419115, 'generation': 167}","{'id': 9085, 'rank': 13, 'fitness': 0.4793948778611366, 'generation': 167}","{'id': 9178, 'rank': 14, 'fitness': 0.4673054908062931, 'generation': 167}","{'id': 9178, 'rank': 15, 'fitness': 0.4673054908062931, 'generation': 167}","{'id': 9152, 'rank': 16, 'fitness': 0.46076973966449114, 'generation': 167}","{'id': 9126, 'rank': 17, 'fitness': 0.4107810616517304, 'generation': 167}","{'id': 9059, 'rank': 18, 'fitness': 0.3751984685264319, 'generation': 167}","{'id': 9096, 'rank': 19, 'fitness': 0.23629199373673754, 'generation': 167}","{'id': 9134, 'rank': 20, 'fitness': 0.21353990665956613, 'generation': 167}","{'id': 9140, 'rank': 21, 'fitness': 0.2028371362083431, 'generation': 167}","{'id': 9143, 'rank': 22, 'fitness': 0.17710735577888376, 'generation': 167}","{'id': 9143, 'rank': 23, 'fitness': 0.17710735577888376, 'generation': 167}","{'id': 9171, 'rank': 24, 'fitness': 0.10686520351415046, 'generation': 167}","{'id': 9171, 'rank': 25, 'fitness': 0.10686520351415046, 'generation': 167}","{'id': 9113, 'rank': 26, 'fitness': 0.08385645029024352, 'generation': 167}","{'id': 9137, 'rank': 27, 'fitness': 0.07286582254790469, 'generation': 167}","{'id': 9130, 'rank': 28, 'fitness': 0.04532148297480654, 'generation': 167}","{'id': 9127, 'rank': 29, 'fitness': 0.031092064225972216, 'generation': 167}","{'id': 9147, 'rank': 30, 'fitness': 0.01798620996209155, 'generation': 167}"
"{'id': 9212, 'rank': 1, 'fitness': 0.9820137900379085, 'generation': 168}","{'id': 9182, 'rank': 2, 'fitness': 0.9392327969573461, 'generation': 168}","{'id': 9201, 'rank': 3, 'fitness': 0.9275118142471768, 'generation': 168}","{'id': 9087, 'rank': 4, 'fitness': 0.9230239541601882, 'generation': 168}","{'id': 9156, 'rank': 5, 'fitness': 0.845466099025691, 'generation': 168}","{'id': 9231, 'rank': 6, 'fitness': 0.6660020819869547, 'generation': 168}","{'id': 9190, 'rank': 7, 'fitness': 0.6628396552408559, 'generation': 168}","{'id': 9078, 'rank': 8, 'fitness': 0.6195260710247269, 'generation': 168}","{'id': 9220, 'rank': 9, 'fitness': 0.30988624951129984, 'generation': 168}","{'id': 9220, 'rank': 10, 'fitness': 0.30988624951129984, 'generation': 168}","{'id': 9220, 'rank': 11, 'fitness': 0.30988624951129984, 'generation': 168}","{'id': 9178, 'rank': 12, 'fitness': 0.29648986695624124, 'generation': 168}","{'id': 9178, 'rank': 13, 'fitness': 0.29648986695624124, 'generation': 168}","{'id': 9207, 'rank': 14, 'fitness': 0.25601603297192244, 'generation': 168}","{'id': 9207, 'rank': 15, 'fitness': 0.25601603297192244, 'generation': 168}","{'id': 9218, 'rank': 16, 'fitness': 0.2246013790764006, 'generation': 168}","{'id': 9218, 'rank': 17, 'fitness': 0.2246013790764006, 'generation': 168}","{'id': 9219, 'rank': 18, 'fitness': 0.1579275444834488, 'generation': 168}","{'id': 9096, 'rank': 19, 'fitness': 0.15332531292515272, 'generation': 168}","{'id': 9140, 'rank': 20, 'fitness': 0.13386111491868524, 'generation': 168}","{'id': 9203, 'rank': 21, 'fitness': 0.12923022465402068, 'generation': 168}","{'id': 9143, 'rank': 22, 'fitness': 0.11889511960809607, 'generation': 168}","{'id': 9230, 'rank': 23, 'fitness': 0.1152943191010033, 'generation': 168}","{'id': 9216, 'rank': 24, 'fitness': 0.10925557795111329, 'generation': 168}","{'id': 9171, 'rank': 25, 'fitness': 0.07735845408586994, 'generation': 168}","{'id': 9113, 'rank': 26, 'fitness': 0.06321411309218233, 'generation': 168}","{'id': 9225, 'rank': 27, 'fitness': 0.031367289335945625, 'generation': 168}","{'id': 9225, 'rank': 28, 'fitness': 0.031367289335945625, 'generation': 168}","{'id': 9228, 'rank': 29, 'fitness': 0.018140301171847673, 'generation': 168}","{'id': 9147, 'rank': 30, 'fitness': 0.01798620996209155, 'generation': 168}"
"{'id': 9264, 'rank': 1, 'fitness': 0.9820137900379085, 'generation': 169}","{'id': 9270, 'rank': 2, 'fitness': 0.9817859395058792, 'generation': 169}","{'id': 9251, 'rank': 3, 'fitness': 0.9479325072123419, 'generation': 169}","{'id': 9240, 'rank': 4, 'fitness': 0.9350111081116592, 'generation': 169}","{'id': 9182, 'rank': 5, 'fitness': 0.9344719372568493, 'generation': 169}","{'id': 9182, 'rank': 6, 'fitness': 0.9344719372568493, 'generation': 169}","{'id': 9201, 'rank': 7, 'fitness': 0.9206628327770752, 'generation': 169}","{'id': 9201, 'rank': 8, 'fitness': 0.9206628327770752, 'generation': 169}","{'id': 9255, 'rank': 9, 'fitness': 0.8810283696642482, 'generation': 169}","{'id': 9232, 'rank': 10, 'fitness': 0.8499530935581394, 'generation': 169}","{'id': 9278, 'rank': 11, 'fitness': 0.8232624111882877, 'generation': 169}","{'id': 9258, 'rank': 12, 'fitness': 0.8108711877153889, 'generation': 169}","{'id': 9258, 'rank': 13, 'fitness': 0.8108711877153889, 'generation': 169}","{'id': 9250, 'rank': 14, 'fitness': 0.6755178182601038, 'generation': 169}","{'id': 9250, 'rank': 15, 'fitness': 0.6755178182601038, 'generation': 169}","{'id': 9250, 'rank': 16, 'fitness': 0.6755178182601038, 'generation': 169}","{'id': 9078, 'rank': 17, 'fitness': 0.5504104525031103, 'generation': 169}","{'id': 9254, 'rank': 18, 'fitness': 0.511727537637149, 'generation': 169}","{'id': 9244, 'rank': 19, 'fitness': 0.4227713800914532, 'generation': 169}","{'id': 9244, 'rank': 20, 'fitness': 0.4227713800914532, 'generation': 169}","{'id': 9242, 'rank': 21, 'fitness': 0.4147732551843898, 'generation': 169}","{'id': 9242, 'rank': 22, 'fitness': 0.4147732551843898, 'generation': 169}","{'id': 9220, 'rank': 23, 'fitness': 0.2309367171379791, 'generation': 169}","{'id': 9207, 'rank': 24, 'fitness': 0.18341731806316258, 'generation': 169}","{'id': 9218, 'rank': 25, 'fitness': 0.1569228537561026, 'generation': 169}","{'id': 9238, 'rank': 26, 'fitness': 0.12481634545096348, 'generation': 169}","{'id': 9203, 'rank': 27, 'fitness': 0.08234812076777309, 'generation': 169}","{'id': 9230, 'rank': 28, 'fitness': 0.07224729584588696, 'generation': 169}","{'id': 9216, 'rank': 29, 'fitness': 0.06793930521555058, 'generation': 169}","{'id': 9276, 'rank': 30, 'fitness': 0.01798620996209155, 'generation': 169}"
"{'id': 9251, 'rank': 1, 'fitness': 0.9820137900379085, 'generation': 170}","{'id': 9301, 'rank': 2, 'fitness': 0.9805743795634387, 'generation': 170}","{'id': 9182, 'rank': 3, 'fitness': 0.9773120965713982, 'generation': 170}","{'id': 9182, 'rank': 4, 'fitness': 0.9773120965713982, 'generation': 170}","{'id': 9182, 'rank': 5, 'fitness': 0.9773120965713982, 'generation': 170}","{'id': 9284, 'rank': 6, 'fitness': 0.9495346106486939, 'generation': 170}","{'id': 9258, 'rank': 7, 'fitness': 0.9306454979583618, 'generation': 170}","{'id': 9258, 'rank': 8, 'fitness': 0.9306454979583618, 'generation': 170}","{'id': 9078, 'rank': 9, 'fitness': 0.7990412745461257, 'generation': 170}","{'id': 9244, 'rank': 10, 'fitness': 0.7071847365815125, 'generation': 170}","{'id': 9242, 'rank': 11, 'fitness': 0.7005377777899405, 'generation': 170}","{'id': 9313, 'rank': 12, 'fitness': 0.6188081745155576, 'generation': 170}","{'id': 9326, 'rank': 13, 'fitness': 0.564559082391315, 'generation': 170}","{'id': 9326, 'rank': 14, 'fitness': 0.564559082391315, 'generation': 170}","{'id': 9311, 'rank': 15, 'fitness': 0.5388074950164066, 'generation': 170}","{'id': 9327, 'rank': 16, 'fitness': 0.48839898427819606, 'generation': 170}","{'id': 9289, 'rank': 17, 'fitness': 0.42115460482471945, 'generation': 170}","{'id': 9238, 'rank': 18, 'fitness': 0.33045911163056624, 'generation': 170}","{'id': 9292, 'rank': 19, 'fitness': 0.2528971445457717, 'generation': 170}","{'id': 9230, 'rank': 20, 'fitness': 0.21529166084243373, 'generation': 170}","{'id': 9230, 'rank': 21, 'fitness': 0.21529166084243373, 'generation': 170}","{'id': 9335, 'rank': 22, 'fitness': 0.21294268811911687, 'generation': 170}","{'id': 9308, 'rank': 23, 'fitness': 0.1781465795267939, 'generation': 170}","{'id': 9339, 'rank': 24, 'fitness': 0.08390085418171145, 'generation': 170}","{'id': 9276, 'rank': 25, 'fitness': 0.06309728605438697, 'generation': 170}","{'id': 9283, 'rank': 26, 'fitness': 0.05740052917712102, 'generation': 170}","{'id': 9287, 'rank': 27, 'fitness': 0.05576121167354886, 'generation': 170}","{'id': 9314, 'rank': 28, 'fitness': 0.0437870928238725, 'generation': 170}","{'id': 9324, 'rank': 29, 'fitness': 0.029749022387083324, 'generation': 170}","{'id': 9322, 'rank': 30, 'fitness': 0.01798620996209155, 'generation': 170}"
"{'id': 9376, 'rank': 1, 'fitness': 0.9820137900379085, 'generation': 171}","{'id': 9182, 'rank': 2, 'fitness': 0.9431682083711412, 'generation': 171}","{'id': 9353, 'rank': 3, 'fitness': 0.9380508339595053, 'generation': 171}","{'id': 9344, 'rank': 4, 'fitness': 0.8855201172568534, 'generation': 171}","{'id': 9344, 'rank': 5, 'fitness': 0.8855201172568534, 'generation': 171}","{'id': 9344, 'rank': 6, 'fitness': 0.8855201172568534, 'generation': 171}","{'id': 9258, 'rank': 7, 'fitness': 0.8668442734013105, 'generation': 171}","{'id': 9258, 'rank': 8, 'fitness': 0.8668442734013105, 'generation': 171}","{'id': 9368, 'rank': 9, 'fitness': 0.8355749645892894, 'generation': 171}","{'id': 9368, 'rank': 10, 'fitness': 0.8355749645892894, 'generation': 171}","{'id': 9350, 'rank': 11, 'fitness': 0.8017761771639498, 'generation': 171}","{'id': 9381, 'rank': 12, 'fitness': 0.7222676242774695, 'generation': 171}","{'id': 9356, 'rank': 13, 'fitness': 0.6238501212577545, 'generation': 171}","{'id': 9352, 'rank': 14, 'fitness': 0.5557007752804346, 'generation': 171}","{'id': 9352, 'rank': 15, 'fitness': 0.5557007752804346, 'generation': 171}","{'id': 9352, 'rank': 16, 'fitness': 0.5557007752804346, 'generation': 171}","{'id': 9326, 'rank': 17, 'fitness': 0.49956652565464293, 'generation': 171}","{'id': 9326, 'rank': 18, 'fitness': 0.49956652565464293, 'generation': 171}","{'id': 9370, 'rank': 19, 'fitness': 0.47845471247654736, 'generation': 171}","{'id': 9238, 'rank': 20, 'fitness': 0.31504340954313254, 'generation': 171}","{'id': 9230, 'rank': 21, 'fitness': 0.22308197832456, 'generation': 171}","{'id': 9230, 'rank': 22, 'fitness': 0.22308197832456, 'generation': 171}","{'id': 9369, 'rank': 23, 'fitness': 0.21884999038647363, 'generation': 171}","{'id': 9348, 'rank': 24, 'fitness': 0.2064583691539102, 'generation': 171}","{'id': 9354, 'rank': 25, 'fitness': 0.19131531768239096, 'generation': 171}","{'id': 9386, 'rank': 26, 'fitness': 0.1216778852219782, 'generation': 171}","{'id': 9359, 'rank': 27, 'fitness': 0.08409660783308542, 'generation': 171}","{'id': 9379, 'rank': 28, 'fitness': 0.0693674362527692, 'generation': 171}","{'id': 9322, 'rank': 29, 'fitness': 0.031691064508842626, 'generation': 171}","{'id': 9375, 'rank': 30, 'fitness': 0.01798620996209155, 'generation': 171}"
"{'id': 9376, 'rank': 1, 'fitness': 0.9820137900379085, 'generation': 172}","{'id': 9438, 'rank': 2, 'fitness': 0.9463969652358845, 'generation': 172}","{'id': 9397, 'rank': 3, 'fitness': 0.8855777879169757, 'generation': 172}","{'id': 9344, 'rank': 4, 'fitness': 0.8447418105420249, 'generation': 172}","{'id': 9344, 'rank': 5, 'fitness': 0.8447418105420249, 'generation': 172}","{'id': 9258, 'rank': 6, 'fitness': 0.8161473793029157, 'generation': 172}","{'id': 9258, 'rank': 7, 'fitness': 0.8161473793029157, 'generation': 172}","{'id': 9428, 'rank': 8, 'fitness': 0.8160710218482723, 'generation': 172}","{'id': 9428, 'rank': 9, 'fitness': 0.8160710218482723, 'generation': 172}","{'id': 9428, 'rank': 10, 'fitness': 0.8160710218482723, 'generation': 172}","{'id': 9435, 'rank': 11, 'fitness': 0.746282273961629, 'generation': 172}","{'id': 9435, 'rank': 12, 'fitness': 0.746282273961629, 'generation': 172}","{'id': 9427, 'rank': 13, 'fitness': 0.55866197244462, 'generation': 172}","{'id': 9352, 'rank': 14, 'fitness': 0.3879019328980731, 'generation': 172}","{'id': 9352, 'rank': 15, 'fitness': 0.3879019328980731, 'generation': 172}","{'id': 9398, 'rank': 16, 'fitness': 0.37679591581580224, 'generation': 172}","{'id': 9370, 'rank': 17, 'fitness': 0.30535796564949114, 'generation': 172}","{'id': 9390, 'rank': 18, 'fitness': 0.25958252586285496, 'generation': 172}","{'id': 9390, 'rank': 19, 'fitness': 0.25958252586285496, 'generation': 172}","{'id': 9432, 'rank': 20, 'fitness': 0.23395122020151599, 'generation': 172}","{'id': 9238, 'rank': 21, 'fitness': 0.16292516587836936, 'generation': 172}","{'id': 9238, 'rank': 22, 'fitness': 0.16292516587836936, 'generation': 172}","{'id': 9401, 'rank': 23, 'fitness': 0.10884891426023247, 'generation': 172}","{'id': 9422, 'rank': 24, 'fitness': 0.0684844562555521, 'generation': 172}","{'id': 9422, 'rank': 25, 'fitness': 0.0684844562555521, 'generation': 172}","{'id': 9422, 'rank': 26, 'fitness': 0.0684844562555521, 'generation': 172}","{'id': 9399, 'rank': 27, 'fitness': 0.03348114155732845, 'generation': 172}","{'id': 9404, 'rank': 28, 'fitness': 0.029017011786727998, 'generation': 172}","{'id': 9396, 'rank': 29, 'fitness': 0.025128120796374387, 'generation': 172}","{'id': 9426, 'rank': 30, 'fitness': 0.01798620996209155, 'generation': 172}"
"{'id': 9440, 'rank': 1, 'fitness': 0.9820137900379085, 'generation': 173}","{'id': 9440, 'rank': 2, 'fitness': 0.9820137900379085, 'generation': 173}","{'id': 9397, 'rank': 3, 'fitness': 0.9341964346235934, 'generation': 173}","{'id': 9344, 'rank': 4, 'fitness': 0.9072797911127459, 'generation': 173}","{'id': 9344, 'rank': 5, 'fitness': 0.9072797911127459, 'generation': 173}","{'id': 9258, 'rank': 6, 'fitness': 0.8875526316274832, 'generation': 173}","{'id': 9258, 'rank': 7, 'fitness': 0.8875526316274832, 'generation': 173}","{'id': 9484, 'rank': 8, 'fitness': 0.8740261806513131, 'generation': 173}","{'id': 9435, 'rank': 9, 'fitness': 0.8363535804632616, 'generation': 173}","{'id': 9494, 'rank': 10, 'fitness': 0.7899371546443111, 'generation': 173}","{'id': 9489, 'rank': 11, 'fitness': 0.7381705703094257, 'generation': 173}","{'id': 9489, 'rank': 12, 'fitness': 0.7381705703094257, 'generation': 173}","{'id': 9427, 'rank': 13, 'fitness': 0.6772045784575835, 'generation': 173}","{'id': 9441, 'rank': 14, 'fitness': 0.6763746669544999, 'generation': 173}","{'id': 9441, 'rank': 15, 'fitness': 0.6763746669544999, 'generation': 173}","{'id': 9491, 'rank': 16, 'fitness': 0.5715114500609562, 'generation': 173}","{'id': 9352, 'rank': 17, 'fitness': 0.5025790591371597, 'generation': 173}","{'id': 9398, 'rank': 18, 'fitness': 0.4901639884620705, 'generation': 173}","{'id': 9466, 'rank': 19, 'fitness': 0.41780093353676206, 'generation': 173}","{'id': 9466, 'rank': 20, 'fitness': 0.41780093353676206, 'generation': 173}","{'id': 9446, 'rank': 21, 'fitness': 0.3314283814203724, 'generation': 173}","{'id': 9487, 'rank': 22, 'fitness': 0.22616427611289552, 'generation': 173}","{'id': 9238, 'rank': 23, 'fitness': 0.22507941141909577, 'generation': 173}","{'id': 9238, 'rank': 24, 'fitness': 0.22507941141909577, 'generation': 173}","{'id': 9443, 'rank': 25, 'fitness': 0.2063319393750045, 'generation': 173}","{'id': 9467, 'rank': 26, 'fitness': 0.16231238338648873, 'generation': 173}","{'id': 9422, 'rank': 27, 'fitness': 0.09411118855479661, 'generation': 173}","{'id': 9455, 'rank': 28, 'fitness': 0.07818356549847533, 'generation': 173}","{'id': 9475, 'rank': 29, 'fitness': 0.05249136247797892, 'generation': 173}","{'id': 9485, 'rank': 30, 'fitness': 0.01798620996209155, 'generation': 173}"
"{'id': 9519, 'rank': 1, 'fitness': 0.9820137900379085, 'generation': 174}","{'id': 9440, 'rank': 2, 'fitness': 0.9435187148609474, 'generation': 174}","{'id': 9440, 'rank': 3, 'fitness': 0.9435187148609474, 'generation': 174}","{'id': 9508, 'rank': 4, 'fitness': 0.8793404828465184, 'generation': 174}","{'id': 9344, 'rank': 5, 'fitness': 0.8470118911549751, 'generation': 174}","{'id': 9344, 'rank': 6, 'fitness': 0.8470118911549751, 'generation': 174}","{'id': 9258, 'rank': 7, 'fitness': 0.8282559531517224, 'generation': 174}","{'id': 9435, 'rank': 8, 'fitness': 0.7848420177575455, 'generation': 174}","{'id': 9441, 'rank': 9, 'fitness': 0.6725404119422067, 'generation': 174}","{'id': 9352, 'rank': 10, 'fitness': 0.5628609647657977, 'generation': 174}","{'id': 9352, 'rank': 11, 'fitness': 0.5628609647657977, 'generation': 174}","{'id': 9398, 'rank': 12, 'fitness': 0.5549958043779832, 'generation': 174}","{'id': 9530, 'rank': 13, 'fitness': 0.5511346856983744, 'generation': 174}","{'id': 9466, 'rank': 14, 'fitness': 0.5082505379296215, 'generation': 174}","{'id': 9466, 'rank': 15, 'fitness': 0.5082505379296215, 'generation': 174}","{'id': 9466, 'rank': 16, 'fitness': 0.5082505379296215, 'generation': 174}","{'id': 9514, 'rank': 17, 'fitness': 0.4995640847534307, 'generation': 174}","{'id': 9514, 'rank': 18, 'fitness': 0.4995640847534307, 'generation': 174}","{'id': 9514, 'rank': 19, 'fitness': 0.4995640847534307, 'generation': 174}","{'id': 9446, 'rank': 20, 'fitness': 0.44902028531097204, 'generation': 174}","{'id': 9238, 'rank': 21, 'fitness': 0.36632044921982454, 'generation': 174}","{'id': 9238, 'rank': 22, 'fitness': 0.36632044921982454, 'generation': 174}","{'id': 9238, 'rank': 23, 'fitness': 0.36632044921982454, 'generation': 174}","{'id': 9238, 'rank': 24, 'fitness': 0.36632044921982454, 'generation': 174}","{'id': 9539, 'rank': 25, 'fitness': 0.3397940298887121, 'generation': 174}","{'id': 9545, 'rank': 26, 'fitness': 0.25069152223780505, 'generation': 174}","{'id': 9496, 'rank': 27, 'fitness': 0.11673775688295296, 'generation': 174}","{'id': 9531, 'rank': 28, 'fitness': 0.08596831517787745, 'generation': 174}","{'id': 9522, 'rank': 29, 'fitness': 0.01798620996209155, 'generation': 174}","{'id': 9522, 'rank': 30, 'fitness': 0.01798620996209155, 'generation': 174}"
"{'id': 9519, 'rank': 1, 'fitness': 0.9820137900379085, 'generation': 175}","{'id': 9344, 'rank': 2, 'fitness': 0.6151343222258041, 'generation': 175}","{'id': 9344, 'rank': 3, 'fitness': 0.6151343222258041, 'generation': 175}","{'id': 9344, 'rank': 4, 'fitness': 0.6151343222258041, 'generation': 175}","{'id': 9549, 'rank': 5, 'fitness': 0.5680457603914418, 'generation': 175}","{'id': 9581, 'rank': 6, 'fitness': 0.46019595044489886, 'generation': 175}","{'id': 9435, 'rank': 7, 'fitness': 0.45641025023108167, 'generation': 175}","{'id': 9435, 'rank': 8, 'fitness': 0.45641025023108167, 'generation': 175}","{'id': 9441, 'rank': 9, 'fitness': 0.257110929611845, 'generation': 175}","{'id': 9352, 'rank': 10, 'fitness': 0.14412735514907177, 'generation': 175}","{'id': 9352, 'rank': 11, 'fitness': 0.14412735514907177, 'generation': 175}","{'id': 9398, 'rank': 12, 'fitness': 0.13816105347996888, 'generation': 175}","{'id': 9466, 'rank': 13, 'fitness': 0.10711951094310856, 'generation': 175}","{'id': 9514, 'rank': 14, 'fitness': 0.10209870866206439, 'generation': 175}","{'id': 9514, 'rank': 15, 'fitness': 0.10209870866206439, 'generation': 175}","{'id': 9514, 'rank': 16, 'fitness': 0.10209870866206439, 'generation': 175}","{'id': 9567, 'rank': 17, 'fitness': 0.05541079091074119, 'generation': 175}","{'id': 9567, 'rank': 18, 'fitness': 0.05541079091074119, 'generation': 175}","{'id': 9567, 'rank': 19, 'fitness': 0.05541079091074119, 'generation': 175}","{'id': 9596, 'rank': 20, 'fitness': 0.0552178849982769, 'generation': 175}","{'id': 9238, 'rank': 21, 'fitness': 0.04666510586834355, 'generation': 175}","{'id': 9587, 'rank': 22, 'fitness': 0.045136745906995845, 'generation': 175}","{'id': 9539, 'rank': 23, 'fitness': 0.03930842184985944, 'generation': 175}","{'id': 9555, 'rank': 24, 'fitness': 0.037831636875154506, 'generation': 175}","{'id': 9563, 'rank': 25, 'fitness': 0.03436539077327527, 'generation': 175}","{'id': 9564, 'rank': 26, 'fitness': 0.023228582515757545, 'generation': 175}","{'id': 9545, 'rank': 27, 'fitness': 0.02061820751011023, 'generation': 175}","{'id': 9562, 'rank': 28, 'fitness': 0.01842536884521201, 'generation': 175}","{'id': 9582, 'rank': 29, 'fitness': 0.01798620996209155, 'generation': 175}","{'id': 9582, 'rank': 30, 'fitness': 0.01798620996209155, 'generation': 175}"
"{'id': 9642, 'rank': 1, 'fitness': 0.9820137900379085, 'generation': 176}","{'id': 9632, 'rank': 2, 'fitness': 0.9082574237937466, 'generation': 176}","{'id': 9344, 'rank': 3, 'fitness': 0.8658519115268495, 'generation': 176}","{'id': 9344, 'rank': 4, 'fitness': 0.8658519115268495, 'generation': 176}","{'id': 9344, 'rank': 5, 'fitness': 0.8658519115268495, 'generation': 176}","{'id': 9344, 'rank': 6, 'fitness': 0.8658519115268495, 'generation': 176}","{'id': 9344, 'rank': 7, 'fitness': 0.8658519115268495, 'generation': 176}","{'id': 9344, 'rank': 8, 'fitness': 0.8658519115268495, 'generation': 176}","{'id': 9549, 'rank': 9, 'fitness': 0.8332418903130696, 'generation': 176}","{'id': 9549, 'rank': 10, 'fitness': 0.8332418903130696, 'generation': 176}","{'id': 9435, 'rank': 11, 'fitness': 0.7349634520752046, 'generation': 176}","{'id': 9620, 'rank': 12, 'fitness': 0.7136232090695992, 'generation': 176}","{'id': 9611, 'rank': 13, 'fitness': 0.6625690137793818, 'generation': 176}","{'id': 9441, 'rank': 14, 'fitness': 0.4642886797715396, 'generation': 176}","{'id': 9608, 'rank': 15, 'fitness': 0.3737499465821798, 'generation': 176}","{'id': 9352, 'rank': 16, 'fitness': 0.2519049916567103, 'generation': 176}","{'id': 9352, 'rank': 17, 'fitness': 0.2519049916567103, 'generation': 176}","{'id': 9398, 'rank': 18, 'fitness': 0.23992756919939617, 'generation': 176}","{'id': 9398, 'rank': 19, 'fitness': 0.23992756919939617, 'generation': 176}","{'id': 9466, 'rank': 20, 'fitness': 0.17748654235609512, 'generation': 176}","{'id': 9514, 'rank': 21, 'fitness': 0.1674473147929555, 'generation': 176}","{'id': 9514, 'rank': 22, 'fitness': 0.1674473147929555, 'generation': 176}","{'id': 9615, 'rank': 23, 'fitness': 0.10206352087375148, 'generation': 176}","{'id': 9638, 'rank': 24, 'fitness': 0.09180045392608016, 'generation': 176}","{'id': 9567, 'rank': 25, 'fitness': 0.07781537781671516, 'generation': 176}","{'id': 9596, 'rank': 26, 'fitness': 0.07746843187650071, 'generation': 176}","{'id': 9545, 'rank': 27, 'fitness': 0.021515045013728307, 'generation': 176}","{'id': 9545, 'rank': 28, 'fitness': 0.021515045013728307, 'generation': 176}","{'id': 9562, 'rank': 29, 'fitness': 0.018564679092870406, 'generation': 176}","{'id': 9582, 'rank': 30, 'fitness': 0.01798620996209155, 'generation': 176}"
"{'id': 9672, 'rank': 1, 'fitness': 0.9820137900379085, 'generation': 177}","{'id': 9642, 'rank': 2, 'fitness': 0.9170897172014629, 'generation': 177}","{'id': 9642, 'rank': 3, 'fitness': 0.9170897172014629, 'generation': 177}","{'id': 9659, 'rank': 4, 'fitness': 0.8291647774926931, 'generation': 177}","{'id': 9632, 'rank': 5, 'fitness': 0.7603443506985867, 'generation': 177}","{'id': 9632, 'rank': 6, 'fitness': 0.7603443506985867, 'generation': 177}","{'id': 9344, 'rank': 7, 'fitness': 0.6988200681472708, 'generation': 177}","{'id': 9344, 'rank': 8, 'fitness': 0.6988200681472708, 'generation': 177}","{'id': 9657, 'rank': 9, 'fitness': 0.6624204611296521, 'generation': 177}","{'id': 9549, 'rank': 10, 'fitness': 0.6580121162766069, 'generation': 177}","{'id': 9549, 'rank': 11, 'fitness': 0.6580121162766069, 'generation': 177}","{'id': 9549, 'rank': 12, 'fitness': 0.6580121162766069, 'generation': 177}","{'id': 9648, 'rank': 13, 'fitness': 0.573305642091094, 'generation': 177}","{'id': 9620, 'rank': 14, 'fitness': 0.5363287696728172, 'generation': 177}","{'id': 9611, 'rank': 15, 'fitness': 0.4928218639742052, 'generation': 177}","{'id': 9695, 'rank': 16, 'fitness': 0.4145885748096303, 'generation': 177}","{'id': 9608, 'rank': 17, 'fitness': 0.2890940989090498, 'generation': 177}","{'id': 9666, 'rank': 18, 'fitness': 0.2690829372429152, 'generation': 177}","{'id': 9697, 'rank': 19, 'fitness': 0.2445865025104179, 'generation': 177}","{'id': 9658, 'rank': 20, 'fitness': 0.21546136150970685, 'generation': 177}","{'id': 9352, 'rank': 21, 'fitness': 0.21108570277715688, 'generation': 177}","{'id': 9668, 'rank': 22, 'fitness': 0.1998139360476051, 'generation': 177}","{'id': 9663, 'rank': 23, 'fitness': 0.19901709838196197, 'generation': 177}","{'id': 9663, 'rank': 24, 'fitness': 0.19901709838196197, 'generation': 177}","{'id': 9466, 'rank': 25, 'fitness': 0.16193891946163547, 'generation': 177}","{'id': 9567, 'rank': 26, 'fitness': 0.08861751004581331, 'generation': 177}","{'id': 9653, 'rank': 27, 'fitness': 0.08231093884335838, 'generation': 177}","{'id': 9656, 'rank': 28, 'fitness': 0.04490596699035637, 'generation': 177}","{'id': 9655, 'rank': 29, 'fitness': 0.03576166038143641, 'generation': 177}","{'id': 9687, 'rank': 30, 'fitness': 0.01798620996209155, 'generation': 177}"
"{'id': 9672, 'rank': 1, 'fitness': 0.9820137900379085, 'generation': 178}","{'id': 9642, 'rank': 2, 'fitness': 0.9213829892813293, 'generation': 178}","{'id': 9642, 'rank': 3, 'fitness': 0.9213829892813293, 'generation': 178}","{'id': 9737, 'rank': 4, 'fitness': 0.8543641174976169, 'generation': 178}","{'id': 9737, 'rank': 5, 'fitness': 0.8543641174976169, 'generation': 178}","{'id': 9706, 'rank': 6, 'fitness': 0.8161488148058482, 'generation': 178}","{'id': 9743, 'rank': 7, 'fitness': 0.8028974416891443, 'generation': 178}","{'id': 9632, 'rank': 8, 'fitness': 0.7786222255321374, 'generation': 178}","{'id': 9344, 'rank': 9, 'fitness': 0.7223418609362224, 'generation': 178}","{'id': 9344, 'rank': 10, 'fitness': 0.7223418609362224, 'generation': 178}","{'id': 9549, 'rank': 11, 'fitness': 0.6847426747671744, 'generation': 178}","{'id': 9549, 'rank': 12, 'fitness': 0.6847426747671744, 'generation': 178}","{'id': 9549, 'rank': 13, 'fitness': 0.6847426747671744, 'generation': 178}","{'id': 9549, 'rank': 14, 'fitness': 0.6847426747671744, 'generation': 178}","{'id': 9549, 'rank': 15, 'fitness': 0.6847426747671744, 'generation': 178}","{'id': 9720, 'rank': 16, 'fitness': 0.6200343349928136, 'generation': 178}","{'id': 9620, 'rank': 17, 'fitness': 0.5708239241266059, 'generation': 178}","{'id': 9695, 'rank': 18, 'fitness': 0.45323399362817257, 'generation': 178}","{'id': 9744, 'rank': 19, 'fitness': 0.3465561907093595, 'generation': 178}","{'id': 9608, 'rank': 20, 'fitness': 0.32689251148483534, 'generation': 178}","{'id': 9666, 'rank': 21, 'fitness': 0.30615403479381625, 'generation': 178}","{'id': 9697, 'rank': 22, 'fitness': 0.2805116365578473, 'generation': 178}","{'id': 9352, 'rank': 23, 'fitness': 0.24495300597688935, 'generation': 178}","{'id': 9663, 'rank': 24, 'fitness': 0.23199399721958636, 'generation': 178}","{'id': 9745, 'rank': 25, 'fitness': 0.22923693768998754, 'generation': 178}","{'id': 9727, 'rank': 26, 'fitness': 0.11208285241302474, 'generation': 178}","{'id': 9653, 'rank': 27, 'fitness': 0.10164509642708547, 'generation': 178}","{'id': 9707, 'rank': 28, 'fitness': 0.03508833500070624, 'generation': 178}","{'id': 9734, 'rank': 29, 'fitness': 0.021962292625784918, 'generation': 178}","{'id': 9705, 'rank': 30, 'fitness': 0.01798620996209155, 'generation': 178}"
"{'id': 9754, 'rank': 1, 'fitness': 0.9820137900379085, 'generation': 179}","{'id': 9737, 'rank': 2, 'fitness': 0.9744593761185882, 'generation': 179}","{'id': 9771, 'rank': 3, 'fitness': 0.9644445195229987, 'generation': 179}","{'id': 9706, 'rank': 4, 'fitness': 0.9625981682836563, 'generation': 179}","{'id': 9784, 'rank': 5, 'fitness': 0.9599916789740517, 'generation': 179}","{'id': 9784, 'rank': 6, 'fitness': 0.9599916789740517, 'generation': 179}","{'id': 9632, 'rank': 7, 'fitness': 0.9487840578662907, 'generation': 179}","{'id': 9632, 'rank': 8, 'fitness': 0.9487840578662907, 'generation': 179}","{'id': 9773, 'rank': 9, 'fitness': 0.9293191494253591, 'generation': 179}","{'id': 9773, 'rank': 10, 'fitness': 0.9293191494253591, 'generation': 179}","{'id': 9344, 'rank': 11, 'fitness': 0.9236692691246682, 'generation': 179}","{'id': 9549, 'rank': 12, 'fitness': 0.9036484926791509, 'generation': 179}","{'id': 9720, 'rank': 13, 'fitness': 0.8623086342154715, 'generation': 179}","{'id': 9767, 'rank': 14, 'fitness': 0.7876019266101774, 'generation': 179}","{'id': 9695, 'rank': 15, 'fitness': 0.7064266255092466, 'generation': 179}","{'id': 9747, 'rank': 16, 'fitness': 0.6641945369245019, 'generation': 179}","{'id': 9744, 'rank': 17, 'fitness': 0.5615351300854694, 'generation': 179}","{'id': 9666, 'rank': 18, 'fitness': 0.49690413083147605, 'generation': 179}","{'id': 9666, 'rank': 19, 'fitness': 0.49690413083147605, 'generation': 179}","{'id': 9768, 'rank': 20, 'fitness': 0.4908406912783023, 'generation': 179}","{'id': 9789, 'rank': 21, 'fitness': 0.462317694662317, 'generation': 179}","{'id': 9697, 'rank': 22, 'fitness': 0.45334482464728126, 'generation': 179}","{'id': 9777, 'rank': 23, 'fitness': 0.305964061105079, 'generation': 179}","{'id': 9727, 'rank': 24, 'fitness': 0.14433415416398304, 'generation': 179}","{'id': 9792, 'rank': 25, 'fitness': 0.14170685509054326, 'generation': 179}","{'id': 9806, 'rank': 26, 'fitness': 0.13309355547002133, 'generation': 179}","{'id': 9801, 'rank': 27, 'fitness': 0.043208491972708485, 'generation': 179}","{'id': 9753, 'rank': 28, 'fitness': 0.03862021509854069, 'generation': 179}","{'id': 9757, 'rank': 29, 'fitness': 0.03319655674600874, 'generation': 179}","{'id': 9799, 'rank': 30, 'fitness': 0.01798620996209155, 'generation': 179}"
"{'id': 9843, 'rank': 1, 'fitness': 0.9820137900379085, 'generation': 180}","{'id': 9835, 'rank': 2, 'fitness': 0.9652798353154797, 'generation': 180}","{'id': 9784, 'rank': 3, 'fitness': 0.9595634793470971, 'generation': 180}","{'id': 9784, 'rank': 4, 'fitness': 0.9595634793470971, 'generation': 180}","{'id': 9823, 'rank': 5, 'fitness': 0.9478236285447912, 'generation': 180}","{'id': 9773, 'rank': 6, 'fitness': 0.9380243588768151, 'generation': 180}","{'id': 9773, 'rank': 7, 'fitness': 0.9380243588768151, 'generation': 180}","{'id': 9344, 'rank': 8, 'fitness': 0.9343176661246845, 'generation': 180}","{'id': 9865, 'rank': 9, 'fitness': 0.9311375681703162, 'generation': 180}","{'id': 9549, 'rank': 10, 'fitness': 0.9216134721326394, 'generation': 180}","{'id': 9720, 'rank': 11, 'fitness': 0.8968379564833435, 'generation': 180}","{'id': 9747, 'rank': 12, 'fitness': 0.7859953501676874, 'generation': 180}","{'id': 9768, 'rank': 13, 'fitness': 0.6821528201944629, 'generation': 180}","{'id': 9768, 'rank': 14, 'fitness': 0.6821528201944629, 'generation': 180}","{'id': 9830, 'rank': 15, 'fitness': 0.6728377914002919, 'generation': 180}","{'id': 9845, 'rank': 16, 'fitness': 0.6577832824275126, 'generation': 180}","{'id': 9697, 'rank': 17, 'fitness': 0.6572707431541412, 'generation': 180}","{'id': 9697, 'rank': 18, 'fitness': 0.6572707431541412, 'generation': 180}","{'id': 9851, 'rank': 19, 'fitness': 0.5451867109148194, 'generation': 180}","{'id': 9777, 'rank': 20, 'fitness': 0.5445737769640581, 'generation': 180}","{'id': 9846, 'rank': 21, 'fitness': 0.5135608381244233, 'generation': 180}","{'id': 9839, 'rank': 22, 'fitness': 0.38562847255889443, 'generation': 180}","{'id': 9824, 'rank': 23, 'fitness': 0.3504974298020102, 'generation': 180}","{'id': 9829, 'rank': 24, 'fitness': 0.31055271927653716, 'generation': 180}","{'id': 9813, 'rank': 25, 'fitness': 0.28287010062186185, 'generation': 180}","{'id': 9854, 'rank': 26, 'fitness': 0.2337590658337798, 'generation': 180}","{'id': 9854, 'rank': 27, 'fitness': 0.2337590658337798, 'generation': 180}","{'id': 9871, 'rank': 28, 'fitness': 0.08987518472964007, 'generation': 180}","{'id': 9868, 'rank': 29, 'fitness': 0.05227820361354035, 'generation': 180}","{'id': 9837, 'rank': 30, 'fitness': 0.01798620996209155, 'generation': 180}"
"{'id': 9843, 'rank': 1, 'fitness': 0.9820137900379085, 'generation': 181}","{'id': 9784, 'rank': 2, 'fitness': 0.9532359855043175, 'generation': 181}","{'id': 9915, 'rank': 3, 'fitness': 0.9520381812114179, 'generation': 181}","{'id': 9773, 'rank': 4, 'fitness': 0.9229417701136495, 'generation': 181}","{'id': 9344, 'rank': 5, 'fitness': 0.9175593337421539, 'generation': 181}","{'id': 9865, 'rank': 6, 'fitness': 0.9129105068008521, 'generation': 181}","{'id': 9905, 'rank': 7, 'fitness': 0.9004713562540179, 'generation': 181}","{'id': 9920, 'rank': 8, 'fitness': 0.8675899408342399, 'generation': 181}","{'id': 9886, 'rank': 9, 'fitness': 0.8346896421772665, 'generation': 181}","{'id': 9886, 'rank': 10, 'fitness': 0.8346896421772665, 'generation': 181}","{'id': 9876, 'rank': 11, 'fitness': 0.784759354552513, 'generation': 181}","{'id': 9932, 'rank': 12, 'fitness': 0.7311250811972778, 'generation': 181}","{'id': 9932, 'rank': 13, 'fitness': 0.7311250811972778, 'generation': 181}","{'id': 9932, 'rank': 14, 'fitness': 0.7311250811972778, 'generation': 181}","{'id': 9900, 'rank': 15, 'fitness': 0.6705620205372849, 'generation': 181}","{'id': 9768, 'rank': 16, 'fitness': 0.5432259217403673, 'generation': 181}","{'id': 9879, 'rank': 17, 'fitness': 0.5347003824209959, 'generation': 181}","{'id': 9845, 'rank': 18, 'fitness': 0.5107416787079296, 'generation': 181}","{'id': 9845, 'rank': 19, 'fitness': 0.5107416787079296, 'generation': 181}","{'id': 9697, 'rank': 20, 'fitness': 0.5100691538593153, 'generation': 181}","{'id': 9697, 'rank': 21, 'fitness': 0.5100691538593153, 'generation': 181}","{'id': 9935, 'rank': 22, 'fitness': 0.4734145633291316, 'generation': 181}","{'id': 9846, 'rank': 23, 'fitness': 0.33950550521091755, 'generation': 181}","{'id': 9901, 'rank': 24, 'fitness': 0.17126114191127223, 'generation': 181}","{'id': 9912, 'rank': 25, 'fitness': 0.09211833726255192, 'generation': 181}","{'id': 9930, 'rank': 26, 'fitness': 0.037766385749443576, 'generation': 181}","{'id': 9908, 'rank': 27, 'fitness': 0.02714540259088094, 'generation': 181}","{'id': 9875, 'rank': 28, 'fitness': 0.0255101285711975, 'generation': 181}","{'id': 9878, 'rank': 29, 'fitness': 0.02462358719931551, 'generation': 181}","{'id': 9921, 'rank': 30, 'fitness': 0.01798620996209155, 'generation': 181}"
"{'id': 9982, 'rank': 1, 'fitness': 0.9820137900379085, 'generation': 182}","{'id': 9994, 'rank': 2, 'fitness': 0.9567927681066587, 'generation': 182}","{'id': 9843, 'rank': 3, 'fitness': 0.9442998532588179, 'generation': 182}","{'id': 9843, 'rank': 4, 'fitness': 0.9442998532588179, 'generation': 182}","{'id': 9915, 'rank': 5, 'fitness': 0.8849602352023375, 'generation': 182}","{'id': 9344, 'rank': 6, 'fitness': 0.8303936434296462, 'generation': 182}","{'id': 9865, 'rank': 7, 'fitness': 0.8236986767470444, 'generation': 182}","{'id': 9865, 'rank': 8, 'fitness': 0.8236986767470444, 'generation': 182}","{'id': 9987, 'rank': 9, 'fitness': 0.7231894227399507, 'generation': 182}","{'id': 9876, 'rank': 10, 'fitness': 0.6719088945012109, 'generation': 182}","{'id': 9876, 'rank': 11, 'fitness': 0.6719088945012109, 'generation': 182}","{'id': 9942, 'rank': 12, 'fitness': 0.6429545432445172, 'generation': 182}","{'id': 9768, 'rank': 13, 'fitness': 0.46055997641513224, 'generation': 182}","{'id': 9768, 'rank': 14, 'fitness': 0.46055997641513224, 'generation': 182}","{'id': 9879, 'rank': 15, 'fitness': 0.4539099584472989, 'generation': 182}","{'id': 9845, 'rank': 16, 'fitness': 0.4353884086420956, 'generation': 182}","{'id': 9845, 'rank': 17, 'fitness': 0.4353884086420956, 'generation': 182}","{'id': 9697, 'rank': 18, 'fitness': 0.4348717969795091, 'generation': 182}","{'id': 9958, 'rank': 19, 'fitness': 0.37449979912503345, 'generation': 182}","{'id': 9846, 'rank': 20, 'fitness': 0.3072085317400983, 'generation': 182}","{'id': 9936, 'rank': 21, 'fitness': 0.29084983126310593, 'generation': 182}","{'id': 9901, 'rank': 22, 'fitness': 0.17874919310136772, 'generation': 182}","{'id': 9986, 'rank': 23, 'fitness': 0.12390287959040447, 'generation': 182}","{'id': 9946, 'rank': 24, 'fitness': 0.0946332723484331, 'generation': 182}","{'id': 9966, 'rank': 25, 'fitness': 0.08359106616502987, 'generation': 182}","{'id': 9996, 'rank': 26, 'fitness': 0.05908518911532268, 'generation': 182}","{'id': 9875, 'rank': 27, 'fitness': 0.04154893723809194, 'generation': 182}","{'id': 9951, 'rank': 28, 'fitness': 0.03433179018890997, 'generation': 182}","{'id': 9997, 'rank': 29, 'fitness': 0.019833698766160923, 'generation': 182}","{'id': 9999, 'rank': 30, 'fitness': 0.01798620996209155, 'generation': 182}"
"{'id': 10006, 'rank': 1, 'fitness': 0.9820137900379085, 'generation': 183}","{'id': 10006, 'rank': 2, 'fitness': 0.9820137900379085, 'generation': 183}","{'id': 9994, 'rank': 3, 'fitness': 0.9772974113596009, 'generation': 183}","{'id': 9843, 'rank': 4, 'fitness': 0.9686234806983646, 'generation': 183}","{'id': 10040, 'rank': 5, 'fitness': 0.9326728893658922, 'generation': 183}","{'id': 10040, 'rank': 6, 'fitness': 0.9326728893658922, 'generation': 183}","{'id': 9915, 'rank': 7, 'fitness': 0.9202843735486084, 'generation': 183}","{'id': 10004, 'rank': 8, 'fitness': 0.9179540922110647, 'generation': 183}","{'id': 10037, 'rank': 9, 'fitness': 0.9078596145566986, 'generation': 183}","{'id': 10039, 'rank': 10, 'fitness': 0.8993314683249423, 'generation': 183}","{'id': 9865, 'rank': 11, 'fitness': 0.8612265845491343, 'generation': 183}","{'id': 9865, 'rank': 12, 'fitness': 0.8612265845491343, 'generation': 183}","{'id': 10018, 'rank': 13, 'fitness': 0.8073803161273589, 'generation': 183}","{'id': 10009, 'rank': 14, 'fitness': 0.7917349742154917, 'generation': 183}","{'id': 10009, 'rank': 15, 'fitness': 0.7917349742154917, 'generation': 183}","{'id': 10005, 'rank': 16, 'fitness': 0.7889452717863477, 'generation': 183}","{'id': 10007, 'rank': 17, 'fitness': 0.6628273502446151, 'generation': 183}","{'id': 10047, 'rank': 18, 'fitness': 0.5808511156728511, 'generation': 183}","{'id': 9768, 'rank': 19, 'fitness': 0.4279573301400942, 'generation': 183}","{'id': 10017, 'rank': 20, 'fitness': 0.4248350892943268, 'generation': 183}","{'id': 9846, 'rank': 21, 'fitness': 0.24868369355966474, 'generation': 183}","{'id': 10041, 'rank': 22, 'fitness': 0.17763812090211972, 'generation': 183}","{'id': 10041, 'rank': 23, 'fitness': 0.17763812090211972, 'generation': 183}","{'id': 10013, 'rank': 24, 'fitness': 0.1313818352578392, 'generation': 183}","{'id': 9901, 'rank': 25, 'fitness': 0.12010203140298764, 'generation': 183}","{'id': 10003, 'rank': 26, 'fitness': 0.0709243947800382, 'generation': 183}","{'id': 10027, 'rank': 27, 'fitness': 0.04390815151078031, 'generation': 183}","{'id': 9996, 'rank': 28, 'fitness': 0.028230201512394415, 'generation': 183}","{'id': 9996, 'rank': 29, 'fitness': 0.028230201512394415, 'generation': 183}","{'id': 9875, 'rank': 30, 'fitness': 0.01798620996209155, 'generation': 183}"
"{'id': 10064, 'rank': 1, 'fitness': 0.9820137900379085, 'generation': 184}","{'id': 10006, 'rank': 2, 'fitness': 0.9221174776296653, 'generation': 184}","{'id': 9994, 'rank': 3, 'fitness': 0.9102959003293621, 'generation': 184}","{'id': 10069, 'rank': 4, 'fitness': 0.9021213249078532, 'generation': 184}","{'id': 10067, 'rank': 5, 'fitness': 0.8405624026619669, 'generation': 184}","{'id': 10040, 'rank': 6, 'fitness': 0.8294313357580951, 'generation': 184}","{'id': 10040, 'rank': 7, 'fitness': 0.8294313357580951, 'generation': 184}","{'id': 9915, 'rank': 8, 'fitness': 0.8120427134057906, 'generation': 184}","{'id': 10004, 'rank': 9, 'fitness': 0.8089185446954705, 'generation': 184}","{'id': 10004, 'rank': 10, 'fitness': 0.8089185446954705, 'generation': 184}","{'id': 10058, 'rank': 11, 'fitness': 0.7970679954379558, 'generation': 184}","{'id': 10091, 'rank': 12, 'fitness': 0.7590434710790698, 'generation': 184}","{'id': 10060, 'rank': 13, 'fitness': 0.7027874814583723, 'generation': 184}","{'id': 10009, 'rank': 14, 'fitness': 0.677569048656184, 'generation': 184}","{'id': 10009, 'rank': 15, 'fitness': 0.677569048656184, 'generation': 184}","{'id': 10007, 'rank': 16, 'fitness': 0.5780382101732999, 'generation': 184}","{'id': 10047, 'rank': 17, 'fitness': 0.521951598099908, 'generation': 184}","{'id': 10041, 'rank': 18, 'fitness': 0.2463624002956833, 'generation': 184}","{'id': 10080, 'rank': 19, 'fitness': 0.23226025706662418, 'generation': 184}","{'id': 10080, 'rank': 20, 'fitness': 0.23226025706662418, 'generation': 184}","{'id': 10061, 'rank': 21, 'fitness': 0.127320047503655, 'generation': 184}","{'id': 10027, 'rank': 22, 'fitness': 0.10691022726227956, 'generation': 184}","{'id': 9996, 'rank': 23, 'fitness': 0.08167213711415772, 'generation': 184}","{'id': 10104, 'rank': 24, 'fitness': 0.06938117993032356, 'generation': 184}","{'id': 10104, 'rank': 25, 'fitness': 0.06938117993032356, 'generation': 184}","{'id': 9875, 'rank': 26, 'fitness': 0.06185409333748482, 'generation': 184}","{'id': 10098, 'rank': 27, 'fitness': 0.04305246932067741, 'generation': 184}","{'id': 10074, 'rank': 28, 'fitness': 0.04241918410090778, 'generation': 184}","{'id': 10075, 'rank': 29, 'fitness': 0.03725743920458552, 'generation': 184}","{'id': 10096, 'rank': 30, 'fitness': 0.01798620996209155, 'generation': 184}"
"{'id': 10162, 'rank': 1, 'fitness': 0.9820137900379085, 'generation': 185}","{'id': 9994, 'rank': 2, 'fitness': 0.9788460047718137, 'generation': 185}","{'id': 10069, 'rank': 3, 'fitness': 0.9761338874091157, 'generation': 185}","{'id': 10067, 'rank': 4, 'fitness': 0.9523391571303736, 'generation': 185}","{'id': 10040, 'rank': 5, 'fitness': 0.9474084836486847, 'generation': 185}","{'id': 9915, 'rank': 6, 'fitness': 0.9393186365748085, 'generation': 185}","{'id': 10004, 'rank': 7, 'fitness': 0.9378147842524973, 'generation': 185}","{'id': 10004, 'rank': 8, 'fitness': 0.9378147842524973, 'generation': 185}","{'id': 10004, 'rank': 9, 'fitness': 0.9378147842524973, 'generation': 185}","{'id': 10058, 'rank': 10, 'fitness': 0.9319697970745058, 'generation': 185}","{'id': 10137, 'rank': 11, 'fitness': 0.8970676098397677, 'generation': 185}","{'id': 10119, 'rank': 12, 'fitness': 0.8633451282341491, 'generation': 185}","{'id': 10009, 'rank': 13, 'fitness': 0.8600012450659544, 'generation': 185}","{'id': 10007, 'rank': 14, 'fitness': 0.7801570010547328, 'generation': 185}","{'id': 10109, 'rank': 15, 'fitness': 0.7349612848631658, 'generation': 185}","{'id': 10047, 'rank': 16, 'fitness': 0.7262466349168584, 'generation': 185}","{'id': 10116, 'rank': 17, 'fitness': 0.6913810927688285, 'generation': 185}","{'id': 10117, 'rank': 18, 'fitness': 0.6731318395145276, 'generation': 185}","{'id': 10158, 'rank': 19, 'fitness': 0.6532124877768148, 'generation': 185}","{'id': 10106, 'rank': 20, 'fitness': 0.6335253592405965, 'generation': 185}","{'id': 10105, 'rank': 21, 'fitness': 0.3880887332338529, 'generation': 185}","{'id': 10080, 'rank': 22, 'fitness': 0.3384541163825594, 'generation': 185}","{'id': 10154, 'rank': 23, 'fitness': 0.2984310117621366, 'generation': 185}","{'id': 10154, 'rank': 24, 'fitness': 0.2984310117621366, 'generation': 185}","{'id': 10108, 'rank': 25, 'fitness': 0.2839699903820023, 'generation': 185}","{'id': 10130, 'rank': 26, 'fitness': 0.18923551416350193, 'generation': 185}","{'id': 10157, 'rank': 27, 'fitness': 0.10900941728059543, 'generation': 185}","{'id': 9996, 'rank': 28, 'fitness': 0.09620506513652982, 'generation': 185}","{'id': 10147, 'rank': 29, 'fitness': 0.08844207325728892, 'generation': 185}","{'id': 10146, 'rank': 30, 'fitness': 0.01798620996209155, 'generation': 185}"
"{'id': 10162, 'rank': 1, 'fitness': 0.9820137900379085, 'generation': 186}","{'id': 10067, 'rank': 2, 'fitness': 0.9481385707716816, 'generation': 186}","{'id': 10067, 'rank': 3, 'fitness': 0.9481385707716816, 'generation': 186}","{'id': 10040, 'rank': 4, 'fitness': 0.9423032123397214, 'generation': 186}","{'id': 9915, 'rank': 5, 'fitness': 0.932645636039291, 'generation': 186}","{'id': 10004, 'rank': 6, 'fitness': 0.9308402251963994, 'generation': 186}","{'id': 10004, 'rank': 7, 'fitness': 0.9308402251963994, 'generation': 186}","{'id': 10004, 'rank': 8, 'fitness': 0.9308402251963994, 'generation': 186}","{'id': 10058, 'rank': 9, 'fitness': 0.9237965451181476, 'generation': 186}","{'id': 10058, 'rank': 10, 'fitness': 0.9237965451181476, 'generation': 186}","{'id': 10058, 'rank': 11, 'fitness': 0.9237965451181476, 'generation': 186}","{'id': 10137, 'rank': 12, 'fitness': 0.8810908196831938, 'generation': 186}","{'id': 10213, 'rank': 13, 'fitness': 0.7867529306407426, 'generation': 186}","{'id': 10213, 'rank': 14, 'fitness': 0.7867529306407426, 'generation': 186}","{'id': 10196, 'rank': 15, 'fitness': 0.6037052202117016, 'generation': 186}","{'id': 10196, 'rank': 16, 'fitness': 0.6037052202117016, 'generation': 186}","{'id': 10196, 'rank': 17, 'fitness': 0.6037052202117016, 'generation': 186}","{'id': 10158, 'rank': 18, 'fitness': 0.5830906057394042, 'generation': 186}","{'id': 10214, 'rank': 19, 'fitness': 0.5710157139919126, 'generation': 186}","{'id': 10164, 'rank': 20, 'fitness': 0.5084128092259492, 'generation': 186}","{'id': 10164, 'rank': 21, 'fitness': 0.5084128092259492, 'generation': 186}","{'id': 10108, 'rank': 22, 'fitness': 0.20418454861944102, 'generation': 186}","{'id': 10183, 'rank': 23, 'fitness': 0.19333492612640418, 'generation': 186}","{'id': 10215, 'rank': 24, 'fitness': 0.1446628425826293, 'generation': 186}","{'id': 10130, 'rank': 25, 'fitness': 0.12593897381077768, 'generation': 186}","{'id': 10157, 'rank': 26, 'fitness': 0.06658421146754229, 'generation': 186}","{'id': 9996, 'rank': 27, 'fitness': 0.05776263879547172, 'generation': 186}","{'id': 10187, 'rank': 28, 'fitness': 0.02667212593616053, 'generation': 186}","{'id': 10224, 'rank': 29, 'fitness': 0.018824649084332012, 'generation': 186}","{'id': 10184, 'rank': 30, 'fitness': 0.01798620996209155, 'generation': 186}"
"{'id': 10237, 'rank': 1, 'fitness': 0.9820137900379085, 'generation': 187}","{'id': 10162, 'rank': 2, 'fitness': 0.9472123834134021, 'generation': 187}","{'id': 10067, 'rank': 3, 'fitness': 0.891926415511127, 'generation': 187}","{'id': 10067, 'rank': 4, 'fitness': 0.891926415511127, 'generation': 187}","{'id': 9915, 'rank': 5, 'fitness': 0.871391124688383, 'generation': 187}","{'id': 10004, 'rank': 6, 'fitness': 0.8691156050537485, 'generation': 187}","{'id': 10004, 'rank': 7, 'fitness': 0.8691156050537485, 'generation': 187}","{'id': 10058, 'rank': 8, 'fitness': 0.8604363503947091, 'generation': 187}","{'id': 10264, 'rank': 9, 'fitness': 0.8583072076552188, 'generation': 187}","{'id': 10264, 'rank': 10, 'fitness': 0.8583072076552188, 'generation': 187}","{'id': 10265, 'rank': 11, 'fitness': 0.8058347366420235, 'generation': 187}","{'id': 10213, 'rank': 12, 'fitness': 0.7259986203142591, 'generation': 187}","{'id': 10213, 'rank': 13, 'fitness': 0.7259986203142591, 'generation': 187}","{'id': 10272, 'rank': 14, 'fitness': 0.6088694844758618, 'generation': 187}","{'id': 10272, 'rank': 15, 'fitness': 0.6088694844758618, 'generation': 187}","{'id': 10272, 'rank': 16, 'fitness': 0.6088694844758618, 'generation': 187}","{'id': 10272, 'rank': 17, 'fitness': 0.6088694844758618, 'generation': 187}","{'id': 10196, 'rank': 18, 'fitness': 0.5857661867916646, 'generation': 187}","{'id': 10196, 'rank': 19, 'fitness': 0.5857661867916646, 'generation': 187}","{'id': 10196, 'rank': 20, 'fitness': 0.5857661867916646, 'generation': 187}","{'id': 10158, 'rank': 21, 'fitness': 0.5709741959918632, 'generation': 187}","{'id': 10249, 'rank': 22, 'fitness': 0.36747442315878553, 'generation': 187}","{'id': 10250, 'rank': 23, 'fitness': 0.33525900996145713, 'generation': 187}","{'id': 10281, 'rank': 24, 'fitness': 0.29266893456099186, 'generation': 187}","{'id': 10183, 'rank': 25, 'fitness': 0.2755998926885766, 'generation': 187}","{'id': 10267, 'rank': 26, 'fitness': 0.1811547742015941, 'generation': 187}","{'id': 10279, 'rank': 27, 'fitness': 0.14071572572531088, 'generation': 187}","{'id': 10239, 'rank': 28, 'fitness': 0.12293659915914024, 'generation': 187}","{'id': 10230, 'rank': 29, 'fitness': 0.06313019547578752, 'generation': 187}","{'id': 10270, 'rank': 30, 'fitness': 0.01798620996209155, 'generation': 187}"
"{'id': 10237, 'rank': 1, 'fitness': 0.9820137900379085, 'generation': 188}","{'id': 10162, 'rank': 2, 'fitness': 0.943113273942646, 'generation': 188}","{'id': 10162, 'rank': 3, 'fitness': 0.943113273942646, 'generation': 188}","{'id': 10162, 'rank': 4, 'fitness': 0.943113273942646, 'generation': 188}","{'id': 10348, 'rank': 5, 'fitness': 0.9369209852601339, 'generation': 188}","{'id': 10058, 'rank': 6, 'fitness': 0.8407518761427794, 'generation': 188}","{'id': 10265, 'rank': 7, 'fitness': 0.7755541621953767, 'generation': 188}","{'id': 10213, 'rank': 8, 'fitness': 0.6811975454957718, 'generation': 188}","{'id': 10272, 'rank': 9, 'fitness': 0.5472612356120442, 'generation': 188}","{'id': 10196, 'rank': 10, 'fitness': 0.5216632422252058, 'generation': 188}","{'id': 10196, 'rank': 11, 'fitness': 0.5216632422252058, 'generation': 188}","{'id': 10315, 'rank': 12, 'fitness': 0.4974473493066495, 'generation': 188}","{'id': 10315, 'rank': 13, 'fitness': 0.4974473493066495, 'generation': 188}","{'id': 10315, 'rank': 14, 'fitness': 0.4974473493066495, 'generation': 188}","{'id': 10312, 'rank': 15, 'fitness': 0.4625339842002522, 'generation': 188}","{'id': 10305, 'rank': 16, 'fitness': 0.4446723070368262, 'generation': 188}","{'id': 10305, 'rank': 17, 'fitness': 0.4446723070368262, 'generation': 188}","{'id': 10317, 'rank': 18, 'fitness': 0.35920267355418445, 'generation': 188}","{'id': 10345, 'rank': 19, 'fitness': 0.3258350808247359, 'generation': 188}","{'id': 10314, 'rank': 20, 'fitness': 0.32560416228930356, 'generation': 188}","{'id': 10311, 'rank': 21, 'fitness': 0.275675229928215, 'generation': 188}","{'id': 10297, 'rank': 22, 'fitness': 0.2399184173153942, 'generation': 188}","{'id': 10338, 'rank': 23, 'fitness': 0.17373571158271506, 'generation': 188}","{'id': 10303, 'rank': 24, 'fitness': 0.1511128066892865, 'generation': 188}","{'id': 10291, 'rank': 25, 'fitness': 0.13555370289479562, 'generation': 188}","{'id': 10337, 'rank': 26, 'fitness': 0.11991285948568897, 'generation': 188}","{'id': 10308, 'rank': 27, 'fitness': 0.05974755336256088, 'generation': 188}","{'id': 10301, 'rank': 28, 'fitness': 0.03371678339435935, 'generation': 188}","{'id': 10301, 'rank': 29, 'fitness': 0.03371678339435935, 'generation': 188}","{'id': 10306, 'rank': 30, 'fitness': 0.01798620996209155, 'generation': 188}"
"{'id': 10378, 'rank': 1, 'fitness': 0.9820137900379085, 'generation': 189}","{'id': 10378, 'rank': 2, 'fitness': 0.9820137900379085, 'generation': 189}","{'id': 10162, 'rank': 3, 'fitness': 0.9721542587374525, 'generation': 189}","{'id': 10348, 'rank': 4, 'fitness': 0.9682478119130364, 'generation': 189}","{'id': 10376, 'rank': 5, 'fitness': 0.9571058465884494, 'generation': 189}","{'id': 10376, 'rank': 6, 'fitness': 0.9571058465884494, 'generation': 189}","{'id': 10362, 'rank': 7, 'fitness': 0.922417311292505, 'generation': 189}","{'id': 10390, 'rank': 8, 'fitness': 0.909407505977804, 'generation': 189}","{'id': 10364, 'rank': 9, 'fitness': 0.7647750226522476, 'generation': 189}","{'id': 10213, 'rank': 10, 'fitness': 0.7370370532264499, 'generation': 189}","{'id': 10391, 'rank': 11, 'fitness': 0.7028124520862331, 'generation': 189}","{'id': 10369, 'rank': 12, 'fitness': 0.657491586401285, 'generation': 189}","{'id': 10272, 'rank': 13, 'fitness': 0.581598432976845, 'generation': 189}","{'id': 10272, 'rank': 14, 'fitness': 0.581598432976845, 'generation': 189}","{'id': 10272, 'rank': 15, 'fitness': 0.581598432976845, 'generation': 189}","{'id': 10315, 'rank': 16, 'fitness': 0.5208254461282186, 'generation': 189}","{'id': 10315, 'rank': 17, 'fitness': 0.5208254461282186, 'generation': 189}","{'id': 10312, 'rank': 18, 'fitness': 0.4777857830755596, 'generation': 189}","{'id': 10393, 'rank': 19, 'fitness': 0.4269332997236268, 'generation': 189}","{'id': 10355, 'rank': 20, 'fitness': 0.38563524361120693, 'generation': 189}","{'id': 10317, 'rank': 21, 'fitness': 0.35054624723822614, 'generation': 189}","{'id': 10317, 'rank': 22, 'fitness': 0.35054624723822614, 'generation': 189}","{'id': 10345, 'rank': 23, 'fitness': 0.3102075219848527, 'generation': 189}","{'id': 10314, 'rank': 24, 'fitness': 0.3099306297787563, 'generation': 189}","{'id': 10314, 'rank': 25, 'fitness': 0.3099306297787563, 'generation': 189}","{'id': 10361, 'rank': 26, 'fitness': 0.1793588330984464, 'generation': 189}","{'id': 10385, 'rank': 27, 'fitness': 0.16713848330125242, 'generation': 189}","{'id': 10373, 'rank': 28, 'fitness': 0.13295845960959068, 'generation': 189}","{'id': 10350, 'rank': 29, 'fitness': 0.11701235185879177, 'generation': 189}","{'id': 10359, 'rank': 30, 'fitness': 0.01798620996209155, 'generation': 189}"
"{'id': 10378, 'rank': 1, 'fitness': 0.9820137900379085, 'generation': 190}","{'id': 10378, 'rank': 2, 'fitness': 0.9820137900379085, 'generation': 190}","{'id': 10376, 'rank': 3, 'fitness': 0.9571058465884494, 'generation': 190}","{'id': 10362, 'rank': 4, 'fitness': 0.922417311292505, 'generation': 190}","{'id': 10435, 'rank': 5, 'fitness': 0.7745860464780321, 'generation': 190}","{'id': 10433, 'rank': 6, 'fitness': 0.771091629675943, 'generation': 190}","{'id': 10433, 'rank': 7, 'fitness': 0.771091629675943, 'generation': 190}","{'id': 10364, 'rank': 8, 'fitness': 0.7647750226522476, 'generation': 190}","{'id': 10213, 'rank': 9, 'fitness': 0.7370370532264499, 'generation': 190}","{'id': 10407, 'rank': 10, 'fitness': 0.7334840768897768, 'generation': 190}","{'id': 10369, 'rank': 11, 'fitness': 0.657491586401285, 'generation': 190}","{'id': 10369, 'rank': 12, 'fitness': 0.657491586401285, 'generation': 190}","{'id': 10410, 'rank': 13, 'fitness': 0.6393672478931973, 'generation': 190}","{'id': 10424, 'rank': 14, 'fitness': 0.5816878221458234, 'generation': 190}","{'id': 10424, 'rank': 15, 'fitness': 0.5816878221458234, 'generation': 190}","{'id': 10401, 'rank': 16, 'fitness': 0.5746329883804402, 'generation': 190}","{'id': 10465, 'rank': 17, 'fitness': 0.568434028325544, 'generation': 190}","{'id': 10417, 'rank': 18, 'fitness': 0.567183005327162, 'generation': 190}","{'id': 10464, 'rank': 19, 'fitness': 0.566814895448832, 'generation': 190}","{'id': 10447, 'rank': 20, 'fitness': 0.5455342979462492, 'generation': 190}","{'id': 10418, 'rank': 21, 'fitness': 0.38898773437667894, 'generation': 190}","{'id': 10462, 'rank': 22, 'fitness': 0.3672366623881815, 'generation': 190}","{'id': 10462, 'rank': 23, 'fitness': 0.3672366623881815, 'generation': 190}","{'id': 10317, 'rank': 24, 'fitness': 0.35054624723822614, 'generation': 190}","{'id': 10420, 'rank': 25, 'fitness': 0.2053609155988662, 'generation': 190}","{'id': 10419, 'rank': 26, 'fitness': 0.1784821100499957, 'generation': 190}","{'id': 10385, 'rank': 27, 'fitness': 0.16713848330125242, 'generation': 190}","{'id': 10350, 'rank': 28, 'fitness': 0.11701235185879177, 'generation': 190}","{'id': 10403, 'rank': 29, 'fitness': 0.04408046113309927, 'generation': 190}","{'id': 10359, 'rank': 30, 'fitness': 0.01798620996209155, 'generation': 190}"
"{'id': 10519, 'rank': 1, 'fitness': 0.9820137900379085, 'generation': 191}","{'id': 10519, 'rank': 2, 'fitness': 0.9820137900379085, 'generation': 191}","{'id': 10519, 'rank': 3, 'fitness': 0.9820137900379085, 'generation': 191}","{'id': 10519, 'rank': 4, 'fitness': 0.9820137900379085, 'generation': 191}","{'id': 10378, 'rank': 5, 'fitness': 0.9514474715890535, 'generation': 191}","{'id': 10378, 'rank': 6, 'fitness': 0.9514474715890535, 'generation': 191}","{'id': 10378, 'rank': 7, 'fitness': 0.9514474715890535, 'generation': 191}","{'id': 10376, 'rank': 8, 'fitness': 0.8998111356462379, 'generation': 191}","{'id': 10362, 'rank': 9, 'fitness': 0.8383814268538705, 'generation': 191}","{'id': 10499, 'rank': 10, 'fitness': 0.6497135508350524, 'generation': 191}","{'id': 10213, 'rank': 11, 'fitness': 0.5953890028219322, 'generation': 191}","{'id': 10407, 'rank': 12, 'fitness': 0.5915492626875126, 'generation': 191}","{'id': 10424, 'rank': 13, 'fitness': 0.44402200248755774, 'generation': 191}","{'id': 10465, 'rank': 14, 'fitness': 0.4323797632057277, 'generation': 191}","{'id': 10487, 'rank': 15, 'fitness': 0.2993420357761192, 'generation': 191}","{'id': 10481, 'rank': 16, 'fitness': 0.2966134314125972, 'generation': 191}","{'id': 10504, 'rank': 17, 'fitness': 0.21754665371033644, 'generation': 191}","{'id': 10516, 'rank': 18, 'fitness': 0.19875096136092524, 'generation': 191}","{'id': 10506, 'rank': 19, 'fitness': 0.18387629761538898, 'generation': 191}","{'id': 10506, 'rank': 20, 'fitness': 0.18387629761538898, 'generation': 191}","{'id': 10506, 'rank': 21, 'fitness': 0.18387629761538898, 'generation': 191}","{'id': 10488, 'rank': 22, 'fitness': 0.15300107896425452, 'generation': 191}","{'id': 10478, 'rank': 23, 'fitness': 0.1455806671927139, 'generation': 191}","{'id': 10502, 'rank': 24, 'fitness': 0.13960919599343774, 'generation': 191}","{'id': 10498, 'rank': 25, 'fitness': 0.1376178858747958, 'generation': 191}","{'id': 10419, 'rank': 26, 'fitness': 0.1366429776933964, 'generation': 191}","{'id': 10501, 'rank': 27, 'fitness': 0.11971723268712287, 'generation': 191}","{'id': 10500, 'rank': 28, 'fitness': 0.07502012895326976, 'generation': 191}","{'id': 10403, 'rank': 29, 'fitness': 0.03935728778189801, 'generation': 191}","{'id': 10359, 'rank': 30, 'fitness': 0.01798620996209155, 'generation': 191}"
"{'id': 10534, 'rank': 1, 'fitness': 0.9820137900379085, 'generation': 192}","{'id': 10519, 'rank': 2, 'fitness': 0.9755627822000911, 'generation': 192}","{'id': 10519, 'rank': 3, 'fitness': 0.9755627822000911, 'generation': 192}","{'id': 10539, 'rank': 4, 'fitness': 0.9577408201816566, 'generation': 192}","{'id': 10539, 'rank': 5, 'fitness': 0.9577408201816566, 'generation': 192}","{'id': 10378, 'rank': 6, 'fitness': 0.9405400381077359, 'generation': 192}","{'id': 10376, 'rank': 7, 'fitness': 0.8865776831811316, 'generation': 192}","{'id': 10376, 'rank': 8, 'fitness': 0.8865776831811316, 'generation': 192}","{'id': 10376, 'rank': 9, 'fitness': 0.8865776831811316, 'generation': 192}","{'id': 10376, 'rank': 10, 'fitness': 0.8865776831811316, 'generation': 192}","{'id': 10567, 'rank': 11, 'fitness': 0.7146040762567167, 'generation': 192}","{'id': 10529, 'rank': 12, 'fitness': 0.6992647995480414, 'generation': 192}","{'id': 10499, 'rank': 13, 'fitness': 0.6527517015302275, 'generation': 192}","{'id': 10213, 'rank': 14, 'fitness': 0.6039641295721693, 'generation': 192}","{'id': 10465, 'rank': 15, 'fitness': 0.4568894489025796, 'generation': 192}","{'id': 10532, 'rank': 16, 'fitness': 0.4054674133723348, 'generation': 192}","{'id': 10574, 'rank': 17, 'fitness': 0.36039216189283024, 'generation': 192}","{'id': 10487, 'rank': 18, 'fitness': 0.33284685957576615, 'generation': 192}","{'id': 10481, 'rank': 19, 'fitness': 0.3302350917950936, 'generation': 192}","{'id': 10545, 'rank': 20, 'fitness': 0.2577340068806627, 'generation': 192}","{'id': 10506, 'rank': 21, 'fitness': 0.21866838208819833, 'generation': 192}","{'id': 10498, 'rank': 22, 'fitness': 0.17007931810277277, 'generation': 192}","{'id': 10548, 'rank': 23, 'fitness': 0.13189967692336585, 'generation': 192}","{'id': 10538, 'rank': 24, 'fitness': 0.05869878621302016, 'generation': 192}","{'id': 10563, 'rank': 25, 'fitness': 0.05219033953311991, 'generation': 192}","{'id': 10359, 'rank': 26, 'fitness': 0.028170863405445334, 'generation': 192}","{'id': 10542, 'rank': 27, 'fitness': 0.027518334450738147, 'generation': 192}","{'id': 10542, 'rank': 28, 'fitness': 0.027518334450738147, 'generation': 192}","{'id': 10557, 'rank': 29, 'fitness': 0.024935824031354747, 'generation': 192}","{'id': 10556, 'rank': 30, 'fitness': 0.01798620996209155, 'generation': 192}"
"{'id': 10597, 'rank': 1, 'fitness': 0.9820137900379085, 'generation': 193}","{'id': 10519, 'rank': 2, 'fitness': 0.9810812900254391, 'generation': 193}","{'id': 10519, 'rank': 3, 'fitness': 0.9810812900254391, 'generation': 193}","{'id': 10539, 'rank': 4, 'fitness': 0.9665307284358114, 'generation': 193}","{'id': 10378, 'rank': 5, 'fitness': 0.9521769395130151, 'generation': 193}","{'id': 10378, 'rank': 6, 'fitness': 0.9521769395130151, 'generation': 193}","{'id': 10585, 'rank': 7, 'fitness': 0.9414017253718346, 'generation': 193}","{'id': 10376, 'rank': 8, 'fitness': 0.9057108228179132, 'generation': 193}","{'id': 10376, 'rank': 9, 'fitness': 0.9057108228179132, 'generation': 193}","{'id': 10621, 'rank': 10, 'fitness': 0.8989117779537068, 'generation': 193}","{'id': 10631, 'rank': 11, 'fitness': 0.7816164131608048, 'generation': 193}","{'id': 10499, 'rank': 12, 'fitness': 0.6875653992596324, 'generation': 193}","{'id': 10622, 'rank': 13, 'fitness': 0.6028556721613734, 'generation': 193}","{'id': 10622, 'rank': 14, 'fitness': 0.6028556721613734, 'generation': 193}","{'id': 10465, 'rank': 15, 'fitness': 0.4893444524034902, 'generation': 193}","{'id': 10574, 'rank': 16, 'fitness': 0.38768370148078807, 'generation': 193}","{'id': 10574, 'rank': 17, 'fitness': 0.38768370148078807, 'generation': 193}","{'id': 10587, 'rank': 18, 'fitness': 0.3714835187468435, 'generation': 193}","{'id': 10481, 'rank': 19, 'fitness': 0.3554745841013221, 'generation': 193}","{'id': 10591, 'rank': 20, 'fitness': 0.24098004420233798, 'generation': 193}","{'id': 10506, 'rank': 21, 'fitness': 0.23493451732306947, 'generation': 193}","{'id': 10612, 'rank': 22, 'fitness': 0.18813914234520657, 'generation': 193}","{'id': 10498, 'rank': 23, 'fitness': 0.18199615771014638, 'generation': 193}","{'id': 10548, 'rank': 24, 'fitness': 0.14036470671527307, 'generation': 193}","{'id': 10605, 'rank': 25, 'fitness': 0.10299691419455287, 'generation': 193}","{'id': 10606, 'rank': 26, 'fitness': 0.10120369154212844, 'generation': 193}","{'id': 10616, 'rank': 27, 'fitness': 0.08525329287391953, 'generation': 193}","{'id': 10604, 'rank': 28, 'fitness': 0.07588992969069658, 'generation': 193}","{'id': 10628, 'rank': 29, 'fitness': 0.05359221928181612, 'generation': 193}","{'id': 10556, 'rank': 30, 'fitness': 0.01798620996209155, 'generation': 193}"
"{'id': 10597, 'rank': 1, 'fitness': 0.9820137900379085, 'generation': 194}","{'id': 10597, 'rank': 2, 'fitness': 0.9820137900379085, 'generation': 194}","{'id': 10519, 'rank': 3, 'fitness': 0.9810545259731382, 'generation': 194}","{'id': 10519, 'rank': 4, 'fitness': 0.9810545259731382, 'generation': 194}","{'id': 10519, 'rank': 5, 'fitness': 0.9810545259731382, 'generation': 194}","{'id': 10680, 'rank': 6, 'fitness': 0.9687907751707518, 'generation': 194}","{'id': 10378, 'rank': 7, 'fitness': 0.9508750576849585, 'generation': 194}","{'id': 10585, 'rank': 8, 'fitness': 0.939484581298815, 'generation': 194}","{'id': 10376, 'rank': 9, 'fitness': 0.9014757712132239, 'generation': 194}","{'id': 10376, 'rank': 10, 'fitness': 0.9014757712132239, 'generation': 194}","{'id': 10621, 'rank': 11, 'fitness': 0.8942028545972254, 'generation': 194}","{'id': 10632, 'rank': 12, 'fitness': 0.8525720803664412, 'generation': 194}","{'id': 10631, 'rank': 13, 'fitness': 0.7683224376489718, 'generation': 194}","{'id': 10639, 'rank': 14, 'fitness': 0.7163563112851299, 'generation': 194}","{'id': 10665, 'rank': 15, 'fitness': 0.6770089390603582, 'generation': 194}","{'id': 10622, 'rank': 16, 'fitness': 0.5786243541681412, 'generation': 194}","{'id': 10690, 'rank': 17, 'fitness': 0.5532337049109951, 'generation': 194}","{'id': 10663, 'rank': 18, 'fitness': 0.25288256719011404, 'generation': 194}","{'id': 10663, 'rank': 19, 'fitness': 0.25288256719011404, 'generation': 194}","{'id': 10659, 'rank': 20, 'fitness': 0.23207776742097141, 'generation': 194}","{'id': 10591, 'rank': 21, 'fitness': 0.21562497371696554, 'generation': 194}","{'id': 10645, 'rank': 22, 'fitness': 0.18019616729756333, 'generation': 194}","{'id': 10612, 'rank': 23, 'fitness': 0.16589703893791485, 'generation': 194}","{'id': 10688, 'rank': 24, 'fitness': 0.1266290680304462, 'generation': 194}","{'id': 10548, 'rank': 25, 'fitness': 0.12186317849969164, 'generation': 194}","{'id': 10660, 'rank': 26, 'fitness': 0.11143386080636092, 'generation': 194}","{'id': 10653, 'rank': 27, 'fitness': 0.11064814695433839, 'generation': 194}","{'id': 10678, 'rank': 28, 'fitness': 0.08028234243340948, 'generation': 194}","{'id': 10654, 'rank': 29, 'fitness': 0.018746167103721678, 'generation': 194}","{'id': 10669, 'rank': 30, 'fitness': 0.01798620996209155, 'generation': 194}"
"{'id': 10597, 'rank': 1, 'fitness': 0.9820137900379085, 'generation': 195}","{'id': 10519, 'rank': 2, 'fitness': 0.9809927767728628, 'generation': 195}","{'id': 10519, 'rank': 3, 'fitness': 0.9809927767728628, 'generation': 195}","{'id': 10519, 'rank': 4, 'fitness': 0.9809927767728628, 'generation': 195}","{'id': 10680, 'rank': 5, 'fitness': 0.9677030939670419, 'generation': 195}","{'id': 10585, 'rank': 6, 'fitness': 0.934846478137934, 'generation': 195}","{'id': 10376, 'rank': 7, 'fitness': 0.8910785593575754, 'generation': 195}","{'id': 10376, 'rank': 8, 'fitness': 0.8910785593575754, 'generation': 195}","{'id': 10621, 'rank': 9, 'fitness': 0.8826237041960343, 'generation': 195}","{'id': 10632, 'rank': 10, 'fitness': 0.8339999033926602, 'generation': 195}","{'id': 10631, 'rank': 11, 'fitness': 0.7356242021653329, 'generation': 195}","{'id': 10631, 'rank': 12, 'fitness': 0.7356242021653329, 'generation': 195}","{'id': 10724, 'rank': 13, 'fitness': 0.6838860041208056, 'generation': 195}","{'id': 10698, 'rank': 14, 'fitness': 0.44452439140680367, 'generation': 195}","{'id': 10746, 'rank': 15, 'fitness': 0.389751986969311, 'generation': 195}","{'id': 10733, 'rank': 16, 'fitness': 0.17297000166417775, 'generation': 195}","{'id': 10720, 'rank': 17, 'fitness': 0.16488141303938947, 'generation': 195}","{'id': 10591, 'rank': 18, 'fitness': 0.16480607355807209, 'generation': 195}","{'id': 10728, 'rank': 19, 'fitness': 0.1467460380971271, 'generation': 195}","{'id': 10715, 'rank': 20, 'fitness': 0.13698091912997573, 'generation': 195}","{'id': 10645, 'rank': 21, 'fitness': 0.13463524447875264, 'generation': 195}","{'id': 10695, 'rank': 22, 'fitness': 0.09458091913636135, 'generation': 195}","{'id': 10714, 'rank': 23, 'fitness': 0.09431511794484648, 'generation': 195}","{'id': 10688, 'rank': 24, 'fitness': 0.09089694720521557, 'generation': 195}","{'id': 10548, 'rank': 25, 'fitness': 0.0871228576993745, 'generation': 195}","{'id': 10707, 'rank': 26, 'fitness': 0.05242920824655978, 'generation': 195}","{'id': 10739, 'rank': 27, 'fitness': 0.04437678834020509, 'generation': 195}","{'id': 10737, 'rank': 28, 'fitness': 0.028956440951868112, 'generation': 195}","{'id': 10708, 'rank': 29, 'fitness': 0.0196998115326929, 'generation': 195}","{'id': 10722, 'rank': 30, 'fitness': 0.01798620996209155, 'generation': 195}"
"{'id': 10763, 'rank': 1, 'fitness': 0.9820137900379085, 'generation': 196}","{'id': 10597, 'rank': 2, 'fitness': 0.9718557918224504, 'generation': 196}","{'id': 10519, 'rank': 3, 'fitness': 0.9703377787084404, 'generation': 196}","{'id': 10519, 'rank': 4, 'fitness': 0.9703377787084404, 'generation': 196}","{'id': 10519, 'rank': 5, 'fitness': 0.9703377787084404, 'generation': 196}","{'id': 10376, 'rank': 6, 'fitness': 0.8476767474335383, 'generation': 196}","{'id': 10376, 'rank': 7, 'fitness': 0.8476767474335383, 'generation': 196}","{'id': 10621, 'rank': 8, 'fitness': 0.8369130263967741, 'generation': 196}","{'id': 10621, 'rank': 9, 'fitness': 0.8369130263967741, 'generation': 196}","{'id': 10794, 'rank': 10, 'fitness': 0.7360804821579259, 'generation': 196}","{'id': 10794, 'rank': 11, 'fitness': 0.7360804821579259, 'generation': 196}","{'id': 10724, 'rank': 12, 'fitness': 0.6076407871796108, 'generation': 196}","{'id': 10775, 'rank': 13, 'fitness': 0.4988949478867061, 'generation': 196}","{'id': 10698, 'rank': 14, 'fitness': 0.3730981674700812, 'generation': 196}","{'id': 10785, 'rank': 15, 'fitness': 0.3417769782857254, 'generation': 196}","{'id': 10785, 'rank': 16, 'fitness': 0.3417769782857254, 'generation': 196}","{'id': 10786, 'rank': 17, 'fitness': 0.306860133621195, 'generation': 196}","{'id': 10753, 'rank': 18, 'fitness': 0.2544955714117184, 'generation': 196}","{'id': 10749, 'rank': 19, 'fitness': 0.21606466801385277, 'generation': 196}","{'id': 10749, 'rank': 20, 'fitness': 0.21606466801385277, 'generation': 196}","{'id': 10789, 'rank': 21, 'fitness': 0.1793701394872721, 'generation': 196}","{'id': 10783, 'rank': 22, 'fitness': 0.1616376692319602, 'generation': 196}","{'id': 10733, 'rank': 23, 'fitness': 0.14071425542432525, 'generation': 196}","{'id': 10720, 'rank': 24, 'fitness': 0.13414641682492418, 'generation': 196}","{'id': 10779, 'rank': 25, 'fitness': 0.13297295463297498, 'generation': 196}","{'id': 10756, 'rank': 26, 'fitness': 0.08344134843323048, 'generation': 196}","{'id': 10695, 'rank': 27, 'fitness': 0.0774894966804533, 'generation': 196}","{'id': 10714, 'rank': 28, 'fitness': 0.07727612964438346, 'generation': 196}","{'id': 10714, 'rank': 29, 'fitness': 0.07727612964438346, 'generation': 196}","{'id': 10791, 'rank': 30, 'fitness': 0.01798620996209155, 'generation': 196}"
"{'id': 10597, 'rank': 1, 'fitness': 0.9820137900379085, 'generation': 197}","{'id': 10845, 'rank': 2, 'fitness': 0.9068126130298917, 'generation': 197}","{'id': 10621, 'rank': 3, 'fitness': 0.8695422736503909, 'generation': 197}","{'id': 10621, 'rank': 4, 'fitness': 0.8695422736503909, 'generation': 197}","{'id': 10794, 'rank': 5, 'fitness': 0.77281589473133, 'generation': 197}","{'id': 10794, 'rank': 6, 'fitness': 0.77281589473133, 'generation': 197}","{'id': 10818, 'rank': 7, 'fitness': 0.759787518422786, 'generation': 197}","{'id': 10814, 'rank': 8, 'fitness': 0.6938025818726697, 'generation': 197}","{'id': 10814, 'rank': 9, 'fitness': 0.6938025818726697, 'generation': 197}","{'id': 10724, 'rank': 10, 'fitness': 0.6399869446609552, 'generation': 197}","{'id': 10828, 'rank': 11, 'fitness': 0.4661216130727426, 'generation': 197}","{'id': 10828, 'rank': 12, 'fitness': 0.4661216130727426, 'generation': 197}","{'id': 10824, 'rank': 13, 'fitness': 0.427519729206296, 'generation': 197}","{'id': 10824, 'rank': 14, 'fitness': 0.427519729206296, 'generation': 197}","{'id': 10849, 'rank': 15, 'fitness': 0.41391781457354165, 'generation': 197}","{'id': 10849, 'rank': 16, 'fitness': 0.41391781457354165, 'generation': 197}","{'id': 10698, 'rank': 17, 'fitness': 0.38232358482420153, 'generation': 197}","{'id': 10820, 'rank': 18, 'fitness': 0.34538279569978475, 'generation': 197}","{'id': 10753, 'rank': 19, 'fitness': 0.2510797632486549, 'generation': 197}","{'id': 10844, 'rank': 20, 'fitness': 0.1570712435593546, 'generation': 197}","{'id': 10811, 'rank': 21, 'fitness': 0.13063425316180743, 'generation': 197}","{'id': 10733, 'rank': 22, 'fitness': 0.12974339775579335, 'generation': 197}","{'id': 10756, 'rank': 23, 'fitness': 0.0723658185843456, 'generation': 197}","{'id': 10825, 'rank': 24, 'fitness': 0.06758950098273259, 'generation': 197}","{'id': 10825, 'rank': 25, 'fitness': 0.06758950098273259, 'generation': 197}","{'id': 10810, 'rank': 26, 'fitness': 0.06684816746390126, 'generation': 197}","{'id': 10695, 'rank': 27, 'fitness': 0.06662800909277167, 'generation': 197}","{'id': 10832, 'rank': 28, 'fitness': 0.06340649498464457, 'generation': 197}","{'id': 10847, 'rank': 29, 'fitness': 0.02112009974037332, 'generation': 197}","{'id': 10839, 'rank': 30, 'fitness': 0.01798620996209155, 'generation': 197}"
"{'id': 10597, 'rank': 1, 'fitness': 0.9820137900379085, 'generation': 198}","{'id': 10859, 'rank': 2, 'fitness': 0.9499959570067942, 'generation': 198}","{'id': 10859, 'rank': 3, 'fitness': 0.9499959570067942, 'generation': 198}","{'id': 10621, 'rank': 4, 'fitness': 0.844421263218264, 'generation': 198}","{'id': 10621, 'rank': 5, 'fitness': 0.844421263218264, 'generation': 198}","{'id': 10794, 'rank': 6, 'fitness': 0.7217506793333262, 'generation': 198}","{'id': 10794, 'rank': 7, 'fitness': 0.7217506793333262, 'generation': 198}","{'id': 10794, 'rank': 8, 'fitness': 0.7217506793333262, 'generation': 198}","{'id': 10885, 'rank': 9, 'fitness': 0.6307987126122359, 'generation': 198}","{'id': 10891, 'rank': 10, 'fitness': 0.39292492407343627, 'generation': 198}","{'id': 10828, 'rank': 11, 'fitness': 0.36826264980131945, 'generation': 198}","{'id': 10828, 'rank': 12, 'fitness': 0.36826264980131945, 'generation': 198}","{'id': 10880, 'rank': 13, 'fitness': 0.3486115886634785, 'generation': 198}","{'id': 10880, 'rank': 14, 'fitness': 0.3486115886634785, 'generation': 198}","{'id': 10824, 'rank': 15, 'fitness': 0.3293346306836758, 'generation': 198}","{'id': 10849, 'rank': 16, 'fitness': 0.31594667868534326, 'generation': 198}","{'id': 10698, 'rank': 17, 'fitness': 0.28551835593960695, 'generation': 198}","{'id': 10698, 'rank': 18, 'fitness': 0.28551835593960695, 'generation': 198}","{'id': 10856, 'rank': 19, 'fitness': 0.1744788926487526, 'generation': 198}","{'id': 10853, 'rank': 20, 'fitness': 0.10835013391803994, 'generation': 198}","{'id': 10844, 'rank': 21, 'fitness': 0.09665175606928517, 'generation': 198}","{'id': 10844, 'rank': 22, 'fitness': 0.09665175606928517, 'generation': 198}","{'id': 10890, 'rank': 23, 'fitness': 0.08327523340678555, 'generation': 198}","{'id': 10811, 'rank': 24, 'fitness': 0.0779026469764097, 'generation': 198}","{'id': 10881, 'rank': 25, 'fitness': 0.06397207725265375, 'generation': 198}","{'id': 10883, 'rank': 26, 'fitness': 0.03764663830508158, 'generation': 198}","{'id': 10825, 'rank': 27, 'fitness': 0.03656724633609021, 'generation': 198}","{'id': 10869, 'rank': 28, 'fitness': 0.03628134250212661, 'generation': 198}","{'id': 10865, 'rank': 29, 'fitness': 0.036128541647734935, 'generation': 198}","{'id': 10850, 'rank': 30, 'fitness': 0.01798620996209155, 'generation': 198}"
"{'id': 10859, 'rank': 1, 'fitness': 0.9820137900379085, 'generation': 199}","{'id': 10859, 'rank': 2, 'fitness': 0.9820137900379085, 'generation': 199}","{'id': 10911, 'rank': 3, 'fitness': 0.9708706878122305, 'generation': 199}","{'id': 10911, 'rank': 4, 'fitness': 0.9708706878122305, 'generation': 199}","{'id': 10921, 'rank': 5, 'fitness': 0.9523415905430661, 'generation': 199}","{'id': 10921, 'rank': 6, 'fitness': 0.9523415905430661, 'generation': 199}","{'id': 10901, 'rank': 7, 'fitness': 0.9445076433957597, 'generation': 199}","{'id': 10916, 'rank': 8, 'fitness': 0.9397372242201142, 'generation': 199}","{'id': 10916, 'rank': 9, 'fitness': 0.9397372242201142, 'generation': 199}","{'id': 10916, 'rank': 10, 'fitness': 0.9397372242201142, 'generation': 199}","{'id': 10919, 'rank': 11, 'fitness': 0.8875354289886779, 'generation': 199}","{'id': 10794, 'rank': 12, 'fitness': 0.8669219913749464, 'generation': 199}","{'id': 10794, 'rank': 13, 'fitness': 0.8669219913749464, 'generation': 199}","{'id': 10885, 'rank': 14, 'fitness': 0.8066256992608485, 'generation': 199}","{'id': 10930, 'rank': 15, 'fitness': 0.6685594119229692, 'generation': 199}","{'id': 10912, 'rank': 16, 'fitness': 0.6286074464830685, 'generation': 199}","{'id': 10912, 'rank': 17, 'fitness': 0.6286074464830685, 'generation': 199}","{'id': 10828, 'rank': 18, 'fitness': 0.5695745092916662, 'generation': 199}","{'id': 10880, 'rank': 19, 'fitness': 0.5470749112846282, 'generation': 199}","{'id': 10880, 'rank': 20, 'fitness': 0.5470749112846282, 'generation': 199}","{'id': 10880, 'rank': 21, 'fitness': 0.5470749112846282, 'generation': 199}","{'id': 10698, 'rank': 22, 'fitness': 0.469284138030642, 'generation': 199}","{'id': 10902, 'rank': 23, 'fitness': 0.40275376627116755, 'generation': 199}","{'id': 10856, 'rank': 24, 'fitness': 0.3093632606698066, 'generation': 199}","{'id': 10936, 'rank': 25, 'fitness': 0.2654621350851497, 'generation': 199}","{'id': 10918, 'rank': 26, 'fitness': 0.24482364669808976, 'generation': 199}","{'id': 10853, 'rank': 27, 'fitness': 0.19876016515137496, 'generation': 199}","{'id': 10844, 'rank': 28, 'fitness': 0.17799859299926918, 'generation': 199}","{'id': 10865, 'rank': 29, 'fitness': 0.06599812857778142, 'generation': 199}","{'id': 10904, 'rank': 30, 'fitness': 0.01798620996209155, 'generation': 199}"
"{'id': 10859, 'rank': 1, 'fitness': 0.9820137900379085, 'generation': 200}","{'id': 10859, 'rank': 2, 'fitness': 0.9820137900379085, 'generation': 200}","{'id': 10911, 'rank': 3, 'fitness': 0.9724464856735076, 'generation': 200}","{'id': 10911, 'rank': 4, 'fitness': 0.9724464856735076, 'generation': 200}","{'id': 10901, 'rank': 5, 'fitness': 0.9511812261978844, 'generation': 200}","{'id': 10916, 'rank': 6, 'fitness': 0.9474599008802527, 'generation': 200}","{'id': 10916, 'rank': 7, 'fitness': 0.9474599008802527, 'generation': 200}","{'id': 10916, 'rank': 8, 'fitness': 0.9474599008802527, 'generation': 200}","{'id': 10916, 'rank': 9, 'fitness': 0.9474599008802527, 'generation': 200}","{'id': 10919, 'rank': 10, 'fitness': 0.9080551357325042, 'generation': 200}","{'id': 10794, 'rank': 11, 'fitness': 0.8928856690723309, 'generation': 200}","{'id': 10885, 'rank': 12, 'fitness': 0.8489612450690572, 'generation': 200}","{'id': 10944, 'rank': 13, 'fitness': 0.8047050311640375, 'generation': 200}","{'id': 10981, 'rank': 14, 'fitness': 0.7027245124072155, 'generation': 200}","{'id': 10954, 'rank': 15, 'fitness': 0.6995603688388238, 'generation': 200}","{'id': 10880, 'rank': 16, 'fitness': 0.6526782550881599, 'generation': 200}","{'id': 10880, 'rank': 17, 'fitness': 0.6526782550881599, 'generation': 200}","{'id': 10939, 'rank': 18, 'fitness': 0.6142484462530858, 'generation': 200}","{'id': 10963, 'rank': 19, 'fitness': 0.5499086132313851, 'generation': 200}","{'id': 10963, 'rank': 20, 'fitness': 0.5499086132313851, 'generation': 200}","{'id': 10985, 'rank': 21, 'fitness': 0.5171760897535164, 'generation': 200}","{'id': 10995, 'rank': 22, 'fitness': 0.3866334004975744, 'generation': 200}","{'id': 10918, 'rank': 23, 'fitness': 0.37007179878061525, 'generation': 200}","{'id': 10853, 'rank': 24, 'fitness': 0.3167997353766979, 'generation': 200}","{'id': 10994, 'rank': 25, 'fitness': 0.2574267750765351, 'generation': 200}","{'id': 10971, 'rank': 26, 'fitness': 0.17011154664402695, 'generation': 200}","{'id': 10983, 'rank': 27, 'fitness': 0.15488238805936283, 'generation': 200}","{'id': 10964, 'rank': 28, 'fitness': 0.04943070535721428, 'generation': 200}","{'id': 10950, 'rank': 29, 'fitness': 0.018900594926168857, 'generation': 200}","{'id': 10961, 'rank': 30, 'fitness': 0.01798620996209155, 'generation': 200}"
"{'id': 11067, 'rank': 1, 'fitness': 0.9820137900379085, 'generation': 201}","{'id': 10911, 'rank': 2, 'fitness': 0.9096663636535776, 'generation': 201}","{'id': 11021, 'rank': 3, 'fitness': 0.8964488544134978, 'generation': 201}","{'id': 10916, 'rank': 4, 'fitness': 0.8497147091319264, 'generation': 201}","{'id': 10916, 'rank': 5, 'fitness': 0.8497147091319264, 'generation': 201}","{'id': 10916, 'rank': 6, 'fitness': 0.8497147091319264, 'generation': 201}","{'id': 10919, 'rank': 7, 'fitness': 0.7711482057741558, 'generation': 201}","{'id': 10885, 'rank': 8, 'fitness': 0.6748713204067144, 'generation': 201}","{'id': 10885, 'rank': 9, 'fitness': 0.6748713204067144, 'generation': 201}","{'id': 11011, 'rank': 10, 'fitness': 0.666833114554669, 'generation': 201}","{'id': 10944, 'rank': 11, 'fitness': 0.6138166562552365, 'generation': 201}","{'id': 11032, 'rank': 12, 'fitness': 0.5641804207168226, 'generation': 201}","{'id': 11000, 'rank': 13, 'fitness': 0.43593391593231307, 'generation': 201}","{'id': 11066, 'rank': 14, 'fitness': 0.39436090705360977, 'generation': 201}","{'id': 10963, 'rank': 15, 'fitness': 0.3585640200825524, 'generation': 201}","{'id': 11013, 'rank': 16, 'fitness': 0.2998318262457729, 'generation': 201}","{'id': 11013, 'rank': 17, 'fitness': 0.2998318262457729, 'generation': 201}","{'id': 11038, 'rank': 18, 'fitness': 0.10604075400416701, 'generation': 201}","{'id': 11038, 'rank': 19, 'fitness': 0.10604075400416701, 'generation': 201}","{'id': 11023, 'rank': 20, 'fitness': 0.09737789735208335, 'generation': 201}","{'id': 11048, 'rank': 21, 'fitness': 0.08083651930699809, 'generation': 201}","{'id': 11040, 'rank': 22, 'fitness': 0.06385772145232316, 'generation': 201}","{'id': 11040, 'rank': 23, 'fitness': 0.06385772145232316, 'generation': 201}","{'id': 11033, 'rank': 24, 'fitness': 0.050676313154229824, 'generation': 201}","{'id': 11034, 'rank': 25, 'fitness': 0.050250251002651625, 'generation': 201}","{'id': 11063, 'rank': 26, 'fitness': 0.027302922791729578, 'generation': 201}","{'id': 11052, 'rank': 27, 'fitness': 0.026017174286295575, 'generation': 201}","{'id': 11043, 'rank': 28, 'fitness': 0.019293465984785985, 'generation': 201}","{'id': 11043, 'rank': 29, 'fitness': 0.019293465984785985, 'generation': 201}","{'id': 11016, 'rank': 30, 'fitness': 0.01798620996209155, 'generation': 201}"
"{'id': 11067, 'rank': 1, 'fitness': 0.9820137900379085, 'generation': 202}","{'id': 11097, 'rank': 2, 'fitness': 0.9459516527152698, 'generation': 202}","{'id': 11069, 'rank': 3, 'fitness': 0.9052715120746118, 'generation': 202}","{'id': 11114, 'rank': 4, 'fitness': 0.8617572429755691, 'generation': 202}","{'id': 10916, 'rank': 5, 'fitness': 0.8470848183718311, 'generation': 202}","{'id': 10916, 'rank': 6, 'fitness': 0.8470848183718311, 'generation': 202}","{'id': 11094, 'rank': 7, 'fitness': 0.6888757100176872, 'generation': 202}","{'id': 11094, 'rank': 8, 'fitness': 0.6888757100176872, 'generation': 202}","{'id': 10885, 'rank': 9, 'fitness': 0.6683689630873251, 'generation': 202}","{'id': 10885, 'rank': 10, 'fitness': 0.6683689630873251, 'generation': 202}","{'id': 11011, 'rank': 11, 'fitness': 0.6601772876715449, 'generation': 202}","{'id': 11011, 'rank': 12, 'fitness': 0.6601772876715449, 'generation': 202}","{'id': 11087, 'rank': 13, 'fitness': 0.6594149350720635, 'generation': 202}","{'id': 10944, 'rank': 14, 'fitness': 0.6062302540558296, 'generation': 202}","{'id': 11096, 'rank': 15, 'fitness': 0.4847748171276495, 'generation': 202}","{'id': 11083, 'rank': 16, 'fitness': 0.4839746843092406, 'generation': 202}","{'id': 11071, 'rank': 17, 'fitness': 0.3691509060291792, 'generation': 202}","{'id': 11013, 'rank': 18, 'fitness': 0.2907353612189474, 'generation': 202}","{'id': 11013, 'rank': 19, 'fitness': 0.2907353612189474, 'generation': 202}","{'id': 11013, 'rank': 20, 'fitness': 0.2907353612189474, 'generation': 202}","{'id': 11068, 'rank': 21, 'fitness': 0.19040224315554893, 'generation': 202}","{'id': 11068, 'rank': 22, 'fitness': 0.19040224315554893, 'generation': 202}","{'id': 11099, 'rank': 23, 'fitness': 0.15556085256953567, 'generation': 202}","{'id': 11116, 'rank': 24, 'fitness': 0.1499186102064468, 'generation': 202}","{'id': 11079, 'rank': 25, 'fitness': 0.10893805927157235, 'generation': 202}","{'id': 11108, 'rank': 26, 'fitness': 0.10516684270308474, 'generation': 202}","{'id': 11082, 'rank': 27, 'fitness': 0.07234736703360733, 'generation': 202}","{'id': 11111, 'rank': 28, 'fitness': 0.06463921006687617, 'generation': 202}","{'id': 11090, 'rank': 29, 'fitness': 0.046574997204385016, 'generation': 202}","{'id': 11043, 'rank': 30, 'fitness': 0.01798620996209155, 'generation': 202}"
"{'id': 11067, 'rank': 1, 'fitness': 0.9820137900379085, 'generation': 203}","{'id': 11067, 'rank': 2, 'fitness': 0.9820137900379085, 'generation': 203}","{'id': 11067, 'rank': 3, 'fitness': 0.9820137900379085, 'generation': 203}","{'id': 11097, 'rank': 4, 'fitness': 0.9460258738605695, 'generation': 203}","{'id': 11069, 'rank': 5, 'fitness': 0.9054621656526535, 'generation': 203}","{'id': 11069, 'rank': 6, 'fitness': 0.9054621656526535, 'generation': 203}","{'id': 11138, 'rank': 7, 'fitness': 0.8881227809769963, 'generation': 203}","{'id': 11138, 'rank': 8, 'fitness': 0.8881227809769963, 'generation': 203}","{'id': 10916, 'rank': 9, 'fitness': 0.8474628632515406, 'generation': 203}","{'id': 11168, 'rank': 10, 'fitness': 0.8071420933985345, 'generation': 203}","{'id': 11127, 'rank': 11, 'fitness': 0.7868106167639061, 'generation': 203}","{'id': 11150, 'rank': 12, 'fitness': 0.7497248667901331, 'generation': 203}","{'id': 11094, 'rank': 13, 'fitness': 0.6897521438194273, 'generation': 203}","{'id': 11094, 'rank': 14, 'fitness': 0.6897521438194273, 'generation': 203}","{'id': 10885, 'rank': 15, 'fitness': 0.6693020108451645, 'generation': 203}","{'id': 10944, 'rank': 16, 'fitness': 0.6073174057770981, 'generation': 203}","{'id': 11123, 'rank': 17, 'fitness': 0.39270420656254995, 'generation': 203}","{'id': 11166, 'rank': 18, 'fitness': 0.3922557526979812, 'generation': 203}","{'id': 11013, 'rank': 19, 'fitness': 0.29202502782607154, 'generation': 203}","{'id': 11141, 'rank': 20, 'fitness': 0.2606198076856572, 'generation': 203}","{'id': 11068, 'rank': 21, 'fitness': 0.1914767262795371, 'generation': 203}","{'id': 11099, 'rank': 22, 'fitness': 0.15651788562802416, 'generation': 203}","{'id': 11099, 'rank': 23, 'fitness': 0.15651788562802416, 'generation': 203}","{'id': 11153, 'rank': 24, 'fitness': 0.1270201541236068, 'generation': 203}","{'id': 11146, 'rank': 25, 'fitness': 0.11001448520434248, 'generation': 203}","{'id': 11146, 'rank': 26, 'fitness': 0.11001448520434248, 'generation': 203}","{'id': 11143, 'rank': 27, 'fitness': 0.08102421893881984, 'generation': 203}","{'id': 11134, 'rank': 28, 'fitness': 0.06032730977863976, 'generation': 203}","{'id': 11121, 'rank': 29, 'fitness': 0.02458183080207571, 'generation': 203}","{'id': 11142, 'rank': 30, 'fitness': 0.01798620996209155, 'generation': 203}"
"{'id': 11067, 'rank': 1, 'fitness': 0.9820137900379085, 'generation': 204}","{'id': 11069, 'rank': 2, 'fitness': 0.8993858453063931, 'generation': 204}","{'id': 11206, 'rank': 3, 'fitness': 0.8379503972943192, 'generation': 204}","{'id': 11206, 'rank': 4, 'fitness': 0.8379503972943192, 'generation': 204}","{'id': 11168, 'rank': 5, 'fitness': 0.7907889173706655, 'generation': 204}","{'id': 11192, 'rank': 6, 'fitness': 0.734636572146559, 'generation': 204}","{'id': 11192, 'rank': 7, 'fitness': 0.734636572146559, 'generation': 204}","{'id': 11094, 'rank': 8, 'fitness': 0.661954278028744, 'generation': 204}","{'id': 11094, 'rank': 9, 'fitness': 0.661954278028744, 'generation': 204}","{'id': 11199, 'rank': 10, 'fitness': 0.575982673904737, 'generation': 204}","{'id': 11199, 'rank': 11, 'fitness': 0.575982673904737, 'generation': 204}","{'id': 11193, 'rank': 12, 'fitness': 0.5597386181608246, 'generation': 204}","{'id': 11231, 'rank': 13, 'fitness': 0.42213365649753587, 'generation': 204}","{'id': 11231, 'rank': 14, 'fitness': 0.42213365649753587, 'generation': 204}","{'id': 11224, 'rank': 15, 'fitness': 0.40084579743352045, 'generation': 204}","{'id': 11229, 'rank': 16, 'fitness': 0.3779437384746944, 'generation': 204}","{'id': 11212, 'rank': 17, 'fitness': 0.29502484772654536, 'generation': 204}","{'id': 11214, 'rank': 18, 'fitness': 0.23095031044597675, 'generation': 204}","{'id': 11176, 'rank': 19, 'fitness': 0.22859053846171767, 'generation': 204}","{'id': 11141, 'rank': 20, 'fitness': 0.22396065201600185, 'generation': 204}","{'id': 11068, 'rank': 21, 'fitness': 0.16027302705816782, 'generation': 204}","{'id': 11068, 'rank': 22, 'fitness': 0.16027302705816782, 'generation': 204}","{'id': 11184, 'rank': 23, 'fitness': 0.09372616957431101, 'generation': 204}","{'id': 11146, 'rank': 24, 'fitness': 0.08849658707143043, 'generation': 204}","{'id': 11211, 'rank': 25, 'fitness': 0.08812143749788126, 'generation': 204}","{'id': 11207, 'rank': 26, 'fitness': 0.08070025196440672, 'generation': 204}","{'id': 11201, 'rank': 27, 'fitness': 0.06652196812727079, 'generation': 204}","{'id': 11134, 'rank': 28, 'fitness': 0.046830112636542354, 'generation': 204}","{'id': 11230, 'rank': 29, 'fitness': 0.029753171621070718, 'generation': 204}","{'id': 11183, 'rank': 30, 'fitness': 0.01798620996209155, 'generation': 204}"
"{'id': 11067, 'rank': 1, 'fitness': 0.9820137900379085, 'generation': 205}","{'id': 11235, 'rank': 2, 'fitness': 0.9155195447785389, 'generation': 205}","{'id': 11235, 'rank': 3, 'fitness': 0.9155195447785389, 'generation': 205}","{'id': 11235, 'rank': 4, 'fitness': 0.9155195447785389, 'generation': 205}","{'id': 11168, 'rank': 5, 'fitness': 0.7714450729943313, 'generation': 205}","{'id': 11192, 'rank': 6, 'fitness': 0.7092771504289407, 'generation': 205}","{'id': 11199, 'rank': 7, 'fitness': 0.5373607479296566, 'generation': 205}","{'id': 11271, 'rank': 8, 'fitness': 0.535740992204257, 'generation': 205}","{'id': 11193, 'rank': 9, 'fitness': 0.5201674817853649, 'generation': 205}","{'id': 11281, 'rank': 10, 'fitness': 0.49463720036291375, 'generation': 205}","{'id': 11282, 'rank': 11, 'fitness': 0.40562378321970916, 'generation': 205}","{'id': 11231, 'rank': 12, 'fitness': 0.37826986557985764, 'generation': 205}","{'id': 11229, 'rank': 13, 'fitness': 0.3342613319943795, 'generation': 205}","{'id': 11229, 'rank': 14, 'fitness': 0.3342613319943795, 'generation': 205}","{'id': 11229, 'rank': 15, 'fitness': 0.3342613319943795, 'generation': 205}","{'id': 11212, 'rank': 16, 'fitness': 0.2539611917001106, 'generation': 205}","{'id': 11212, 'rank': 17, 'fitness': 0.2539611917001106, 'generation': 205}","{'id': 11280, 'rank': 18, 'fitness': 0.2478109434373536, 'generation': 205}","{'id': 11276, 'rank': 19, 'fitness': 0.24153614360942388, 'generation': 205}","{'id': 11278, 'rank': 20, 'fitness': 0.2094357431917519, 'generation': 205}","{'id': 11141, 'rank': 21, 'fitness': 0.18770683437925634, 'generation': 205}","{'id': 11246, 'rank': 22, 'fitness': 0.16007821035775172, 'generation': 205}","{'id': 11274, 'rank': 23, 'fitness': 0.13188579150216817, 'generation': 205}","{'id': 11267, 'rank': 24, 'fitness': 0.12784114432842458, 'generation': 205}","{'id': 11211, 'rank': 25, 'fitness': 0.0687906150353107, 'generation': 205}","{'id': 11234, 'rank': 26, 'fitness': 0.057837717050267134, 'generation': 205}","{'id': 11254, 'rank': 27, 'fitness': 0.05107922621381056, 'generation': 205}","{'id': 11259, 'rank': 28, 'fitness': 0.02231563983385937, 'generation': 205}","{'id': 11230, 'rank': 29, 'fitness': 0.021840674499916835, 'generation': 205}","{'id': 11242, 'rank': 30, 'fitness': 0.01798620996209155, 'generation': 205}"
"{'id': 11235, 'rank': 1, 'fitness': 0.9820137900379085, 'generation': 206}","{'id': 11235, 'rank': 2, 'fitness': 0.9820137900379085, 'generation': 206}","{'id': 11235, 'rank': 3, 'fitness': 0.9820137900379085, 'generation': 206}","{'id': 11316, 'rank': 4, 'fitness': 0.9603999146205251, 'generation': 206}","{'id': 11320, 'rank': 5, 'fitness': 0.9235331658406146, 'generation': 206}","{'id': 11199, 'rank': 6, 'fitness': 0.8337331840242732, 'generation': 206}","{'id': 11199, 'rank': 7, 'fitness': 0.8337331840242732, 'generation': 206}","{'id': 11271, 'rank': 8, 'fitness': 0.832765536094693, 'generation': 206}","{'id': 11281, 'rank': 9, 'fitness': 0.8067935814044532, 'generation': 206}","{'id': 11318, 'rank': 10, 'fitness': 0.7247809067196076, 'generation': 206}","{'id': 11231, 'rank': 11, 'fitness': 0.7152427613430006, 'generation': 206}","{'id': 11229, 'rank': 12, 'fitness': 0.6716433201387759, 'generation': 206}","{'id': 11313, 'rank': 13, 'fitness': 0.6599580483581529, 'generation': 206}","{'id': 11315, 'rank': 14, 'fitness': 0.5630926798484562, 'generation': 206}","{'id': 11276, 'rank': 15, 'fitness': 0.5569617726262905, 'generation': 206}","{'id': 11276, 'rank': 16, 'fitness': 0.5569617726262905, 'generation': 206}","{'id': 11278, 'rank': 17, 'fitness': 0.508014096940152, 'generation': 206}","{'id': 11304, 'rank': 18, 'fitness': 0.46528367477034327, 'generation': 206}","{'id': 11246, 'rank': 19, 'fitness': 0.42066852096652046, 'generation': 206}","{'id': 11327, 'rank': 20, 'fitness': 0.4028307728787745, 'generation': 206}","{'id': 11324, 'rank': 21, 'fitness': 0.40238247075080313, 'generation': 206}","{'id': 11324, 'rank': 22, 'fitness': 0.40238247075080313, 'generation': 206}","{'id': 11324, 'rank': 23, 'fitness': 0.40238247075080313, 'generation': 206}","{'id': 11324, 'rank': 24, 'fitness': 0.40238247075080313, 'generation': 206}","{'id': 11319, 'rank': 25, 'fitness': 0.3506587190658471, 'generation': 206}","{'id': 11288, 'rank': 26, 'fitness': 0.3503661338468551, 'generation': 206}","{'id': 11234, 'rank': 27, 'fitness': 0.1778093997869693, 'generation': 206}","{'id': 11305, 'rank': 28, 'fitness': 0.09069060818864766, 'generation': 206}","{'id': 11328, 'rank': 29, 'fitness': 0.061435417083173516, 'generation': 206}","{'id': 11292, 'rank': 30, 'fitness': 0.01798620996209155, 'generation': 206}"
"{'id': 11235, 'rank': 1, 'fitness': 0.9820137900379085, 'generation': 207}","{'id': 11235, 'rank': 2, 'fitness': 0.9820137900379085, 'generation': 207}","{'id': 11235, 'rank': 3, 'fitness': 0.9820137900379085, 'generation': 207}","{'id': 11235, 'rank': 4, 'fitness': 0.9820137900379085, 'generation': 207}","{'id': 11235, 'rank': 5, 'fitness': 0.9820137900379085, 'generation': 207}","{'id': 11271, 'rank': 6, 'fitness': 0.8356212578585481, 'generation': 207}","{'id': 11281, 'rank': 7, 'fitness': 0.8102251153241693, 'generation': 207}","{'id': 11339, 'rank': 8, 'fitness': 0.7297830063776468, 'generation': 207}","{'id': 11313, 'rank': 9, 'fitness': 0.6663846651953038, 'generation': 207}","{'id': 11355, 'rank': 10, 'fitness': 0.62978437625135, 'generation': 207}","{'id': 11329, 'rank': 11, 'fitness': 0.4156247103945743, 'generation': 207}","{'id': 11327, 'rank': 12, 'fitness': 0.41197640297180843, 'generation': 207}","{'id': 11327, 'rank': 13, 'fitness': 0.41197640297180843, 'generation': 207}","{'id': 11324, 'rank': 14, 'fitness': 0.4115288287459238, 'generation': 207}","{'id': 11324, 'rank': 15, 'fitness': 0.4115288287459238, 'generation': 207}","{'id': 11324, 'rank': 16, 'fitness': 0.4115288287459238, 'generation': 207}","{'id': 11335, 'rank': 17, 'fitness': 0.3754988632979791, 'generation': 207}","{'id': 11382, 'rank': 18, 'fitness': 0.36789715347898094, 'generation': 207}","{'id': 11382, 'rank': 19, 'fitness': 0.36789715347898094, 'generation': 207}","{'id': 11319, 'rank': 20, 'fitness': 0.35977428885685103, 'generation': 207}","{'id': 11341, 'rank': 21, 'fitness': 0.2208401167784605, 'generation': 207}","{'id': 11350, 'rank': 22, 'fitness': 0.20805295770086402, 'generation': 207}","{'id': 11352, 'rank': 23, 'fitness': 0.1944759602012281, 'generation': 207}","{'id': 11352, 'rank': 24, 'fitness': 0.1944759602012281, 'generation': 207}","{'id': 11360, 'rank': 25, 'fitness': 0.1741176796308022, 'generation': 207}","{'id': 11370, 'rank': 26, 'fitness': 0.1734542878612515, 'generation': 207}","{'id': 11370, 'rank': 27, 'fitness': 0.1734542878612515, 'generation': 207}","{'id': 11359, 'rank': 28, 'fitness': 0.12769360527723078, 'generation': 207}","{'id': 11359, 'rank': 29, 'fitness': 0.12769360527723078, 'generation': 207}","{'id': 11332, 'rank': 30, 'fitness': 0.01798620996209155, 'generation': 207}"
"{'id': 11235, 'rank': 1, 'fitness': 0.9820137900379085, 'generation': 208}","{'id': 11417, 'rank': 2, 'fitness': 0.9405685786343483, 'generation': 208}","{'id': 11390, 'rank': 3, 'fitness': 0.8374232166420048, 'generation': 208}","{'id': 11422, 'rank': 4, 'fitness': 0.8143245429438553, 'generation': 208}","{'id': 11281, 'rank': 5, 'fitness': 0.8102251153241693, 'generation': 208}","{'id': 11281, 'rank': 6, 'fitness': 0.8102251153241693, 'generation': 208}","{'id': 11281, 'rank': 7, 'fitness': 0.8102251153241693, 'generation': 208}","{'id': 11427, 'rank': 8, 'fitness': 0.7761492077126126, 'generation': 208}","{'id': 11339, 'rank': 9, 'fitness': 0.7297830063776468, 'generation': 208}","{'id': 11418, 'rank': 10, 'fitness': 0.6656643131036554, 'generation': 208}","{'id': 11414, 'rank': 11, 'fitness': 0.6507707755410637, 'generation': 208}","{'id': 11414, 'rank': 12, 'fitness': 0.6507707755410637, 'generation': 208}","{'id': 11355, 'rank': 13, 'fitness': 0.62978437625135, 'generation': 208}","{'id': 11355, 'rank': 14, 'fitness': 0.62978437625135, 'generation': 208}","{'id': 11437, 'rank': 15, 'fitness': 0.6269682613155567, 'generation': 208}","{'id': 11437, 'rank': 16, 'fitness': 0.6269682613155567, 'generation': 208}","{'id': 11327, 'rank': 17, 'fitness': 0.41197640297180843, 'generation': 208}","{'id': 11324, 'rank': 18, 'fitness': 0.4115288287459238, 'generation': 208}","{'id': 11335, 'rank': 19, 'fitness': 0.3754988632979791, 'generation': 208}","{'id': 11382, 'rank': 20, 'fitness': 0.36789715347898094, 'generation': 208}","{'id': 11341, 'rank': 21, 'fitness': 0.2208401167784605, 'generation': 208}","{'id': 11350, 'rank': 22, 'fitness': 0.20805295770086402, 'generation': 208}","{'id': 11370, 'rank': 23, 'fitness': 0.1734542878612515, 'generation': 208}","{'id': 11398, 'rank': 24, 'fitness': 0.09035531268545571, 'generation': 208}","{'id': 11419, 'rank': 25, 'fitness': 0.08730165286159974, 'generation': 208}","{'id': 11402, 'rank': 26, 'fitness': 0.0550238706200763, 'generation': 208}","{'id': 11393, 'rank': 27, 'fitness': 0.05488003432707056, 'generation': 208}","{'id': 11411, 'rank': 28, 'fitness': 0.03363984457893299, 'generation': 208}","{'id': 11392, 'rank': 29, 'fitness': 0.029919955837358736, 'generation': 208}","{'id': 11332, 'rank': 30, 'fitness': 0.01798620996209155, 'generation': 208}"
"{'id': 11468, 'rank': 1, 'fitness': 0.9820137900379085, 'generation': 209}","{'id': 11442, 'rank': 2, 'fitness': 0.9791353328245791, 'generation': 209}","{'id': 11441, 'rank': 3, 'fitness': 0.9789405027292829, 'generation': 209}","{'id': 11440, 'rank': 4, 'fitness': 0.9765143511276545, 'generation': 209}","{'id': 11422, 'rank': 5, 'fitness': 0.9649121130119629, 'generation': 209}","{'id': 11427, 'rank': 6, 'fitness': 0.952648850358329, 'generation': 209}","{'id': 11418, 'rank': 7, 'fitness': 0.9058434858483162, 'generation': 209}","{'id': 11418, 'rank': 8, 'fitness': 0.9058434858483162, 'generation': 209}","{'id': 11414, 'rank': 9, 'fitness': 0.8980599463300707, 'generation': 209}","{'id': 11414, 'rank': 10, 'fitness': 0.8980599463300707, 'generation': 209}","{'id': 11437, 'rank': 11, 'fitness': 0.8847913888231516, 'generation': 209}","{'id': 11490, 'rank': 12, 'fitness': 0.7443710574183875, 'generation': 209}","{'id': 11335, 'rank': 13, 'fitness': 0.6618455017744939, 'generation': 209}","{'id': 11382, 'rank': 14, 'fitness': 0.652089971367112, 'generation': 209}","{'id': 11382, 'rank': 15, 'fitness': 0.652089971367112, 'generation': 209}","{'id': 11483, 'rank': 16, 'fitness': 0.5979292708560164, 'generation': 209}","{'id': 11493, 'rank': 17, 'fitness': 0.4617005298207129, 'generation': 209}","{'id': 11341, 'rank': 18, 'fitness': 0.41856033725299735, 'generation': 209}","{'id': 11341, 'rank': 19, 'fitness': 0.41856033725299735, 'generation': 209}","{'id': 11350, 'rank': 20, 'fitness': 0.39420734003563873, 'generation': 209}","{'id': 11457, 'rank': 21, 'fitness': 0.23898170064298213, 'generation': 209}","{'id': 11467, 'rank': 22, 'fitness': 0.22619961302306413, 'generation': 209}","{'id': 11451, 'rank': 23, 'fitness': 0.1842448785252221, 'generation': 209}","{'id': 11398, 'rank': 24, 'fitness': 0.1514650038904396, 'generation': 209}","{'id': 11465, 'rank': 25, 'fitness': 0.13524693046294495, 'generation': 209}","{'id': 11443, 'rank': 26, 'fitness': 0.13098106626395573, 'generation': 209}","{'id': 11488, 'rank': 27, 'fitness': 0.07534759683745945, 'generation': 209}","{'id': 11464, 'rank': 28, 'fitness': 0.04194293462852661, 'generation': 209}","{'id': 11489, 'rank': 29, 'fitness': 0.03799688747249308, 'generation': 209}","{'id': 11480, 'rank': 30, 'fitness': 0.01798620996209155, 'generation': 209}"
"{'id': 11505, 'rank': 1, 'fitness': 0.9820137900379085, 'generation': 210}","{'id': 11516, 'rank': 2, 'fitness': 0.9675957963199205, 'generation': 210}","{'id': 11516, 'rank': 3, 'fitness': 0.9675957963199205, 'generation': 210}","{'id': 11538, 'rank': 4, 'fitness': 0.9296648378401279, 'generation': 210}","{'id': 11498, 'rank': 5, 'fitness': 0.9082081622302508, 'generation': 210}","{'id': 11511, 'rank': 6, 'fitness': 0.8765160305590347, 'generation': 210}","{'id': 11442, 'rank': 7, 'fitness': 0.7285668402884742, 'generation': 210}","{'id': 11442, 'rank': 8, 'fitness': 0.7285668402884742, 'generation': 210}","{'id': 11531, 'rank': 9, 'fitness': 0.5789422458307886, 'generation': 210}","{'id': 11551, 'rank': 10, 'fitness': 0.5503528496246017, 'generation': 210}","{'id': 11418, 'rank': 11, 'fitness': 0.48644006196935125, 'generation': 210}","{'id': 11414, 'rank': 12, 'fitness': 0.4719963725377451, 'generation': 210}","{'id': 11533, 'rank': 13, 'fitness': 0.45512662115289226, 'generation': 210}","{'id': 11528, 'rank': 14, 'fitness': 0.3891121899380227, 'generation': 210}","{'id': 11335, 'rank': 15, 'fitness': 0.24956871803262637, 'generation': 210}","{'id': 11382, 'rank': 16, 'fitness': 0.24427767150141555, 'generation': 210}","{'id': 11552, 'rank': 17, 'fitness': 0.23066985653948358, 'generation': 210}","{'id': 11483, 'rank': 18, 'fitness': 0.2173013930904928, 'generation': 210}","{'id': 11483, 'rank': 19, 'fitness': 0.2173013930904928, 'generation': 210}","{'id': 11350, 'rank': 20, 'fitness': 0.13886857448484796, 'generation': 210}","{'id': 11524, 'rank': 21, 'fitness': 0.13325755462949385, 'generation': 210}","{'id': 11536, 'rank': 22, 'fitness': 0.09290742211448849, 'generation': 210}","{'id': 11518, 'rank': 23, 'fitness': 0.09119816945544407, 'generation': 210}","{'id': 11554, 'rank': 24, 'fitness': 0.09031283528881107, 'generation': 210}","{'id': 11503, 'rank': 25, 'fitness': 0.07139968582581901, 'generation': 210}","{'id': 11503, 'rank': 26, 'fitness': 0.07139968582581901, 'generation': 210}","{'id': 11443, 'rank': 27, 'fitness': 0.05807935177229784, 'generation': 210}","{'id': 11548, 'rank': 28, 'fitness': 0.03447062599364559, 'generation': 210}","{'id': 11464, 'rank': 29, 'fitness': 0.0266303227630158, 'generation': 210}","{'id': 11510, 'rank': 30, 'fitness': 0.01798620996209155, 'generation': 210}"
"{'id': 11516, 'rank': 1, 'fitness': 0.9820137900379085, 'generation': 211}","{'id': 11573, 'rank': 2, 'fitness': 0.9651279266926255, 'generation': 211}","{'id': 11572, 'rank': 3, 'fitness': 0.9196677913636324, 'generation': 211}","{'id': 11603, 'rank': 4, 'fitness': 0.9160459512333613, 'generation': 211}","{'id': 11603, 'rank': 5, 'fitness': 0.9160459512333613, 'generation': 211}","{'id': 11603, 'rank': 6, 'fitness': 0.9160459512333613, 'generation': 211}","{'id': 11511, 'rank': 7, 'fitness': 0.9137363453460918, 'generation': 211}","{'id': 11599, 'rank': 8, 'fitness': 0.7962906905199842, 'generation': 211}","{'id': 11584, 'rank': 9, 'fitness': 0.6560786837517829, 'generation': 211}","{'id': 11584, 'rank': 10, 'fitness': 0.6560786837517829, 'generation': 211}","{'id': 11574, 'rank': 11, 'fitness': 0.5905864667209338, 'generation': 211}","{'id': 11418, 'rank': 12, 'fitness': 0.5152932851956299, 'generation': 211}","{'id': 11414, 'rank': 13, 'fitness': 0.49878197439155064, 'generation': 211}","{'id': 11558, 'rank': 14, 'fitness': 0.4193336167184565, 'generation': 211}","{'id': 11528, 'rank': 15, 'fitness': 0.403304048707568, 'generation': 211}","{'id': 11583, 'rank': 16, 'fitness': 0.35462892779389077, 'generation': 211}","{'id': 11579, 'rank': 17, 'fitness': 0.26107718699299914, 'generation': 211}","{'id': 11557, 'rank': 18, 'fitness': 0.23990395817820798, 'generation': 211}","{'id': 11557, 'rank': 19, 'fitness': 0.23990395817820798, 'generation': 211}","{'id': 11552, 'rank': 20, 'fitness': 0.22239452166176427, 'generation': 211}","{'id': 11596, 'rank': 21, 'fitness': 0.20650194913622522, 'generation': 211}","{'id': 11597, 'rank': 22, 'fitness': 0.13166411596096717, 'generation': 211}","{'id': 11570, 'rank': 23, 'fitness': 0.08121053473137052, 'generation': 211}","{'id': 11565, 'rank': 24, 'fitness': 0.06388115820937806, 'generation': 211}","{'id': 11598, 'rank': 25, 'fitness': 0.06300839617274595, 'generation': 211}","{'id': 11593, 'rank': 26, 'fitness': 0.06252283074376902, 'generation': 211}","{'id': 11593, 'rank': 27, 'fitness': 0.06252283074376902, 'generation': 211}","{'id': 11464, 'rank': 28, 'fitness': 0.01826122185332718, 'generation': 211}","{'id': 11464, 'rank': 29, 'fitness': 0.01826122185332718, 'generation': 211}","{'id': 11568, 'rank': 30, 'fitness': 0.01798620996209155, 'generation': 211}"
"{'id': 11573, 'rank': 1, 'fitness': 0.9820137900379085, 'generation': 212}","{'id': 11652, 'rank': 2, 'fitness': 0.9753139144523802, 'generation': 212}","{'id': 11652, 'rank': 3, 'fitness': 0.9753139144523802, 'generation': 212}","{'id': 11626, 'rank': 4, 'fitness': 0.9598294473717462, 'generation': 212}","{'id': 11572, 'rank': 5, 'fitness': 0.9486608800253346, 'generation': 212}","{'id': 11603, 'rank': 6, 'fitness': 0.9457118258642596, 'generation': 212}","{'id': 11603, 'rank': 7, 'fitness': 0.9457118258642596, 'generation': 212}","{'id': 11603, 'rank': 8, 'fitness': 0.9457118258642596, 'generation': 212}","{'id': 11603, 'rank': 9, 'fitness': 0.9457118258642596, 'generation': 212}","{'id': 11603, 'rank': 10, 'fitness': 0.9457118258642596, 'generation': 212}","{'id': 11511, 'rank': 11, 'fitness': 0.9438120655153174, 'generation': 212}","{'id': 11632, 'rank': 12, 'fitness': 0.7162095856625977, 'generation': 212}","{'id': 11584, 'rank': 13, 'fitness': 0.6720033100666434, 'generation': 212}","{'id': 11631, 'rank': 14, 'fitness': 0.6196385601889614, 'generation': 212}","{'id': 11657, 'rank': 15, 'fitness': 0.5585736375300625, 'generation': 212}","{'id': 11418, 'rank': 16, 'fitness': 0.49991786038701863, 'generation': 212}","{'id': 11418, 'rank': 17, 'fitness': 0.49991786038701863, 'generation': 212}","{'id': 11654, 'rank': 18, 'fitness': 0.35895692046315597, 'generation': 212}","{'id': 11661, 'rank': 19, 'fitness': 0.3094249171088206, 'generation': 212}","{'id': 11612, 'rank': 20, 'fitness': 0.28847436630533846, 'generation': 212}","{'id': 11617, 'rank': 21, 'fitness': 0.2125652257392585, 'generation': 212}","{'id': 11656, 'rank': 22, 'fitness': 0.2014419407680892, 'generation': 212}","{'id': 11638, 'rank': 23, 'fitness': 0.1538557271310369, 'generation': 212}","{'id': 11596, 'rank': 24, 'fitness': 0.1508964513555755, 'generation': 212}","{'id': 11623, 'rank': 25, 'fitness': 0.10995417952513031, 'generation': 212}","{'id': 11597, 'rank': 26, 'fitness': 0.08389469403791017, 'generation': 212}","{'id': 11570, 'rank': 27, 'fitness': 0.04509062128724789, 'generation': 212}","{'id': 11665, 'rank': 28, 'fitness': 0.04243137045638268, 'generation': 212}","{'id': 11642, 'rank': 29, 'fitness': 0.03879781361172979, 'generation': 212}","{'id': 11643, 'rank': 30, 'fitness': 0.01798620996209155, 'generation': 212}"
"{'id': 11573, 'rank': 1, 'fitness': 0.9820137900379085, 'generation': 213}","{'id': 11573, 'rank': 2, 'fitness': 0.9820137900379085, 'generation': 213}","{'id': 11652, 'rank': 3, 'fitness': 0.976055826756254, 'generation': 213}","{'id': 11603, 'rank': 4, 'fitness': 0.9511110495261537, 'generation': 213}","{'id': 11603, 'rank': 5, 'fitness': 0.9511110495261537, 'generation': 213}","{'id': 11603, 'rank': 6, 'fitness': 0.9511110495261537, 'generation': 213}","{'id': 11511, 'rank': 7, 'fitness': 0.9495589769815829, 'generation': 213}","{'id': 11669, 'rank': 8, 'fitness': 0.881088701131599, 'generation': 213}","{'id': 11673, 'rank': 9, 'fitness': 0.8686770537645557, 'generation': 213}","{'id': 11673, 'rank': 10, 'fitness': 0.8686770537645557, 'generation': 213}","{'id': 11673, 'rank': 11, 'fitness': 0.8686770537645557, 'generation': 213}","{'id': 11708, 'rank': 12, 'fitness': 0.7747004214153355, 'generation': 213}","{'id': 11654, 'rank': 13, 'fitness': 0.4657798107298776, 'generation': 213}","{'id': 11699, 'rank': 14, 'fitness': 0.4426797264850044, 'generation': 213}","{'id': 11699, 'rank': 15, 'fitness': 0.4426797264850044, 'generation': 213}","{'id': 11699, 'rank': 16, 'fitness': 0.4426797264850044, 'generation': 213}","{'id': 11661, 'rank': 17, 'fitness': 0.41618412316507447, 'generation': 213}","{'id': 11612, 'rank': 18, 'fitness': 0.39441627816361613, 'generation': 213}","{'id': 11693, 'rank': 19, 'fitness': 0.3515155610182334, 'generation': 213}","{'id': 11656, 'rank': 20, 'fitness': 0.29788057779757643, 'generation': 213}","{'id': 11713, 'rank': 21, 'fitness': 0.20519685696368173, 'generation': 213}","{'id': 11720, 'rank': 22, 'fitness': 0.19644885646792243, 'generation': 213}","{'id': 11691, 'rank': 23, 'fitness': 0.18851246036705527, 'generation': 213}","{'id': 11674, 'rank': 24, 'fitness': 0.11859663008652505, 'generation': 213}","{'id': 11706, 'rank': 25, 'fitness': 0.060990879090216, 'generation': 213}","{'id': 11690, 'rank': 26, 'fitness': 0.04754388691612077, 'generation': 213}","{'id': 11722, 'rank': 27, 'fitness': 0.04091644415553669, 'generation': 213}","{'id': 11679, 'rank': 28, 'fitness': 0.020228610281186055, 'generation': 213}","{'id': 11677, 'rank': 29, 'fitness': 0.018951033702448272, 'generation': 213}","{'id': 11696, 'rank': 30, 'fitness': 0.01798620996209155, 'generation': 213}"
"{'id': 11603, 'rank': 1, 'fitness': 0.9820137900379085, 'generation': 214}","{'id': 11603, 'rank': 2, 'fitness': 0.9820137900379085, 'generation': 214}","{'id': 11603, 'rank': 3, 'fitness': 0.9820137900379085, 'generation': 214}","{'id': 11765, 'rank': 4, 'fitness': 0.9567264824168967, 'generation': 214}","{'id': 11765, 'rank': 5, 'fitness': 0.9567264824168967, 'generation': 214}","{'id': 11673, 'rank': 6, 'fitness': 0.9377091132904807, 'generation': 214}","{'id': 11673, 'rank': 7, 'fitness': 0.9377091132904807, 'generation': 214}","{'id': 11673, 'rank': 8, 'fitness': 0.9377091132904807, 'generation': 214}","{'id': 11777, 'rank': 9, 'fitness': 0.7316908590620168, 'generation': 214}","{'id': 11747, 'rank': 10, 'fitness': 0.7193724983184844, 'generation': 214}","{'id': 11758, 'rank': 11, 'fitness': 0.7025467923113313, 'generation': 214}","{'id': 11699, 'rank': 12, 'fitness': 0.5449218951143523, 'generation': 214}","{'id': 11693, 'rank': 13, 'fitness': 0.4313958357001648, 'generation': 214}","{'id': 11656, 'rank': 14, 'fitness': 0.36151498320889697, 'generation': 214}","{'id': 11731, 'rank': 15, 'fitness': 0.2931990109398277, 'generation': 214}","{'id': 11732, 'rank': 16, 'fitness': 0.2636657632966313, 'generation': 214}","{'id': 11732, 'rank': 17, 'fitness': 0.2636657632966313, 'generation': 214}","{'id': 11720, 'rank': 18, 'fitness': 0.22668451563351638, 'generation': 214}","{'id': 11691, 'rank': 19, 'fitness': 0.21617180356361487, 'generation': 214}","{'id': 11745, 'rank': 20, 'fitness': 0.19621123240349614, 'generation': 214}","{'id': 11764, 'rank': 21, 'fitness': 0.1517353846068223, 'generation': 214}","{'id': 11764, 'rank': 22, 'fitness': 0.1517353846068223, 'generation': 214}","{'id': 11770, 'rank': 23, 'fitness': 0.12526509006024666, 'generation': 214}","{'id': 11751, 'rank': 24, 'fitness': 0.07011040662003354, 'generation': 214}","{'id': 11751, 'rank': 25, 'fitness': 0.07011040662003354, 'generation': 214}","{'id': 11746, 'rank': 26, 'fitness': 0.05690852047302053, 'generation': 214}","{'id': 11759, 'rank': 27, 'fitness': 0.04811291915385124, 'generation': 214}","{'id': 11690, 'rank': 28, 'fitness': 0.042104690778292986, 'generation': 214}","{'id': 11738, 'rank': 29, 'fitness': 0.03991817998208236, 'generation': 214}","{'id': 11739, 'rank': 30, 'fitness': 0.01798620996209155, 'generation': 214}"
"{'id': 11603, 'rank': 1, 'fitness': 0.9820137900379085, 'generation': 215}","{'id': 11822, 'rank': 2, 'fitness': 0.9797649587232532, 'generation': 215}","{'id': 11822, 'rank': 3, 'fitness': 0.9797649587232532, 'generation': 215}","{'id': 11822, 'rank': 4, 'fitness': 0.9797649587232532, 'generation': 215}","{'id': 11822, 'rank': 5, 'fitness': 0.9797649587232532, 'generation': 215}","{'id': 11823, 'rank': 6, 'fitness': 0.974148159484244, 'generation': 215}","{'id': 11823, 'rank': 7, 'fitness': 0.974148159484244, 'generation': 215}","{'id': 11765, 'rank': 8, 'fitness': 0.9537777531423197, 'generation': 215}","{'id': 11765, 'rank': 9, 'fitness': 0.9537777531423197, 'generation': 215}","{'id': 11673, 'rank': 10, 'fitness': 0.9317112871892838, 'generation': 215}","{'id': 11673, 'rank': 11, 'fitness': 0.9317112871892838, 'generation': 215}","{'id': 11787, 'rank': 12, 'fitness': 0.7832226950652065, 'generation': 215}","{'id': 11787, 'rank': 13, 'fitness': 0.7832226950652065, 'generation': 215}","{'id': 11793, 'rank': 14, 'fitness': 0.6887527633391995, 'generation': 215}","{'id': 11747, 'rank': 15, 'fitness': 0.6699311892771419, 'generation': 215}","{'id': 11786, 'rank': 16, 'fitness': 0.5868695979541982, 'generation': 215}","{'id': 11814, 'rank': 17, 'fitness': 0.4690397574663584, 'generation': 215}","{'id': 11824, 'rank': 18, 'fitness': 0.3851107399373814, 'generation': 215}","{'id': 11693, 'rank': 19, 'fitness': 0.35375537997580575, 'generation': 215}","{'id': 11802, 'rank': 20, 'fitness': 0.30536705945660725, 'generation': 215}","{'id': 11656, 'rank': 21, 'fitness': 0.28545804196561264, 'generation': 215}","{'id': 11732, 'rank': 22, 'fitness': 0.19611888275293188, 'generation': 215}","{'id': 11691, 'rank': 23, 'fitness': 0.15554233744418028, 'generation': 215}","{'id': 11764, 'rank': 24, 'fitness': 0.1036080761877416, 'generation': 215}","{'id': 11764, 'rank': 25, 'fitness': 0.1036080761877416, 'generation': 215}","{'id': 11764, 'rank': 26, 'fitness': 0.1036080761877416, 'generation': 215}","{'id': 11817, 'rank': 27, 'fitness': 0.09090903101059394, 'generation': 215}","{'id': 11789, 'rank': 28, 'fitness': 0.046142026362037625, 'generation': 215}","{'id': 11738, 'rank': 29, 'fitness': 0.02347016653426459, 'generation': 215}","{'id': 11801, 'rank': 30, 'fitness': 0.01798620996209155, 'generation': 215}"
"{'id': 11822, 'rank': 1, 'fitness': 0.9820137900379085, 'generation': 216}","{'id': 11822, 'rank': 2, 'fitness': 0.9820137900379085, 'generation': 216}","{'id': 11822, 'rank': 3, 'fitness': 0.9820137900379085, 'generation': 216}","{'id': 11823, 'rank': 4, 'fitness': 0.9781480339929349, 'generation': 216}","{'id': 11765, 'rank': 5, 'fitness': 0.9652519564606347, 'generation': 216}","{'id': 11765, 'rank': 6, 'fitness': 0.9652519564606347, 'generation': 216}","{'id': 11673, 'rank': 7, 'fitness': 0.9524165771031998, 'generation': 216}","{'id': 11868, 'rank': 8, 'fitness': 0.9188631711080926, 'generation': 216}","{'id': 11867, 'rank': 9, 'fitness': 0.8817797149908053, 'generation': 216}","{'id': 11867, 'rank': 10, 'fitness': 0.8817797149908053, 'generation': 216}","{'id': 11787, 'rank': 11, 'fitness': 0.8747719195616375, 'generation': 216}","{'id': 11786, 'rank': 12, 'fitness': 0.7692804810315146, 'generation': 216}","{'id': 11856, 'rank': 13, 'fitness': 0.6251200018542452, 'generation': 216}","{'id': 11845, 'rank': 14, 'fitness': 0.6178309660612444, 'generation': 216}","{'id': 11846, 'rank': 15, 'fitness': 0.6106869575367989, 'generation': 216}","{'id': 11656, 'rank': 16, 'fitness': 0.5496389676946539, 'generation': 216}","{'id': 11839, 'rank': 17, 'fitness': 0.5174950153487453, 'generation': 216}","{'id': 11841, 'rank': 18, 'fitness': 0.4401240314373973, 'generation': 216}","{'id': 11764, 'rank': 19, 'fitness': 0.3135978389192333, 'generation': 216}","{'id': 11859, 'rank': 20, 'fitness': 0.27093734263995684, 'generation': 216}","{'id': 11859, 'rank': 21, 'fitness': 0.27093734263995684, 'generation': 216}","{'id': 11789, 'rank': 22, 'fitness': 0.18642232019924154, 'generation': 216}","{'id': 11873, 'rank': 23, 'fitness': 0.14702780625991152, 'generation': 216}","{'id': 11853, 'rank': 24, 'fitness': 0.14112815410383378, 'generation': 216}","{'id': 11853, 'rank': 25, 'fitness': 0.14112815410383378, 'generation': 216}","{'id': 11834, 'rank': 26, 'fitness': 0.13554217377312128, 'generation': 216}","{'id': 11861, 'rank': 27, 'fitness': 0.07669225463864482, 'generation': 216}","{'id': 11875, 'rank': 28, 'fitness': 0.043054390827984124, 'generation': 216}","{'id': 11835, 'rank': 29, 'fitness': 0.03219853155427449, 'generation': 216}","{'id': 11842, 'rank': 30, 'fitness': 0.01798620996209155, 'generation': 216}"
"{'id': 11926, 'rank': 1, 'fitness': 0.9820137900379085, 'generation': 217}","{'id': 11822, 'rank': 2, 'fitness': 0.9119503473168983, 'generation': 217}","{'id': 11822, 'rank': 3, 'fitness': 0.9119503473168983, 'generation': 217}","{'id': 11887, 'rank': 4, 'fitness': 0.8731580484685706, 'generation': 217}","{'id': 11902, 'rank': 5, 'fitness': 0.8426897235189293, 'generation': 217}","{'id': 11673, 'rank': 6, 'fitness': 0.8316349695837724, 'generation': 217}","{'id': 11867, 'rank': 7, 'fitness': 0.7045172570029683, 'generation': 217}","{'id': 11786, 'rank': 8, 'fitness': 0.5682770461289315, 'generation': 217}","{'id': 11903, 'rank': 9, 'fitness': 0.547563623405318, 'generation': 217}","{'id': 11937, 'rank': 10, 'fitness': 0.513665896740757, 'generation': 217}","{'id': 11856, 'rank': 11, 'fitness': 0.4411621480619493, 'generation': 217}","{'id': 11856, 'rank': 12, 'fitness': 0.4411621480619493, 'generation': 217}","{'id': 11898, 'rank': 13, 'fitness': 0.31256724734243296, 'generation': 217}","{'id': 11764, 'rank': 14, 'fitness': 0.23294751895951243, 'generation': 217}","{'id': 11899, 'rank': 15, 'fitness': 0.21268974968695303, 'generation': 217}","{'id': 11933, 'rank': 16, 'fitness': 0.21131417850743794, 'generation': 217}","{'id': 11936, 'rank': 17, 'fitness': 0.20615386442949318, 'generation': 217}","{'id': 11892, 'rank': 18, 'fitness': 0.18208739131558827, 'generation': 217}","{'id': 11921, 'rank': 19, 'fitness': 0.1613603155937139, 'generation': 217}","{'id': 11789, 'rank': 20, 'fitness': 0.1543454278084705, 'generation': 217}","{'id': 11873, 'rank': 21, 'fitness': 0.1288719582129063, 'generation': 217}","{'id': 11873, 'rank': 22, 'fitness': 0.1288719582129063, 'generation': 217}","{'id': 11917, 'rank': 23, 'fitness': 0.11219371302639047, 'generation': 217}","{'id': 11905, 'rank': 24, 'fitness': 0.09021278204859429, 'generation': 217}","{'id': 11918, 'rank': 25, 'fitness': 0.0838259607683447, 'generation': 217}","{'id': 11918, 'rank': 26, 'fitness': 0.0838259607683447, 'generation': 217}","{'id': 11932, 'rank': 27, 'fitness': 0.06868714982805763, 'generation': 217}","{'id': 11904, 'rank': 28, 'fitness': 0.04154778207321491, 'generation': 217}","{'id': 11897, 'rank': 29, 'fitness': 0.03356152279223046, 'generation': 217}","{'id': 11895, 'rank': 30, 'fitness': 0.01798620996209155, 'generation': 217}"
"{'id': 11960, 'rank': 1, 'fitness': 0.9820137900379085, 'generation': 218}","{'id': 11960, 'rank': 2, 'fitness': 0.9820137900379085, 'generation': 218}","{'id': 11964, 'rank': 3, 'fitness': 0.9777507956536652, 'generation': 218}","{'id': 11963, 'rank': 4, 'fitness': 0.9691903776514754, 'generation': 218}","{'id': 11822, 'rank': 5, 'fitness': 0.9652196072636672, 'generation': 218}","{'id': 11822, 'rank': 6, 'fitness': 0.9652196072636672, 'generation': 218}","{'id': 11938, 'rank': 7, 'fitness': 0.95399994919954, 'generation': 218}","{'id': 11938, 'rank': 8, 'fitness': 0.95399994919954, 'generation': 218}","{'id': 11946, 'rank': 9, 'fitness': 0.9217377733978876, 'generation': 218}","{'id': 11902, 'rank': 10, 'fitness': 0.9192087835779712, 'generation': 218}","{'id': 11980, 'rank': 11, 'fitness': 0.9092189363288363, 'generation': 218}","{'id': 11979, 'rank': 12, 'fitness': 0.8590088978057905, 'generation': 218}","{'id': 11979, 'rank': 13, 'fitness': 0.8590088978057905, 'generation': 218}","{'id': 11950, 'rank': 14, 'fitness': 0.8581114165903692, 'generation': 218}","{'id': 11867, 'rank': 15, 'fitness': 0.7919789028191017, 'generation': 218}","{'id': 11948, 'rank': 16, 'fitness': 0.7260540130943572, 'generation': 218}","{'id': 11942, 'rank': 17, 'fitness': 0.6137989758869491, 'generation': 218}","{'id': 11903, 'rank': 18, 'fitness': 0.603449853980565, 'generation': 218}","{'id': 11983, 'rank': 19, 'fitness': 0.564129510039419, 'generation': 218}","{'id': 11937, 'rank': 20, 'fitness': 0.5586593805989075, 'generation': 218}","{'id': 11949, 'rank': 21, 'fitness': 0.23566125836669372, 'generation': 218}","{'id': 11921, 'rank': 22, 'fitness': 0.11232609169477004, 'generation': 218}","{'id': 11952, 'rank': 23, 'fitness': 0.0841604778723633, 'generation': 218}","{'id': 11873, 'rank': 24, 'fitness': 0.08146160764337934, 'generation': 218}","{'id': 11953, 'rank': 25, 'fitness': 0.07600892306829143, 'generation': 218}","{'id': 11981, 'rank': 26, 'fitness': 0.07298015584839324, 'generation': 218}","{'id': 11981, 'rank': 27, 'fitness': 0.07298015584839324, 'generation': 218}","{'id': 11943, 'rank': 28, 'fitness': 0.048135123796850365, 'generation': 218}","{'id': 11932, 'rank': 29, 'fitness': 0.03343904296978284, 'generation': 218}","{'id': 11940, 'rank': 30, 'fitness': 0.01798620996209155, 'generation': 218}"
"{'id': 11988, 'rank': 1, 'fitness': 0.9820137900379085, 'generation': 219}","{'id': 11988, 'rank': 2, 'fitness': 0.9820137900379085, 'generation': 219}","{'id': 12009, 'rank': 3, 'fitness': 0.948855564032441, 'generation': 219}","{'id': 12023, 'rank': 4, 'fitness': 0.9269402009089893, 'generation': 219}","{'id': 11963, 'rank': 5, 'fitness': 0.9165851694363203, 'generation': 219}","{'id': 11963, 'rank': 6, 'fitness': 0.9165851694363203, 'generation': 219}","{'id': 11822, 'rank': 7, 'fitness': 0.9085345530525919, 'generation': 219}","{'id': 11822, 'rank': 8, 'fitness': 0.9085345530525919, 'generation': 219}","{'id': 11946, 'rank': 9, 'fitness': 0.8327798061138232, 'generation': 219}","{'id': 11950, 'rank': 10, 'fitness': 0.7443262770647621, 'generation': 219}","{'id': 12037, 'rank': 11, 'fitness': 0.689691728834863, 'generation': 219}","{'id': 12037, 'rank': 12, 'fitness': 0.689691728834863, 'generation': 219}","{'id': 12037, 'rank': 13, 'fitness': 0.689691728834863, 'generation': 219}","{'id': 12034, 'rank': 14, 'fitness': 0.6347374883519031, 'generation': 219}","{'id': 11942, 'rank': 15, 'fitness': 0.4980245641703735, 'generation': 219}","{'id': 11903, 'rank': 16, 'fitness': 0.48927646560181637, 'generation': 219}","{'id': 11983, 'rank': 17, 'fitness': 0.45677529344232576, 'generation': 219}","{'id': 11997, 'rank': 18, 'fitness': 0.2331194411476355, 'generation': 219}","{'id': 11996, 'rank': 19, 'fitness': 0.21770735729050067, 'generation': 219}","{'id': 11996, 'rank': 20, 'fitness': 0.21770735729050067, 'generation': 219}","{'id': 11993, 'rank': 21, 'fitness': 0.16300967900457158, 'generation': 219}","{'id': 12010, 'rank': 22, 'fitness': 0.1571482034917156, 'generation': 219}","{'id': 11952, 'rank': 23, 'fitness': 0.09079481125724154, 'generation': 219}","{'id': 12015, 'rank': 24, 'fitness': 0.08989447058942734, 'generation': 219}","{'id': 11981, 'rank': 25, 'fitness': 0.08102066603578434, 'generation': 219}","{'id': 11981, 'rank': 26, 'fitness': 0.08102066603578434, 'generation': 219}","{'id': 12008, 'rank': 27, 'fitness': 0.07343067941358539, 'generation': 219}","{'id': 12008, 'rank': 28, 'fitness': 0.07343067941358539, 'generation': 219}","{'id': 12022, 'rank': 29, 'fitness': 0.021619167214724122, 'generation': 219}","{'id': 12005, 'rank': 30, 'fitness': 0.01798620996209155, 'generation': 219}"
"{'id': 12066, 'rank': 1, 'fitness': 0.9820137900379085, 'generation': 220}","{'id': 12066, 'rank': 2, 'fitness': 0.9820137900379085, 'generation': 220}","{'id': 12066, 'rank': 3, 'fitness': 0.9820137900379085, 'generation': 220}","{'id': 11988, 'rank': 4, 'fitness': 0.9780214173148373, 'generation': 220}","{'id': 12023, 'rank': 5, 'fitness': 0.9037346917527196, 'generation': 220}","{'id': 12023, 'rank': 6, 'fitness': 0.9037346917527196, 'generation': 220}","{'id': 11963, 'rank': 7, 'fitness': 0.8895471870150137, 'generation': 220}","{'id': 11963, 'rank': 8, 'fitness': 0.8895471870150137, 'generation': 220}","{'id': 11963, 'rank': 9, 'fitness': 0.8895471870150137, 'generation': 220}","{'id': 11822, 'rank': 10, 'fitness': 0.8785191614931456, 'generation': 220}","{'id': 12045, 'rank': 11, 'fitness': 0.82354960375659, 'generation': 220}","{'id': 11946, 'rank': 12, 'fitness': 0.7759720379461268, 'generation': 220}","{'id': 12055, 'rank': 13, 'fitness': 0.7662423519844979, 'generation': 220}","{'id': 11950, 'rank': 14, 'fitness': 0.6614832325571802, 'generation': 220}","{'id': 12037, 'rank': 15, 'fitness': 0.5943887686979861, 'generation': 220}","{'id': 12071, 'rank': 16, 'fitness': 0.5296074190524495, 'generation': 220}","{'id': 12071, 'rank': 17, 'fitness': 0.5296074190524495, 'generation': 220}","{'id': 11983, 'rank': 18, 'fitness': 0.34203434687694106, 'generation': 220}","{'id': 12059, 'rank': 19, 'fitness': 0.32684104635256167, 'generation': 220}","{'id': 12084, 'rank': 20, 'fitness': 0.3097353079383929, 'generation': 220}","{'id': 12070, 'rank': 21, 'fitness': 0.2591348903956491, 'generation': 220}","{'id': 12075, 'rank': 22, 'fitness': 0.23253069214515104, 'generation': 220}","{'id': 12075, 'rank': 23, 'fitness': 0.23253069214515104, 'generation': 220}","{'id': 12053, 'rank': 24, 'fitness': 0.21384132485579188, 'generation': 220}","{'id': 11996, 'rank': 25, 'fitness': 0.1378558738322344, 'generation': 220}","{'id': 12010, 'rank': 26, 'fitness': 0.09446790401932997, 'generation': 220}","{'id': 12058, 'rank': 27, 'fitness': 0.061629401050572075, 'generation': 220}","{'id': 11981, 'rank': 28, 'fitness': 0.044838261955649716, 'generation': 220}","{'id': 12082, 'rank': 29, 'fitness': 0.03191508031755563, 'generation': 220}","{'id': 12044, 'rank': 30, 'fitness': 0.01798620996209155, 'generation': 220}"
"{'id': 12023, 'rank': 1, 'fitness': 0.9820137900379085, 'generation': 221}","{'id': 12023, 'rank': 2, 'fitness': 0.9820137900379085, 'generation': 221}","{'id': 12023, 'rank': 3, 'fitness': 0.9820137900379085, 'generation': 221}","{'id': 11963, 'rank': 4, 'fitness': 0.9783304550817611, 'generation': 221}","{'id': 11963, 'rank': 5, 'fitness': 0.9783304550817611, 'generation': 221}","{'id': 11963, 'rank': 6, 'fitness': 0.9783304550817611, 'generation': 221}","{'id': 12134, 'rank': 7, 'fitness': 0.9777193282350302, 'generation': 221}","{'id': 12055, 'rank': 8, 'fitness': 0.936760770662445, 'generation': 221}","{'id': 12055, 'rank': 9, 'fitness': 0.936760770662445, 'generation': 221}","{'id': 12135, 'rank': 10, 'fitness': 0.9242353972076953, 'generation': 221}","{'id': 12135, 'rank': 11, 'fitness': 0.9242353972076953, 'generation': 221}","{'id': 12135, 'rank': 12, 'fitness': 0.9242353972076953, 'generation': 221}","{'id': 11950, 'rank': 13, 'fitness': 0.8863683120667489, 'generation': 221}","{'id': 11950, 'rank': 14, 'fitness': 0.8863683120667489, 'generation': 221}","{'id': 12107, 'rank': 15, 'fitness': 0.8476002855703344, 'generation': 221}","{'id': 12107, 'rank': 16, 'fitness': 0.8476002855703344, 'generation': 221}","{'id': 12142, 'rank': 17, 'fitness': 0.7271604493334679, 'generation': 221}","{'id': 12084, 'rank': 18, 'fitness': 0.5572837644690379, 'generation': 221}","{'id': 12084, 'rank': 19, 'fitness': 0.5572837644690379, 'generation': 221}","{'id': 12136, 'rank': 20, 'fitness': 0.5452840253495717, 'generation': 221}","{'id': 12070, 'rank': 21, 'fitness': 0.48033629287863683, 'generation': 221}","{'id': 12122, 'rank': 22, 'fitness': 0.4644042074354096, 'generation': 221}","{'id': 12053, 'rank': 23, 'fitness': 0.403611476108721, 'generation': 221}","{'id': 12095, 'rank': 24, 'fitness': 0.38753634813524, 'generation': 221}","{'id': 11996, 'rank': 25, 'fitness': 0.25939550469852096, 'generation': 221}","{'id': 12090, 'rank': 26, 'fitness': 0.1419194330962808, 'generation': 221}","{'id': 12091, 'rank': 27, 'fitness': 0.10035455653092301, 'generation': 221}","{'id': 12106, 'rank': 28, 'fitness': 0.032297884978088776, 'generation': 221}","{'id': 12106, 'rank': 29, 'fitness': 0.032297884978088776, 'generation': 221}","{'id': 12097, 'rank': 30, 'fitness': 0.01798620996209155, 'generation': 221}"
"{'id': 12023, 'rank': 1, 'fitness': 0.9820137900379085, 'generation': 222}","{'id': 11963, 'rank': 2, 'fitness': 0.9776100735663542, 'generation': 222}","{'id': 11963, 'rank': 3, 'fitness': 0.9776100735663542, 'generation': 222}","{'id': 12194, 'rank': 4, 'fitness': 0.9292112528651449, 'generation': 222}","{'id': 12055, 'rank': 5, 'fitness': 0.9217225675873033, 'generation': 222}","{'id': 12055, 'rank': 6, 'fitness': 0.9217225675873033, 'generation': 222}","{'id': 12135, 'rank': 7, 'fitness': 0.9035803348022482, 'generation': 222}","{'id': 12135, 'rank': 8, 'fitness': 0.9035803348022482, 'generation': 222}","{'id': 11950, 'rank': 9, 'fitness': 0.8470713433016847, 'generation': 222}","{'id': 11950, 'rank': 10, 'fitness': 0.8470713433016847, 'generation': 222}","{'id': 12107, 'rank': 11, 'fitness': 0.788186658911793, 'generation': 222}","{'id': 12107, 'rank': 12, 'fitness': 0.788186658911793, 'generation': 222}","{'id': 12181, 'rank': 13, 'fitness': 0.6653735287159446, 'generation': 222}","{'id': 12181, 'rank': 14, 'fitness': 0.6653735287159446, 'generation': 222}","{'id': 12181, 'rank': 15, 'fitness': 0.6653735287159446, 'generation': 222}","{'id': 12146, 'rank': 16, 'fitness': 0.6086199361776989, 'generation': 222}","{'id': 12146, 'rank': 17, 'fitness': 0.6086199361776989, 'generation': 222}","{'id': 12209, 'rank': 18, 'fitness': 0.5638741291222827, 'generation': 222}","{'id': 12084, 'rank': 19, 'fitness': 0.3933774768046841, 'generation': 222}","{'id': 12084, 'rank': 20, 'fitness': 0.3933774768046841, 'generation': 222}","{'id': 12070, 'rank': 21, 'fitness': 0.3108139632780287, 'generation': 222}","{'id': 12201, 'rank': 22, 'fitness': 0.2737009976700914, 'generation': 222}","{'id': 12201, 'rank': 23, 'fitness': 0.2737009976700914, 'generation': 222}","{'id': 12053, 'rank': 24, 'fitness': 0.23813885814455404, 'generation': 222}","{'id': 12053, 'rank': 25, 'fitness': 0.23813885814455404, 'generation': 222}","{'id': 12053, 'rank': 26, 'fitness': 0.23813885814455404, 'generation': 222}","{'id': 11996, 'rank': 27, 'fitness': 0.12592573359853837, 'generation': 222}","{'id': 12090, 'rank': 28, 'fitness': 0.05626281550201573, 'generation': 222}","{'id': 12091, 'rank': 29, 'fitness': 0.03616031882867016, 'generation': 222}","{'id': 12169, 'rank': 30, 'fitness': 0.01798620996209155, 'generation': 222}"
"{'id': 11963, 'rank': 1, 'fitness': 0.9820137900379085, 'generation': 223}","{'id': 11963, 'rank': 2, 'fitness': 0.9820137900379085, 'generation': 223}","{'id': 12194, 'rank': 3, 'fitness': 0.9549803971389097, 'generation': 223}","{'id': 12194, 'rank': 4, 'fitness': 0.9549803971389097, 'generation': 223}","{'id': 11950, 'rank': 5, 'fitness': 0.9149695423817344, 'generation': 223}","{'id': 11950, 'rank': 6, 'fitness': 0.9149695423817344, 'generation': 223}","{'id': 12107, 'rank': 7, 'fitness': 0.8872523625738693, 'generation': 223}","{'id': 12225, 'rank': 8, 'fitness': 0.8582193192403718, 'generation': 223}","{'id': 12225, 'rank': 9, 'fitness': 0.8582193192403718, 'generation': 223}","{'id': 12181, 'rank': 10, 'fitness': 0.8277846657102021, 'generation': 223}","{'id': 12181, 'rank': 11, 'fitness': 0.8277846657102021, 'generation': 223}","{'id': 12181, 'rank': 12, 'fitness': 0.8277846657102021, 'generation': 223}","{'id': 12146, 'rank': 13, 'fitness': 0.7984511499012443, 'generation': 223}","{'id': 12146, 'rank': 14, 'fitness': 0.7984511499012443, 'generation': 223}","{'id': 12258, 'rank': 15, 'fitness': 0.6892573147706029, 'generation': 223}","{'id': 12084, 'rank': 16, 'fitness': 0.6656610558195535, 'generation': 223}","{'id': 12263, 'rank': 17, 'fitness': 0.6426189101583487, 'generation': 223}","{'id': 12070, 'rank': 18, 'fitness': 0.59939425982909, 'generation': 223}","{'id': 12070, 'rank': 19, 'fitness': 0.59939425982909, 'generation': 223}","{'id': 12273, 'rank': 20, 'fitness': 0.47457692891862274, 'generation': 223}","{'id': 12220, 'rank': 21, 'fitness': 0.37401099301805074, 'generation': 223}","{'id': 12238, 'rank': 22, 'fitness': 0.29777718564936656, 'generation': 223}","{'id': 12274, 'rank': 23, 'fitness': 0.17571656006915265, 'generation': 223}","{'id': 12275, 'rank': 24, 'fitness': 0.09647343179255197, 'generation': 223}","{'id': 12219, 'rank': 25, 'fitness': 0.09100262389390057, 'generation': 223}","{'id': 12219, 'rank': 26, 'fitness': 0.09100262389390057, 'generation': 223}","{'id': 12250, 'rank': 27, 'fitness': 0.0582286703114242, 'generation': 223}","{'id': 12239, 'rank': 28, 'fitness': 0.04422951783146317, 'generation': 223}","{'id': 12235, 'rank': 29, 'fitness': 0.038857084802172426, 'generation': 223}","{'id': 12265, 'rank': 30, 'fitness': 0.01798620996209155, 'generation': 223}"
"{'id': 11963, 'rank': 1, 'fitness': 0.9820137900379085, 'generation': 224}","{'id': 11963, 'rank': 2, 'fitness': 0.9820137900379085, 'generation': 224}","{'id': 12194, 'rank': 3, 'fitness': 0.947101529975128, 'generation': 224}","{'id': 12282, 'rank': 4, 'fitness': 0.9333135682507371, 'generation': 224}","{'id': 12323, 'rank': 5, 'fitness': 0.8923371852540714, 'generation': 224}","{'id': 11950, 'rank': 6, 'fitness': 0.8893965480122188, 'generation': 224}","{'id': 12296, 'rank': 7, 'fitness': 0.8531626715087435, 'generation': 224}","{'id': 12225, 'rank': 8, 'fitness': 0.803151201255027, 'generation': 224}","{'id': 12295, 'rank': 9, 'fitness': 0.7578107990079759, 'generation': 224}","{'id': 12181, 'rank': 10, 'fitness': 0.7566099864166527, 'generation': 224}","{'id': 12181, 'rank': 11, 'fitness': 0.7566099864166527, 'generation': 224}","{'id': 12287, 'rank': 12, 'fitness': 0.59231590147345, 'generation': 224}","{'id': 12084, 'rank': 13, 'fitness': 0.5236630122920134, 'generation': 224}","{'id': 12263, 'rank': 14, 'fitness': 0.4936440775220364, 'generation': 224}","{'id': 12263, 'rank': 15, 'fitness': 0.4936440775220364, 'generation': 224}","{'id': 12302, 'rank': 16, 'fitness': 0.4402655205744074, 'generation': 224}","{'id': 12302, 'rank': 17, 'fitness': 0.4402655205744074, 'generation': 224}","{'id': 12302, 'rank': 18, 'fitness': 0.4402655205744074, 'generation': 224}","{'id': 12070, 'rank': 19, 'fitness': 0.43974459181838416, 'generation': 224}","{'id': 12070, 'rank': 20, 'fitness': 0.43974459181838416, 'generation': 224}","{'id': 12326, 'rank': 21, 'fitness': 0.33318252089682887, 'generation': 224}","{'id': 12273, 'rank': 22, 'fitness': 0.3020734701123067, 'generation': 224}","{'id': 12319, 'rank': 23, 'fitness': 0.23591074998799544, 'generation': 224}","{'id': 12307, 'rank': 24, 'fitness': 0.22006917603730958, 'generation': 224}","{'id': 12299, 'rank': 25, 'fitness': 0.17694324625805385, 'generation': 224}","{'id': 12299, 'rank': 26, 'fitness': 0.17694324625805385, 'generation': 224}","{'id': 12329, 'rank': 27, 'fitness': 0.038195273657865125, 'generation': 224}","{'id': 12275, 'rank': 28, 'fitness': 0.03371015562559637, 'generation': 224}","{'id': 12308, 'rank': 29, 'fitness': 0.02629219385127779, 'generation': 224}","{'id': 12250, 'rank': 30, 'fitness': 0.01798620996209155, 'generation': 224}"
"{'id': 12366, 'rank': 1, 'fitness': 0.9820137900379085, 'generation': 225}","{'id': 12366, 'rank': 2, 'fitness': 0.9820137900379085, 'generation': 225}","{'id': 11963, 'rank': 3, 'fitness': 0.8764153414561912, 'generation': 225}","{'id': 12194, 'rank': 4, 'fitness': 0.7386141415857024, 'generation': 225}","{'id': 12374, 'rank': 5, 'fitness': 0.7213160893644867, 'generation': 225}","{'id': 12374, 'rank': 6, 'fitness': 0.7213160893644867, 'generation': 225}","{'id': 12368, 'rank': 7, 'fitness': 0.6053257258301441, 'generation': 225}","{'id': 11950, 'rank': 8, 'fitness': 0.5934410348752793, 'generation': 225}","{'id': 11950, 'rank': 9, 'fitness': 0.5934410348752793, 'generation': 225}","{'id': 12296, 'rank': 10, 'fitness': 0.5274791391357619, 'generation': 225}","{'id': 12296, 'rank': 11, 'fitness': 0.5274791391357619, 'generation': 225}","{'id': 12384, 'rank': 12, 'fitness': 0.43903832670668547, 'generation': 225}","{'id': 12347, 'rank': 13, 'fitness': 0.3907098089685408, 'generation': 225}","{'id': 12363, 'rank': 14, 'fitness': 0.2231837788439442, 'generation': 225}","{'id': 12367, 'rank': 15, 'fitness': 0.22075525659774964, 'generation': 225}","{'id': 12263, 'rank': 16, 'fitness': 0.20373720282729896, 'generation': 225}","{'id': 12302, 'rank': 17, 'fitness': 0.1764992749141246, 'generation': 225}","{'id': 12070, 'rank': 18, 'fitness': 0.17624582753581797, 'generation': 225}","{'id': 12354, 'rank': 19, 'fitness': 0.17435154004796644, 'generation': 225}","{'id': 12377, 'rank': 20, 'fitness': 0.13653698092262484, 'generation': 225}","{'id': 12377, 'rank': 21, 'fitness': 0.13653698092262484, 'generation': 225}","{'id': 12326, 'rank': 22, 'fitness': 0.12845362600222932, 'generation': 225}","{'id': 12273, 'rank': 23, 'fitness': 0.11575864573697131, 'generation': 225}","{'id': 12361, 'rank': 24, 'fitness': 0.10321070167916263, 'generation': 225}","{'id': 12365, 'rank': 25, 'fitness': 0.09607808982302107, 'generation': 225}","{'id': 12376, 'rank': 26, 'fitness': 0.08546353822722047, 'generation': 225}","{'id': 12299, 'rank': 27, 'fitness': 0.0684530379339694, 'generation': 225}","{'id': 12357, 'rank': 28, 'fitness': 0.04730849696925238, 'generation': 225}","{'id': 12360, 'rank': 29, 'fitness': 0.0409297981065595, 'generation': 225}","{'id': 12355, 'rank': 30, 'fitness': 0.01798620996209155, 'generation': 225}"
"{'id': 12366, 'rank': 1, 'fitness': 0.9820137900379085, 'generation': 226}","{'id': 12366, 'rank': 2, 'fitness': 0.9820137900379085, 'generation': 226}","{'id': 12409, 'rank': 3, 'fitness': 0.9752261408705107, 'generation': 226}","{'id': 12400, 'rank': 4, 'fitness': 0.9167107929646344, 'generation': 226}","{'id': 12417, 'rank': 5, 'fitness': 0.881874316319128, 'generation': 226}","{'id': 12417, 'rank': 6, 'fitness': 0.881874316319128, 'generation': 226}","{'id': 12437, 'rank': 7, 'fitness': 0.8810721879459547, 'generation': 226}","{'id': 11950, 'rank': 8, 'fitness': 0.6958428087248703, 'generation': 226}","{'id': 11950, 'rank': 9, 'fitness': 0.6958428087248703, 'generation': 226}","{'id': 11950, 'rank': 10, 'fitness': 0.6958428087248703, 'generation': 226}","{'id': 12442, 'rank': 11, 'fitness': 0.6231233697559854, 'generation': 226}","{'id': 12442, 'rank': 12, 'fitness': 0.6231233697559854, 'generation': 226}","{'id': 12425, 'rank': 13, 'fitness': 0.4868480072517004, 'generation': 226}","{'id': 12427, 'rank': 14, 'fitness': 0.3931088536890117, 'generation': 226}","{'id': 12302, 'rank': 15, 'fitness': 0.2988360280476914, 'generation': 226}","{'id': 12302, 'rank': 16, 'fitness': 0.2988360280476914, 'generation': 226}","{'id': 12421, 'rank': 17, 'fitness': 0.27325046380923834, 'generation': 226}","{'id': 12438, 'rank': 18, 'fitness': 0.26176961484737415, 'generation': 226}","{'id': 12377, 'rank': 19, 'fitness': 0.24615548202562137, 'generation': 226}","{'id': 12377, 'rank': 20, 'fitness': 0.24615548202562137, 'generation': 226}","{'id': 12326, 'rank': 21, 'fitness': 0.23490114946549862, 'generation': 226}","{'id': 12422, 'rank': 22, 'fitness': 0.22733500447932625, 'generation': 226}","{'id': 12431, 'rank': 23, 'fitness': 0.2060146580883322, 'generation': 226}","{'id': 12436, 'rank': 24, 'fitness': 0.20218828240766956, 'generation': 226}","{'id': 12436, 'rank': 25, 'fitness': 0.20218828240766956, 'generation': 226}","{'id': 12414, 'rank': 26, 'fitness': 0.1566701564926674, 'generation': 226}","{'id': 12420, 'rank': 27, 'fitness': 0.12956249685613985, 'generation': 226}","{'id': 12357, 'rank': 28, 'fitness': 0.10585855205232952, 'generation': 226}","{'id': 12401, 'rank': 29, 'fitness': 0.05903154458263005, 'generation': 226}","{'id': 12435, 'rank': 30, 'fitness': 0.01798620996209155, 'generation': 226}"
"{'id': 12366, 'rank': 1, 'fitness': 0.9820137900379085, 'generation': 227}","{'id': 12366, 'rank': 2, 'fitness': 0.9820137900379085, 'generation': 227}","{'id': 12366, 'rank': 3, 'fitness': 0.9820137900379085, 'generation': 227}","{'id': 12409, 'rank': 4, 'fitness': 0.9746629275979459, 'generation': 227}","{'id': 12417, 'rank': 5, 'fitness': 0.8664646163532357, 'generation': 227}","{'id': 12480, 'rank': 6, 'fitness': 0.840302047708146, 'generation': 227}","{'id': 11950, 'rank': 7, 'fitness': 0.6465637079860858, 'generation': 227}","{'id': 12484, 'rank': 8, 'fitness': 0.5941705258817189, 'generation': 227}","{'id': 12484, 'rank': 9, 'fitness': 0.5941705258817189, 'generation': 227}","{'id': 12442, 'rank': 10, 'fitness': 0.5637328132332299, 'generation': 227}","{'id': 12445, 'rank': 11, 'fitness': 0.4080247390556404, 'generation': 227}","{'id': 12465, 'rank': 12, 'fitness': 0.3684978661897618, 'generation': 227}","{'id': 12457, 'rank': 13, 'fitness': 0.28189028156785, 'generation': 227}","{'id': 12472, 'rank': 14, 'fitness': 0.2480945073698037, 'generation': 227}","{'id': 12302, 'rank': 15, 'fitness': 0.2323830813536693, 'generation': 227}","{'id': 12302, 'rank': 16, 'fitness': 0.2323830813536693, 'generation': 227}","{'id': 12422, 'rank': 17, 'fitness': 0.16915920225299796, 'generation': 227}","{'id': 12422, 'rank': 18, 'fitness': 0.16915920225299796, 'generation': 227}","{'id': 12470, 'rank': 19, 'fitness': 0.12178722833644984, 'generation': 227}","{'id': 12414, 'rank': 20, 'fitness': 0.11068122569742656, 'generation': 227}","{'id': 12496, 'rank': 21, 'fitness': 0.0961615509126702, 'generation': 227}","{'id': 12496, 'rank': 22, 'fitness': 0.0961615509126702, 'generation': 227}","{'id': 12485, 'rank': 23, 'fitness': 0.0914497744431052, 'generation': 227}","{'id': 12485, 'rank': 24, 'fitness': 0.0914497744431052, 'generation': 227}","{'id': 12474, 'rank': 25, 'fitness': 0.06173960277344531, 'generation': 227}","{'id': 12401, 'rank': 26, 'fitness': 0.03747288380897745, 'generation': 227}","{'id': 12475, 'rank': 27, 'fitness': 0.03327224002028473, 'generation': 227}","{'id': 12467, 'rank': 28, 'fitness': 0.026940707848750023, 'generation': 227}","{'id': 12459, 'rank': 29, 'fitness': 0.023927368858856435, 'generation': 227}","{'id': 12452, 'rank': 30, 'fitness': 0.01798620996209155, 'generation': 227}"
"{'id': 12513, 'rank': 1, 'fitness': 0.9820137900379085, 'generation': 228}","{'id': 12366, 'rank': 2, 'fitness': 0.9773139109704341, 'generation': 228}","{'id': 12366, 'rank': 3, 'fitness': 0.9773139109704341, 'generation': 228}","{'id': 12409, 'rank': 4, 'fitness': 0.9692630725096409, 'generation': 228}","{'id': 12409, 'rank': 5, 'fitness': 0.9692630725096409, 'generation': 228}","{'id': 12539, 'rank': 6, 'fitness': 0.9073382896988795, 'generation': 228}","{'id': 12480, 'rank': 7, 'fitness': 0.842731582777758, 'generation': 228}","{'id': 12480, 'rank': 8, 'fitness': 0.842731582777758, 'generation': 228}","{'id': 12518, 'rank': 9, 'fitness': 0.8324864462576145, 'generation': 228}","{'id': 12519, 'rank': 10, 'fitness': 0.820021372858896, 'generation': 228}","{'id': 12519, 'rank': 11, 'fitness': 0.820021372858896, 'generation': 228}","{'id': 12547, 'rank': 12, 'fitness': 0.6640380817767224, 'generation': 228}","{'id': 12506, 'rank': 13, 'fitness': 0.5042916853483093, 'generation': 228}","{'id': 12506, 'rank': 14, 'fitness': 0.5042916853483093, 'generation': 228}","{'id': 12544, 'rank': 15, 'fitness': 0.44273477413896994, 'generation': 228}","{'id': 12544, 'rank': 16, 'fitness': 0.44273477413896994, 'generation': 228}","{'id': 12515, 'rank': 17, 'fitness': 0.34183941985825406, 'generation': 228}","{'id': 12543, 'rank': 18, 'fitness': 0.24153364820081358, 'generation': 228}","{'id': 12541, 'rank': 19, 'fitness': 0.2278977663300385, 'generation': 228}","{'id': 12525, 'rank': 20, 'fitness': 0.21144704215737753, 'generation': 228}","{'id': 12414, 'rank': 21, 'fitness': 0.16013655349731926, 'generation': 228}","{'id': 12551, 'rank': 22, 'fitness': 0.13248184284663472, 'generation': 228}","{'id': 12531, 'rank': 23, 'fitness': 0.10759729884089647, 'generation': 228}","{'id': 12474, 'rank': 24, 'fitness': 0.09752737031899744, 'generation': 228}","{'id': 12523, 'rank': 25, 'fitness': 0.08909435651589442, 'generation': 228}","{'id': 12540, 'rank': 26, 'fitness': 0.08482333290345784, 'generation': 228}","{'id': 12535, 'rank': 27, 'fitness': 0.05670981836177308, 'generation': 228}","{'id': 12527, 'rank': 28, 'fitness': 0.05027238085629293, 'generation': 228}","{'id': 12452, 'rank': 29, 'fitness': 0.033426134634713445, 'generation': 228}","{'id': 12534, 'rank': 30, 'fitness': 0.01798620996209155, 'generation': 228}"
"{'id': 12513, 'rank': 1, 'fitness': 0.9820137900379085, 'generation': 229}","{'id': 12366, 'rank': 2, 'fitness': 0.9767275694020872, 'generation': 229}","{'id': 12366, 'rank': 3, 'fitness': 0.9767275694020872, 'generation': 229}","{'id': 12568, 'rank': 4, 'fitness': 0.9660451791064855, 'generation': 229}","{'id': 12568, 'rank': 5, 'fitness': 0.9660451791064855, 'generation': 229}","{'id': 12518, 'rank': 6, 'fitness': 0.7923546221678677, 'generation': 229}","{'id': 12518, 'rank': 7, 'fitness': 0.7923546221678677, 'generation': 229}","{'id': 12519, 'rank': 8, 'fitness': 0.7760410423088013, 'generation': 229}","{'id': 12519, 'rank': 9, 'fitness': 0.7760410423088013, 'generation': 229}","{'id': 12519, 'rank': 10, 'fitness': 0.7760410423088013, 'generation': 229}","{'id': 12572, 'rank': 11, 'fitness': 0.5655610852225312, 'generation': 229}","{'id': 12572, 'rank': 12, 'fitness': 0.5655610852225312, 'generation': 229}","{'id': 12506, 'rank': 13, 'fitness': 0.39607445522365525, 'generation': 229}","{'id': 12506, 'rank': 14, 'fitness': 0.39607445522365525, 'generation': 229}","{'id': 12544, 'rank': 15, 'fitness': 0.33262451883605804, 'generation': 229}","{'id': 12544, 'rank': 16, 'fitness': 0.33262451883605804, 'generation': 229}","{'id': 12566, 'rank': 17, 'fitness': 0.27349143267229625, 'generation': 229}","{'id': 12541, 'rank': 18, 'fitness': 0.14238395168707035, 'generation': 229}","{'id': 12555, 'rank': 19, 'fitness': 0.11848003103005139, 'generation': 229}","{'id': 12551, 'rank': 20, 'fitness': 0.07397071139180722, 'generation': 229}","{'id': 12531, 'rank': 21, 'fitness': 0.05788779446675835, 'generation': 229}","{'id': 12531, 'rank': 22, 'fitness': 0.05788779446675835, 'generation': 229}","{'id': 12523, 'rank': 23, 'fitness': 0.04644620619252804, 'generation': 229}","{'id': 12540, 'rank': 24, 'fitness': 0.04387119176637616, 'generation': 229}","{'id': 12567, 'rank': 25, 'fitness': 0.039275422712864216, 'generation': 229}","{'id': 12567, 'rank': 26, 'fitness': 0.039275422712864216, 'generation': 229}","{'id': 12559, 'rank': 27, 'fitness': 0.036753795639161924, 'generation': 229}","{'id': 12579, 'rank': 28, 'fitness': 0.030970028171425468, 'generation': 229}","{'id': 12586, 'rank': 29, 'fitness': 0.025715550604380855, 'generation': 229}","{'id': 12596, 'rank': 30, 'fitness': 0.01798620996209155, 'generation': 229}"
"{'id': 12513, 'rank': 1, 'fitness': 0.9820137900379085, 'generation': 230}","{'id': 12366, 'rank': 2, 'fitness': 0.9760510648174738, 'generation': 230}","{'id': 12366, 'rank': 3, 'fitness': 0.9760510648174738, 'generation': 230}","{'id': 12366, 'rank': 4, 'fitness': 0.9760510648174738, 'generation': 230}","{'id': 12366, 'rank': 5, 'fitness': 0.9760510648174738, 'generation': 230}","{'id': 12648, 'rank': 6, 'fitness': 0.973074796127309, 'generation': 230}","{'id': 12568, 'rank': 7, 'fitness': 0.9635773641703653, 'generation': 230}","{'id': 12568, 'rank': 8, 'fitness': 0.9635773641703653, 'generation': 230}","{'id': 12518, 'rank': 9, 'fitness': 0.7393001981325461, 'generation': 230}","{'id': 12518, 'rank': 10, 'fitness': 0.7393001981325461, 'generation': 230}","{'id': 12519, 'rank': 11, 'fitness': 0.7181172088015342, 'generation': 230}","{'id': 12519, 'rank': 12, 'fitness': 0.7181172088015342, 'generation': 230}","{'id': 12647, 'rank': 13, 'fitness': 0.577750104819701, 'generation': 230}","{'id': 12647, 'rank': 14, 'fitness': 0.577750104819701, 'generation': 230}","{'id': 12647, 'rank': 15, 'fitness': 0.577750104819701, 'generation': 230}","{'id': 12644, 'rank': 16, 'fitness': 0.5755233447112994, 'generation': 230}","{'id': 12572, 'rank': 17, 'fitness': 0.4618110970682788, 'generation': 230}","{'id': 12506, 'rank': 18, 'fitness': 0.28594661880713046, 'generation': 230}","{'id': 12617, 'rank': 19, 'fitness': 0.26603138563179785, 'generation': 230}","{'id': 12605, 'rank': 20, 'fitness': 0.2279996879175824, 'generation': 230}","{'id': 12544, 'rank': 21, 'fitness': 0.22788988028454615, 'generation': 230}","{'id': 12544, 'rank': 22, 'fitness': 0.22788988028454615, 'generation': 230}","{'id': 12566, 'rank': 23, 'fitness': 0.17766989482175488, 'generation': 230}","{'id': 12555, 'rank': 24, 'fitness': 0.06434204666428478, 'generation': 230}","{'id': 12611, 'rank': 25, 'fitness': 0.05919559475531305, 'generation': 230}","{'id': 12611, 'rank': 26, 'fitness': 0.05919559475531305, 'generation': 230}","{'id': 12600, 'rank': 27, 'fitness': 0.04592639973984314, 'generation': 230}","{'id': 12628, 'rank': 28, 'fitness': 0.044497904151652945, 'generation': 230}","{'id': 12630, 'rank': 29, 'fitness': 0.03330785659552837, 'generation': 230}","{'id': 12567, 'rank': 30, 'fitness': 0.01798620996209155, 'generation': 230}"
"{'id': 12366, 'rank': 1, 'fitness': 0.9820137900379085, 'generation': 231}","{'id': 12366, 'rank': 2, 'fitness': 0.9820137900379085, 'generation': 231}","{'id': 12366, 'rank': 3, 'fitness': 0.9820137900379085, 'generation': 231}","{'id': 12366, 'rank': 4, 'fitness': 0.9820137900379085, 'generation': 231}","{'id': 12366, 'rank': 5, 'fitness': 0.9820137900379085, 'generation': 231}","{'id': 12366, 'rank': 6, 'fitness': 0.9820137900379085, 'generation': 231}","{'id': 12648, 'rank': 7, 'fitness': 0.9803941471479292, 'generation': 231}","{'id': 12668, 'rank': 8, 'fitness': 0.8470348447214638, 'generation': 231}","{'id': 12647, 'rank': 9, 'fitness': 0.8203322315977226, 'generation': 231}","{'id': 12647, 'rank': 10, 'fitness': 0.8203322315977226, 'generation': 231}","{'id': 12647, 'rank': 11, 'fitness': 0.8203322315977226, 'generation': 231}","{'id': 12647, 'rank': 12, 'fitness': 0.8203322315977226, 'generation': 231}","{'id': 12692, 'rank': 13, 'fitness': 0.7736133957533766, 'generation': 231}","{'id': 12572, 'rank': 14, 'fitness': 0.7644923553253193, 'generation': 231}","{'id': 12671, 'rank': 15, 'fitness': 0.7428809911415983, 'generation': 231}","{'id': 12671, 'rank': 16, 'fitness': 0.7428809911415983, 'generation': 231}","{'id': 12506, 'rank': 17, 'fitness': 0.6502857289246267, 'generation': 231}","{'id': 12672, 'rank': 18, 'fitness': 0.6052820799724854, 'generation': 231}","{'id': 12544, 'rank': 19, 'fitness': 0.5980212001230019, 'generation': 231}","{'id': 12654, 'rank': 20, 'fitness': 0.5726836268069817, 'generation': 231}","{'id': 12611, 'rank': 21, 'fitness': 0.324584079639889, 'generation': 231}","{'id': 12628, 'rank': 22, 'fitness': 0.27832647213855966, 'generation': 231}","{'id': 12667, 'rank': 23, 'fitness': 0.22556683201315308, 'generation': 231}","{'id': 12662, 'rank': 24, 'fitness': 0.20030657810867342, 'generation': 231}","{'id': 12650, 'rank': 25, 'fitness': 0.19428141438662627, 'generation': 231}","{'id': 12684, 'rank': 26, 'fitness': 0.17140440395427786, 'generation': 231}","{'id': 12656, 'rank': 27, 'fitness': 0.14136235986165396, 'generation': 231}","{'id': 12655, 'rank': 28, 'fitness': 0.12360096616487354, 'generation': 231}","{'id': 12679, 'rank': 29, 'fitness': 0.08438765197773601, 'generation': 231}","{'id': 12649, 'rank': 30, 'fitness': 0.01798620996209155, 'generation': 231}"
"{'id': 12366, 'rank': 1, 'fitness': 0.9820137900379085, 'generation': 232}","{'id': 12366, 'rank': 2, 'fitness': 0.9820137900379085, 'generation': 232}","{'id': 12366, 'rank': 3, 'fitness': 0.9820137900379085, 'generation': 232}","{'id': 12366, 'rank': 4, 'fitness': 0.9820137900379085, 'generation': 232}","{'id': 12366, 'rank': 5, 'fitness': 0.9820137900379085, 'generation': 232}","{'id': 12366, 'rank': 6, 'fitness': 0.9820137900379085, 'generation': 232}","{'id': 12648, 'rank': 7, 'fitness': 0.9803941471479292, 'generation': 232}","{'id': 12739, 'rank': 8, 'fitness': 0.8943482130278243, 'generation': 232}","{'id': 12737, 'rank': 9, 'fitness': 0.8342061493524331, 'generation': 232}","{'id': 12707, 'rank': 10, 'fitness': 0.8240637572094895, 'generation': 232}","{'id': 12647, 'rank': 11, 'fitness': 0.8203322315977226, 'generation': 232}","{'id': 12647, 'rank': 12, 'fitness': 0.8203322315977226, 'generation': 232}","{'id': 12647, 'rank': 13, 'fitness': 0.8203322315977226, 'generation': 232}","{'id': 12692, 'rank': 14, 'fitness': 0.7736133957533766, 'generation': 232}","{'id': 12572, 'rank': 15, 'fitness': 0.7644923553253193, 'generation': 232}","{'id': 12506, 'rank': 16, 'fitness': 0.6502857289246267, 'generation': 232}","{'id': 12736, 'rank': 17, 'fitness': 0.5710825505326473, 'generation': 232}","{'id': 12712, 'rank': 18, 'fitness': 0.3250442824018603, 'generation': 232}","{'id': 12719, 'rank': 19, 'fitness': 0.3190682085612925, 'generation': 232}","{'id': 12748, 'rank': 20, 'fitness': 0.2896306128360927, 'generation': 232}","{'id': 12725, 'rank': 21, 'fitness': 0.22608544688693982, 'generation': 232}","{'id': 12662, 'rank': 22, 'fitness': 0.20030657810867342, 'generation': 232}","{'id': 12745, 'rank': 23, 'fitness': 0.17262554673462577, 'generation': 232}","{'id': 12709, 'rank': 24, 'fitness': 0.1428495350455209, 'generation': 232}","{'id': 12655, 'rank': 25, 'fitness': 0.12360096616487354, 'generation': 232}","{'id': 12702, 'rank': 26, 'fitness': 0.09754880592547577, 'generation': 232}","{'id': 12679, 'rank': 27, 'fitness': 0.08438765197773601, 'generation': 232}","{'id': 12741, 'rank': 28, 'fitness': 0.07967044811055402, 'generation': 232}","{'id': 12741, 'rank': 29, 'fitness': 0.07967044811055402, 'generation': 232}","{'id': 12649, 'rank': 30, 'fitness': 0.01798620996209155, 'generation': 232}"
"{'id': 12366, 'rank': 1, 'fitness': 0.9820137900379085, 'generation': 233}","{'id': 12366, 'rank': 2, 'fitness': 0.9820137900379085, 'generation': 233}","{'id': 12366, 'rank': 3, 'fitness': 0.9820137900379085, 'generation': 233}","{'id': 12366, 'rank': 4, 'fitness': 0.9820137900379085, 'generation': 233}","{'id': 12773, 'rank': 5, 'fitness': 0.925608621627311, 'generation': 233}","{'id': 12647, 'rank': 6, 'fitness': 0.7735446163403553, 'generation': 233}","{'id': 12647, 'rank': 7, 'fitness': 0.7735446163403553, 'generation': 233}","{'id': 12647, 'rank': 8, 'fitness': 0.7735446163403553, 'generation': 233}","{'id': 12790, 'rank': 9, 'fitness': 0.745976329357198, 'generation': 233}","{'id': 12692, 'rank': 10, 'fitness': 0.7119305487810889, 'generation': 233}","{'id': 12772, 'rank': 11, 'fitness': 0.5937825920427037, 'generation': 233}","{'id': 12807, 'rank': 12, 'fitness': 0.5169862806731937, 'generation': 233}","{'id': 12736, 'rank': 13, 'fitness': 0.46306765524527904, 'generation': 233}","{'id': 12789, 'rank': 14, 'fitness': 0.42763140751687034, 'generation': 233}","{'id': 12795, 'rank': 15, 'fitness': 0.4109953841915274, 'generation': 233}","{'id': 12771, 'rank': 16, 'fitness': 0.38444700747673743, 'generation': 233}","{'id': 12781, 'rank': 17, 'fitness': 0.3009615439543707, 'generation': 233}","{'id': 12765, 'rank': 18, 'fitness': 0.21752862889535596, 'generation': 233}","{'id': 12785, 'rank': 19, 'fitness': 0.16726588235375095, 'generation': 233}","{'id': 12777, 'rank': 20, 'fitness': 0.16715473388840257, 'generation': 233}","{'id': 12725, 'rank': 21, 'fitness': 0.13679283930646174, 'generation': 233}","{'id': 12798, 'rank': 22, 'fitness': 0.12131858495717407, 'generation': 233}","{'id': 12662, 'rank': 23, 'fitness': 0.11774017769158418, 'generation': 233}","{'id': 12787, 'rank': 24, 'fitness': 0.09849305688826493, 'generation': 233}","{'id': 12787, 'rank': 25, 'fitness': 0.09849305688826493, 'generation': 233}","{'id': 12782, 'rank': 26, 'fitness': 0.0732614685883401, 'generation': 233}","{'id': 12655, 'rank': 27, 'fitness': 0.06564738502564077, 'generation': 233}","{'id': 12776, 'rank': 28, 'fitness': 0.05475120654224752, 'generation': 233}","{'id': 12741, 'rank': 29, 'fitness': 0.039139428760768924, 'generation': 233}","{'id': 12758, 'rank': 30, 'fitness': 0.01798620996209155, 'generation': 233}"
"{'id': 12366, 'rank': 1, 'fitness': 0.9820137900379085, 'generation': 234}","{'id': 12860, 'rank': 2, 'fitness': 0.9643230727495049, 'generation': 234}","{'id': 12822, 'rank': 3, 'fitness': 0.8041048161383861, 'generation': 234}","{'id': 12861, 'rank': 4, 'fitness': 0.7075237963555701, 'generation': 234}","{'id': 12647, 'rank': 5, 'fitness': 0.6809165690167925, 'generation': 234}","{'id': 12647, 'rank': 6, 'fitness': 0.6809165690167925, 'generation': 234}","{'id': 12647, 'rank': 7, 'fitness': 0.6809165690167925, 'generation': 234}","{'id': 12813, 'rank': 8, 'fitness': 0.6482116012010998, 'generation': 234}","{'id': 12813, 'rank': 9, 'fitness': 0.6482116012010998, 'generation': 234}","{'id': 12816, 'rank': 10, 'fitness': 0.6373793834395909, 'generation': 234}","{'id': 12816, 'rank': 11, 'fitness': 0.6373793834395909, 'generation': 234}","{'id': 12836, 'rank': 12, 'fitness': 0.6199869928289629, 'generation': 234}","{'id': 12692, 'rank': 13, 'fitness': 0.5937266266832892, 'generation': 234}","{'id': 12817, 'rank': 14, 'fitness': 0.5298698187781287, 'generation': 234}","{'id': 12838, 'rank': 15, 'fitness': 0.43719664236849154, 'generation': 234}","{'id': 12826, 'rank': 16, 'fitness': 0.36857935743548675, 'generation': 234}","{'id': 12826, 'rank': 17, 'fitness': 0.36857935743548675, 'generation': 234}","{'id': 12736, 'rank': 18, 'fitness': 0.29899576048977633, 'generation': 234}","{'id': 12814, 'rank': 19, 'fitness': 0.2961982021847517, 'generation': 234}","{'id': 12818, 'rank': 20, 'fitness': 0.20028808540937826, 'generation': 234}","{'id': 12830, 'rank': 21, 'fitness': 0.17940034230749535, 'generation': 234}","{'id': 12862, 'rank': 22, 'fitness': 0.12586161769192705, 'generation': 234}","{'id': 12846, 'rank': 23, 'fitness': 0.07659335288019387, 'generation': 234}","{'id': 12846, 'rank': 24, 'fitness': 0.07659335288019387, 'generation': 234}","{'id': 12777, 'rank': 25, 'fitness': 0.071925315370442, 'generation': 234}","{'id': 12863, 'rank': 26, 'fitness': 0.06134697543747236, 'generation': 234}","{'id': 12725, 'rank': 27, 'fitness': 0.05552237557536094, 'generation': 234}","{'id': 12662, 'rank': 28, 'fitness': 0.0458769471221081, 'generation': 234}","{'id': 12858, 'rank': 29, 'fitness': 0.03594021102924172, 'generation': 234}","{'id': 12856, 'rank': 30, 'fitness': 0.01798620996209155, 'generation': 234}"
"{'id': 12366, 'rank': 1, 'fitness': 0.9820137900379085, 'generation': 235}","{'id': 12860, 'rank': 2, 'fitness': 0.9668090448713589, 'generation': 235}","{'id': 12860, 'rank': 3, 'fitness': 0.9668090448713589, 'generation': 235}","{'id': 12860, 'rank': 4, 'fitness': 0.9668090448713589, 'generation': 235}","{'id': 12872, 'rank': 5, 'fitness': 0.9235923054425432, 'generation': 235}","{'id': 12894, 'rank': 6, 'fitness': 0.8665581872567709, 'generation': 235}","{'id': 12894, 'rank': 7, 'fitness': 0.8665581872567709, 'generation': 235}","{'id': 12894, 'rank': 8, 'fitness': 0.8665581872567709, 'generation': 235}","{'id': 12822, 'rank': 9, 'fitness': 0.8438917829556345, 'generation': 235}","{'id': 12895, 'rank': 10, 'fitness': 0.8357063388916145, 'generation': 235}","{'id': 12647, 'rank': 11, 'fitness': 0.7508048343130073, 'generation': 235}","{'id': 12647, 'rank': 12, 'fitness': 0.7508048343130073, 'generation': 235}","{'id': 12813, 'rank': 13, 'fitness': 0.725463740450808, 'generation': 235}","{'id': 12813, 'rank': 14, 'fitness': 0.725463740450808, 'generation': 235}","{'id': 12816, 'rank': 15, 'fitness': 0.7169875933718429, 'generation': 235}","{'id': 12836, 'rank': 16, 'fitness': 0.7032830223369918, 'generation': 235}","{'id': 12817, 'rank': 17, 'fitness': 0.630056793600897, 'generation': 235}","{'id': 12838, 'rank': 18, 'fitness': 0.5498060522929376, 'generation': 235}","{'id': 12838, 'rank': 19, 'fitness': 0.5498060522929376, 'generation': 235}","{'id': 12826, 'rank': 20, 'fitness': 0.48613391682224716, 'generation': 235}","{'id': 12906, 'rank': 21, 'fitness': 0.4462570927418422, 'generation': 235}","{'id': 12901, 'rank': 22, 'fitness': 0.21655600079193366, 'generation': 235}","{'id': 12865, 'rank': 23, 'fitness': 0.16875979991353263, 'generation': 235}","{'id': 12846, 'rank': 24, 'fitness': 0.14195745166204554, 'generation': 235}","{'id': 12904, 'rank': 25, 'fitness': 0.12337732320198508, 'generation': 235}","{'id': 12863, 'rank': 26, 'fitness': 0.11793734929482746, 'generation': 235}","{'id': 12662, 'rank': 27, 'fitness': 0.09225686699733637, 'generation': 235}","{'id': 12870, 'rank': 28, 'fitness': 0.05049877836915567, 'generation': 235}","{'id': 12885, 'rank': 29, 'fitness': 0.02672801089428689, 'generation': 235}","{'id': 12883, 'rank': 30, 'fitness': 0.01798620996209155, 'generation': 235}"
"{'id': 12366, 'rank': 1, 'fitness': 0.9820137900379085, 'generation': 236}","{'id': 12366, 'rank': 2, 'fitness': 0.9820137900379085, 'generation': 236}","{'id': 12860, 'rank': 3, 'fitness': 0.9673916449418298, 'generation': 236}","{'id': 12860, 'rank': 4, 'fitness': 0.9673916449418298, 'generation': 236}","{'id': 12860, 'rank': 5, 'fitness': 0.9673916449418298, 'generation': 236}","{'id': 12894, 'rank': 6, 'fitness': 0.8735720420868092, 'generation': 236}","{'id': 12895, 'rank': 7, 'fitness': 0.8449846810230416, 'generation': 236}","{'id': 12647, 'rank': 8, 'fitness': 0.7662660276768762, 'generation': 236}","{'id': 12647, 'rank': 9, 'fitness': 0.7662660276768762, 'generation': 236}","{'id': 12960, 'rank': 10, 'fitness': 0.7625023645098263, 'generation': 236}","{'id': 12960, 'rank': 11, 'fitness': 0.7625023645098263, 'generation': 236}","{'id': 12813, 'rank': 12, 'fitness': 0.7426881600406638, 'generation': 236}","{'id': 12813, 'rank': 13, 'fitness': 0.7426881600406638, 'generation': 236}","{'id': 12836, 'rank': 14, 'fitness': 0.7220011769323104, 'generation': 236}","{'id': 12817, 'rank': 15, 'fitness': 0.6532878155927225, 'generation': 236}","{'id': 12817, 'rank': 16, 'fitness': 0.6532878155927225, 'generation': 236}","{'id': 12912, 'rank': 17, 'fitness': 0.6018170359678742, 'generation': 236}","{'id': 12838, 'rank': 18, 'fitness': 0.5770420471314299, 'generation': 236}","{'id': 12826, 'rank': 19, 'fitness': 0.5156747131222721, 'generation': 236}","{'id': 12906, 'rank': 20, 'fitness': 0.4767830677567934, 'generation': 236}","{'id': 12967, 'rank': 21, 'fitness': 0.15733955116779225, 'generation': 236}","{'id': 12967, 'rank': 22, 'fitness': 0.15733955116779225, 'generation': 236}","{'id': 12915, 'rank': 23, 'fitness': 0.14990931655642348, 'generation': 236}","{'id': 12968, 'rank': 24, 'fitness': 0.1423603910313333, 'generation': 236}","{'id': 12944, 'rank': 25, 'fitness': 0.11202198343268477, 'generation': 236}","{'id': 12939, 'rank': 26, 'fitness': 0.11012486199217003, 'generation': 236}","{'id': 12953, 'rank': 27, 'fitness': 0.08714803505835272, 'generation': 236}","{'id': 12938, 'rank': 28, 'fitness': 0.05933492243528715, 'generation': 236}","{'id': 12931, 'rank': 29, 'fitness': 0.0496312796818989, 'generation': 236}","{'id': 12926, 'rank': 30, 'fitness': 0.01798620996209155, 'generation': 236}"
"{'id': 13032, 'rank': 1, 'fitness': 0.9820137900379085, 'generation': 237}","{'id': 12366, 'rank': 2, 'fitness': 0.9810354788791056, 'generation': 237}","{'id': 12860, 'rank': 3, 'fitness': 0.964374626559388, 'generation': 237}","{'id': 12860, 'rank': 4, 'fitness': 0.964374626559388, 'generation': 237}","{'id': 12860, 'rank': 5, 'fitness': 0.964374626559388, 'generation': 237}","{'id': 12860, 'rank': 6, 'fitness': 0.964374626559388, 'generation': 237}","{'id': 12860, 'rank': 7, 'fitness': 0.964374626559388, 'generation': 237}","{'id': 12860, 'rank': 8, 'fitness': 0.964374626559388, 'generation': 237}","{'id': 13015, 'rank': 9, 'fitness': 0.8132609014751695, 'generation': 237}","{'id': 12813, 'rank': 10, 'fitness': 0.6952003564318626, 'generation': 237}","{'id': 12813, 'rank': 11, 'fitness': 0.6952003564318626, 'generation': 237}","{'id': 12813, 'rank': 12, 'fitness': 0.6952003564318626, 'generation': 237}","{'id': 12817, 'rank': 13, 'fitness': 0.5918832068539304, 'generation': 237}","{'id': 12912, 'rank': 14, 'fitness': 0.5343620446550633, 'generation': 237}","{'id': 12906, 'rank': 15, 'fitness': 0.4014218795100998, 'generation': 237}","{'id': 12989, 'rank': 16, 'fitness': 0.16020217496181144, 'generation': 237}","{'id': 12989, 'rank': 17, 'fitness': 0.16020217496181144, 'generation': 237}","{'id': 12989, 'rank': 18, 'fitness': 0.16020217496181144, 'generation': 237}","{'id': 12989, 'rank': 19, 'fitness': 0.16020217496181144, 'generation': 237}","{'id': 13014, 'rank': 20, 'fitness': 0.13822197929011726, 'generation': 237}","{'id': 12999, 'rank': 21, 'fitness': 0.12415788243675763, 'generation': 237}","{'id': 12972, 'rank': 22, 'fitness': 0.06981915875442041, 'generation': 237}","{'id': 12972, 'rank': 23, 'fitness': 0.06981915875442041, 'generation': 237}","{'id': 12977, 'rank': 24, 'fitness': 0.057476642295457514, 'generation': 237}","{'id': 12979, 'rank': 25, 'fitness': 0.04400327851429725, 'generation': 237}","{'id': 13019, 'rank': 26, 'fitness': 0.040552124159528635, 'generation': 237}","{'id': 12969, 'rank': 27, 'fitness': 0.032714654268571564, 'generation': 237}","{'id': 12931, 'rank': 28, 'fitness': 0.031209177385636944, 'generation': 237}","{'id': 12971, 'rank': 29, 'fitness': 0.026969655411881455, 'generation': 237}","{'id': 12982, 'rank': 30, 'fitness': 0.01798620996209155, 'generation': 237}"
"{'id': 12860, 'rank': 1, 'fitness': 0.9820137900379085, 'generation': 238}","{'id': 12860, 'rank': 2, 'fitness': 0.9820137900379085, 'generation': 238}","{'id': 12860, 'rank': 3, 'fitness': 0.9820137900379085, 'generation': 238}","{'id': 12860, 'rank': 4, 'fitness': 0.9820137900379085, 'generation': 238}","{'id': 12860, 'rank': 5, 'fitness': 0.9820137900379085, 'generation': 238}","{'id': 13054, 'rank': 6, 'fitness': 0.9521548847062012, 'generation': 238}","{'id': 13068, 'rank': 7, 'fitness': 0.9194518448454764, 'generation': 238}","{'id': 13015, 'rank': 8, 'fitness': 0.906799736902657, 'generation': 238}","{'id': 12813, 'rank': 9, 'fitness': 0.8408511928253137, 'generation': 238}","{'id': 12813, 'rank': 10, 'fitness': 0.8408511928253137, 'generation': 238}","{'id': 12813, 'rank': 11, 'fitness': 0.8408511928253137, 'generation': 238}","{'id': 13049, 'rank': 12, 'fitness': 0.8077989109291155, 'generation': 238}","{'id': 13060, 'rank': 13, 'fitness': 0.7369553565453296, 'generation': 238}","{'id': 12912, 'rank': 14, 'fitness': 0.7342193111832267, 'generation': 238}","{'id': 13085, 'rank': 15, 'fitness': 0.5705272659597256, 'generation': 238}","{'id': 13086, 'rank': 16, 'fitness': 0.5506052207930778, 'generation': 238}","{'id': 12989, 'rank': 17, 'fitness': 0.33674583282732984, 'generation': 238}","{'id': 12989, 'rank': 18, 'fitness': 0.33674583282732984, 'generation': 238}","{'id': 13053, 'rank': 19, 'fitness': 0.27825919302099367, 'generation': 238}","{'id': 13053, 'rank': 20, 'fitness': 0.27825919302099367, 'generation': 238}","{'id': 13047, 'rank': 21, 'fitness': 0.21060880782566005, 'generation': 238}","{'id': 12972, 'rank': 22, 'fitness': 0.17388003546515624, 'generation': 238}","{'id': 13072, 'rank': 23, 'fitness': 0.14080412092231587, 'generation': 238}","{'id': 13019, 'rank': 24, 'fitness': 0.1090450471786768, 'generation': 238}","{'id': 12969, 'rank': 25, 'fitness': 0.09021942580598685, 'generation': 238}","{'id': 13067, 'rank': 26, 'fitness': 0.07234607354054201, 'generation': 238}","{'id': 12982, 'rank': 27, 'fitness': 0.05265196087807933, 'generation': 238}","{'id': 13061, 'rank': 28, 'fitness': 0.03486745626271426, 'generation': 238}","{'id': 13062, 'rank': 29, 'fitness': 0.03236068225532973, 'generation': 238}","{'id': 13048, 'rank': 30, 'fitness': 0.01798620996209155, 'generation': 238}"
"{'id': 12860, 'rank': 1, 'fitness': 0.9820137900379085, 'generation': 239}","{'id': 12860, 'rank': 2, 'fitness': 0.9820137900379085, 'generation': 239}","{'id': 12860, 'rank': 3, 'fitness': 0.9820137900379085, 'generation': 239}","{'id': 12860, 'rank': 4, 'fitness': 0.9820137900379085, 'generation': 239}","{'id': 13054, 'rank': 5, 'fitness': 0.947427896029903, 'generation': 239}","{'id': 13054, 'rank': 6, 'fitness': 0.947427896029903, 'generation': 239}","{'id': 13145, 'rank': 7, 'fitness': 0.9407600977984407, 'generation': 239}","{'id': 13068, 'rank': 8, 'fitness': 0.9072994800157563, 'generation': 239}","{'id': 13133, 'rank': 9, 'fitness': 0.9018493712567816, 'generation': 239}","{'id': 13133, 'rank': 10, 'fitness': 0.9018493712567816, 'generation': 239}","{'id': 13140, 'rank': 11, 'fitness': 0.8928845221326904, 'generation': 239}","{'id': 13015, 'rank': 12, 'fitness': 0.8914507226952926, 'generation': 239}","{'id': 13108, 'rank': 13, 'fitness': 0.8144813264002424, 'generation': 239}","{'id': 13108, 'rank': 14, 'fitness': 0.8144813264002424, 'generation': 239}","{'id': 12813, 'rank': 15, 'fitness': 0.807684976570037, 'generation': 239}","{'id': 12813, 'rank': 16, 'fitness': 0.807684976570037, 'generation': 239}","{'id': 13131, 'rank': 17, 'fitness': 0.7771738139649835, 'generation': 239}","{'id': 12912, 'rank': 18, 'fitness': 0.6732379557725203, 'generation': 239}","{'id': 13139, 'rank': 19, 'fitness': 0.5229445266962673, 'generation': 239}","{'id': 13094, 'rank': 20, 'fitness': 0.20191754762796016, 'generation': 239}","{'id': 13094, 'rank': 21, 'fitness': 0.20191754762796016, 'generation': 239}","{'id': 13047, 'rank': 22, 'fitness': 0.1365481699053558, 'generation': 239}","{'id': 12972, 'rank': 23, 'fitness': 0.10864274782245575, 'generation': 239}","{'id': 13072, 'rank': 24, 'fitness': 0.08474706648901681, 'generation': 239}","{'id': 13093, 'rank': 25, 'fitness': 0.07144469294167322, 'generation': 239}","{'id': 13144, 'rank': 26, 'fitness': 0.05317930362345924, 'generation': 239}","{'id': 13114, 'rank': 27, 'fitness': 0.043579141367716234, 'generation': 239}","{'id': 13112, 'rank': 28, 'fitness': 0.03723482631026265, 'generation': 239}","{'id': 13102, 'rank': 29, 'fitness': 0.02673675396383368, 'generation': 239}","{'id': 13098, 'rank': 30, 'fitness': 0.01798620996209155, 'generation': 239}"
"{'id': 13146, 'rank': 1, 'fitness': 0.9820137900379085, 'generation': 240}","{'id': 13146, 'rank': 2, 'fitness': 0.9820137900379085, 'generation': 240}","{'id': 12860, 'rank': 3, 'fitness': 0.9241278500427973, 'generation': 240}","{'id': 12860, 'rank': 4, 'fitness': 0.9241278500427973, 'generation': 240}","{'id': 13193, 'rank': 5, 'fitness': 0.8687231001272658, 'generation': 240}","{'id': 13193, 'rank': 6, 'fitness': 0.8687231001272658, 'generation': 240}","{'id': 13054, 'rank': 7, 'fitness': 0.8334160117179888, 'generation': 240}","{'id': 13133, 'rank': 8, 'fitness': 0.7444640451197375, 'generation': 240}","{'id': 13108, 'rank': 9, 'fitness': 0.6169094586728693, 'generation': 240}","{'id': 12813, 'rank': 10, 'fitness': 0.6084599208842655, 'generation': 240}","{'id': 13158, 'rank': 11, 'fitness': 0.4713357937438404, 'generation': 240}","{'id': 12912, 'rank': 12, 'fitness': 0.4673382060199231, 'generation': 240}","{'id': 12912, 'rank': 13, 'fitness': 0.4673382060199231, 'generation': 240}","{'id': 13166, 'rank': 14, 'fitness': 0.25096388275550546, 'generation': 240}","{'id': 13169, 'rank': 15, 'fitness': 0.19032943529446406, 'generation': 240}","{'id': 13186, 'rank': 16, 'fitness': 0.17884231108528093, 'generation': 240}","{'id': 13186, 'rank': 17, 'fitness': 0.17884231108528093, 'generation': 240}","{'id': 13183, 'rank': 18, 'fitness': 0.10089613030069167, 'generation': 240}","{'id': 13206, 'rank': 19, 'fitness': 0.05928549698194535, 'generation': 240}","{'id': 13144, 'rank': 20, 'fitness': 0.04642001830859349, 'generation': 240}","{'id': 13160, 'rank': 21, 'fitness': 0.03970767941604164, 'generation': 240}","{'id': 13114, 'rank': 22, 'fitness': 0.039528380395201956, 'generation': 240}","{'id': 13201, 'rank': 23, 'fitness': 0.03858529169353653, 'generation': 240}","{'id': 13201, 'rank': 24, 'fitness': 0.03858529169353653, 'generation': 240}","{'id': 13191, 'rank': 25, 'fitness': 0.03192736545696362, 'generation': 240}","{'id': 13191, 'rank': 26, 'fitness': 0.03192736545696362, 'generation': 240}","{'id': 13197, 'rank': 27, 'fitness': 0.03149460053168457, 'generation': 240}","{'id': 13180, 'rank': 28, 'fitness': 0.027561217635535873, 'generation': 240}","{'id': 13176, 'rank': 29, 'fitness': 0.021685255304918827, 'generation': 240}","{'id': 13151, 'rank': 30, 'fitness': 0.01798620996209155, 'generation': 240}"
"{'id': 12860, 'rank': 1, 'fitness': 0.9820137900379085, 'generation': 241}","{'id': 12860, 'rank': 2, 'fitness': 0.9820137900379085, 'generation': 241}","{'id': 13211, 'rank': 3, 'fitness': 0.9679700048362138, 'generation': 241}","{'id': 13193, 'rank': 4, 'fitness': 0.9630517439240209, 'generation': 241}","{'id': 13193, 'rank': 5, 'fitness': 0.9630517439240209, 'generation': 241}","{'id': 13133, 'rank': 6, 'fitness': 0.9060441209556188, 'generation': 241}","{'id': 13236, 'rank': 7, 'fitness': 0.7907125436331319, 'generation': 241}","{'id': 13229, 'rank': 8, 'fitness': 0.7118865332781347, 'generation': 241}","{'id': 13158, 'rank': 9, 'fitness': 0.6966034934089714, 'generation': 241}","{'id': 13216, 'rank': 10, 'fitness': 0.6964228924474639, 'generation': 241}","{'id': 13216, 'rank': 11, 'fitness': 0.6964228924474639, 'generation': 241}","{'id': 12912, 'rank': 12, 'fitness': 0.6924764498479246, 'generation': 241}","{'id': 13228, 'rank': 13, 'fitness': 0.6898095061822371, 'generation': 241}","{'id': 13228, 'rank': 14, 'fitness': 0.6898095061822371, 'generation': 241}","{'id': 13246, 'rank': 15, 'fitness': 0.6201379304353203, 'generation': 241}","{'id': 13246, 'rank': 16, 'fitness': 0.6201379304353203, 'generation': 241}","{'id': 13186, 'rank': 17, 'fitness': 0.29379496906996805, 'generation': 241}","{'id': 13250, 'rank': 18, 'fitness': 0.25279503869680897, 'generation': 241}","{'id': 13241, 'rank': 19, 'fitness': 0.22996351214810712, 'generation': 241}","{'id': 13241, 'rank': 20, 'fitness': 0.22996351214810712, 'generation': 241}","{'id': 13241, 'rank': 21, 'fitness': 0.22996351214810712, 'generation': 241}","{'id': 13218, 'rank': 22, 'fitness': 0.16985171194059506, 'generation': 241}","{'id': 13183, 'rank': 23, 'fitness': 0.15700501338740913, 'generation': 241}","{'id': 13114, 'rank': 24, 'fitness': 0.05233086084399746, 'generation': 241}","{'id': 13114, 'rank': 25, 'fitness': 0.05233086084399746, 'generation': 241}","{'id': 13114, 'rank': 26, 'fitness': 0.05233086084399746, 'generation': 241}","{'id': 13201, 'rank': 27, 'fitness': 0.050840903171909646, 'generation': 241}","{'id': 13180, 'rank': 28, 'fitness': 0.03394503404491228, 'generation': 241}","{'id': 13227, 'rank': 29, 'fitness': 0.028752396532530422, 'generation': 241}","{'id': 13212, 'rank': 30, 'fitness': 0.01798620996209155, 'generation': 241}"
"{'id': 13258, 'rank': 1, 'fitness': 0.9820137900379085, 'generation': 242}","{'id': 13262, 'rank': 2, 'fitness': 0.9112995275170079, 'generation': 242}","{'id': 13211, 'rank': 3, 'fitness': 0.9016561454113011, 'generation': 242}","{'id': 13193, 'rank': 4, 'fitness': 0.8896187893912437, 'generation': 242}","{'id': 13193, 'rank': 5, 'fitness': 0.8896187893912437, 'generation': 242}","{'id': 13193, 'rank': 6, 'fitness': 0.8896187893912437, 'generation': 242}","{'id': 13263, 'rank': 7, 'fitness': 0.8873132438924418, 'generation': 242}","{'id': 13300, 'rank': 8, 'fitness': 0.7692535755748436, 'generation': 242}","{'id': 13236, 'rank': 9, 'fitness': 0.5996296711452744, 'generation': 242}","{'id': 13216, 'rank': 10, 'fitness': 0.4922986708110463, 'generation': 242}","{'id': 13216, 'rank': 11, 'fitness': 0.4922986708110463, 'generation': 242}","{'id': 12912, 'rank': 12, 'fitness': 0.48824860161440725, 'generation': 242}","{'id': 13257, 'rank': 13, 'fitness': 0.4861942240162737, 'generation': 242}","{'id': 13246, 'rank': 14, 'fitness': 0.4189130595480681, 'generation': 242}","{'id': 13260, 'rank': 15, 'fitness': 0.38045831119684526, 'generation': 242}","{'id': 13260, 'rank': 16, 'fitness': 0.38045831119684526, 'generation': 242}","{'id': 13278, 'rank': 17, 'fitness': 0.37417670617200116, 'generation': 242}","{'id': 13278, 'rank': 18, 'fitness': 0.37417670617200116, 'generation': 242}","{'id': 13270, 'rank': 19, 'fitness': 0.24212938395699146, 'generation': 242}","{'id': 13296, 'rank': 20, 'fitness': 0.2016223689285871, 'generation': 242}","{'id': 13293, 'rank': 21, 'fitness': 0.12763090790250237, 'generation': 242}","{'id': 13255, 'rank': 22, 'fitness': 0.11656471408811753, 'generation': 242}","{'id': 13255, 'rank': 23, 'fitness': 0.11656471408811753, 'generation': 242}","{'id': 13266, 'rank': 24, 'fitness': 0.038458927024142775, 'generation': 242}","{'id': 13266, 'rank': 25, 'fitness': 0.038458927024142775, 'generation': 242}","{'id': 13309, 'rank': 26, 'fitness': 0.03768924424303166, 'generation': 242}","{'id': 13269, 'rank': 27, 'fitness': 0.031972266448844766, 'generation': 242}","{'id': 13288, 'rank': 28, 'fitness': 0.021103007959005937, 'generation': 242}","{'id': 13287, 'rank': 29, 'fitness': 0.0210736830665606, 'generation': 242}","{'id': 13301, 'rank': 30, 'fitness': 0.01798620996209155, 'generation': 242}"
"{'id': 13258, 'rank': 1, 'fitness': 0.9820137900379085, 'generation': 243}","{'id': 13258, 'rank': 2, 'fitness': 0.9820137900379085, 'generation': 243}","{'id': 13262, 'rank': 3, 'fitness': 0.8964195566961247, 'generation': 243}","{'id': 13211, 'rank': 4, 'fitness': 0.8841699517787952, 'generation': 243}","{'id': 13193, 'rank': 5, 'fitness': 0.8687984409343832, 'generation': 243}","{'id': 13263, 'rank': 6, 'fitness': 0.8658461513641402, 'generation': 243}","{'id': 13263, 'rank': 7, 'fitness': 0.8658461513641402, 'generation': 243}","{'id': 13316, 'rank': 8, 'fitness': 0.8487929211051275, 'generation': 243}","{'id': 13350, 'rank': 9, 'fitness': 0.5504520793255177, 'generation': 243}","{'id': 13350, 'rank': 10, 'fitness': 0.5504520793255177, 'generation': 243}","{'id': 12912, 'rank': 11, 'fitness': 0.386360845411833, 'generation': 243}","{'id': 12912, 'rank': 12, 'fitness': 0.386360845411833, 'generation': 243}","{'id': 13257, 'rank': 13, 'fitness': 0.38421332537053754, 'generation': 243}","{'id': 13257, 'rank': 14, 'fitness': 0.38421332537053754, 'generation': 243}","{'id': 13246, 'rank': 15, 'fitness': 0.31612522825666717, 'generation': 243}","{'id': 13260, 'rank': 16, 'fitness': 0.27919219187723143, 'generation': 243}","{'id': 13260, 'rank': 17, 'fitness': 0.27919219187723143, 'generation': 243}","{'id': 13260, 'rank': 18, 'fitness': 0.27919219187723143, 'generation': 243}","{'id': 13330, 'rank': 19, 'fitness': 0.26963138884964566, 'generation': 243}","{'id': 13330, 'rank': 20, 'fitness': 0.26963138884964566, 'generation': 243}","{'id': 13340, 'rank': 21, 'fitness': 0.26851827253872, 'generation': 243}","{'id': 13270, 'rank': 22, 'fitness': 0.15855541486356622, 'generation': 243}","{'id': 13270, 'rank': 23, 'fitness': 0.15855541486356622, 'generation': 243}","{'id': 13315, 'rank': 24, 'fitness': 0.09776281266045228, 'generation': 243}","{'id': 13293, 'rank': 25, 'fitness': 0.07376415958820115, 'generation': 243}","{'id': 13335, 'rank': 26, 'fitness': 0.043188527699876855, 'generation': 243}","{'id': 13338, 'rank': 27, 'fitness': 0.033359327573670716, 'generation': 243}","{'id': 13338, 'rank': 28, 'fitness': 0.033359327573670716, 'generation': 243}","{'id': 13313, 'rank': 29, 'fitness': 0.02400099685996948, 'generation': 243}","{'id': 13314, 'rank': 30, 'fitness': 0.01798620996209155, 'generation': 243}"
"{'id': 13258, 'rank': 1, 'fitness': 0.9820137900379085, 'generation': 244}","{'id': 13396, 'rank': 2, 'fitness': 0.9744845408739481, 'generation': 244}","{'id': 13396, 'rank': 3, 'fitness': 0.9744845408739481, 'generation': 244}","{'id': 13262, 'rank': 4, 'fitness': 0.8959349214756396, 'generation': 244}","{'id': 13193, 'rank': 5, 'fitness': 0.8681169313118715, 'generation': 244}","{'id': 13263, 'rank': 6, 'fitness': 0.8651432222236055, 'generation': 244}","{'id': 13263, 'rank': 7, 'fitness': 0.8651432222236055, 'generation': 244}","{'id': 13263, 'rank': 8, 'fitness': 0.8651432222236055, 'generation': 244}","{'id': 13263, 'rank': 9, 'fitness': 0.8651432222236055, 'generation': 244}","{'id': 13377, 'rank': 10, 'fitness': 0.7743311452070015, 'generation': 244}","{'id': 13350, 'rank': 11, 'fitness': 0.5477933232751302, 'generation': 244}","{'id': 13355, 'rank': 12, 'fitness': 0.4897322901157234, 'generation': 244}","{'id': 12912, 'rank': 13, 'fitness': 0.38337324048387844, 'generation': 244}","{'id': 13257, 'rank': 14, 'fitness': 0.38122596121795244, 'generation': 244}","{'id': 13246, 'rank': 15, 'fitness': 0.3132153552258772, 'generation': 244}","{'id': 13395, 'rank': 16, 'fitness': 0.28601823007819016, 'generation': 244}","{'id': 13260, 'rank': 17, 'fitness': 0.27638481514859986, 'generation': 244}","{'id': 13260, 'rank': 18, 'fitness': 0.27638481514859986, 'generation': 244}","{'id': 13330, 'rank': 19, 'fitness': 0.2668579851112054, 'generation': 244}","{'id': 13330, 'rank': 20, 'fitness': 0.2668579851112054, 'generation': 244}","{'id': 13340, 'rank': 21, 'fitness': 0.2657490292645659, 'generation': 244}","{'id': 13374, 'rank': 22, 'fitness': 0.20486620639902825, 'generation': 244}","{'id': 13374, 'rank': 23, 'fitness': 0.20486620639902825, 'generation': 244}","{'id': 13376, 'rank': 24, 'fitness': 0.11518128341989176, 'generation': 244}","{'id': 13376, 'rank': 25, 'fitness': 0.11518128341989176, 'generation': 244}","{'id': 13389, 'rank': 26, 'fitness': 0.10044106132548081, 'generation': 244}","{'id': 13385, 'rank': 27, 'fitness': 0.06092726346561328, 'generation': 244}","{'id': 13357, 'rank': 28, 'fitness': 0.02507024845540551, 'generation': 244}","{'id': 13380, 'rank': 29, 'fitness': 0.01824599365317303, 'generation': 244}","{'id': 13358, 'rank': 30, 'fitness': 0.01798620996209155, 'generation': 244}"
"{'id': 13396, 'rank': 1, 'fitness': 0.9820137900379085, 'generation': 245}","{'id': 13396, 'rank': 2, 'fitness': 0.9820137900379085, 'generation': 245}","{'id': 13396, 'rank': 3, 'fitness': 0.9820137900379085, 'generation': 245}","{'id': 13438, 'rank': 4, 'fitness': 0.948278964558128, 'generation': 245}","{'id': 13262, 'rank': 5, 'fitness': 0.935410759009214, 'generation': 245}","{'id': 13437, 'rank': 6, 'fitness': 0.9342844616432135, 'generation': 245}","{'id': 13263, 'rank': 7, 'fitness': 0.9176544956116557, 'generation': 245}","{'id': 13263, 'rank': 8, 'fitness': 0.9176544956116557, 'generation': 245}","{'id': 13263, 'rank': 9, 'fitness': 0.9176544956116557, 'generation': 245}","{'id': 13263, 'rank': 10, 'fitness': 0.9176544956116557, 'generation': 245}","{'id': 13447, 'rank': 11, 'fitness': 0.8730426680694762, 'generation': 245}","{'id': 13377, 'rank': 12, 'fitness': 0.8645363278114881, 'generation': 245}","{'id': 13418, 'rank': 13, 'fitness': 0.7745251105581727, 'generation': 245}","{'id': 13418, 'rank': 14, 'fitness': 0.7745251105581727, 'generation': 245}","{'id': 13425, 'rank': 15, 'fitness': 0.7328594896113284, 'generation': 245}","{'id': 13425, 'rank': 16, 'fitness': 0.7328594896113284, 'generation': 245}","{'id': 13425, 'rank': 17, 'fitness': 0.7328594896113284, 'generation': 245}","{'id': 13350, 'rank': 18, 'fitness': 0.7162697492234562, 'generation': 245}","{'id': 12912, 'rank': 19, 'fitness': 0.5822141771003551, 'generation': 245}","{'id': 13260, 'rank': 20, 'fitness': 0.4744899626315349, 'generation': 245}","{'id': 13330, 'rank': 21, 'fitness': 0.4638068182206982, 'generation': 245}","{'id': 13440, 'rank': 22, 'fitness': 0.4581460392894311, 'generation': 245}","{'id': 13416, 'rank': 23, 'fitness': 0.37689591495792013, 'generation': 245}","{'id': 13376, 'rank': 24, 'fitness': 0.2571231937904299, 'generation': 245}","{'id': 13414, 'rank': 25, 'fitness': 0.18525878668747348, 'generation': 245}","{'id': 13357, 'rank': 26, 'fitness': 0.0754629328801859, 'generation': 245}","{'id': 13357, 'rank': 27, 'fitness': 0.0754629328801859, 'generation': 245}","{'id': 13430, 'rank': 28, 'fitness': 0.07543699638163298, 'generation': 245}","{'id': 13421, 'rank': 29, 'fitness': 0.04896398568664079, 'generation': 245}","{'id': 13433, 'rank': 30, 'fitness': 0.01798620996209155, 'generation': 245}"
"{'id': 13396, 'rank': 1, 'fitness': 0.9820137900379085, 'generation': 246}","{'id': 13396, 'rank': 2, 'fitness': 0.9820137900379085, 'generation': 246}","{'id': 13396, 'rank': 3, 'fitness': 0.9820137900379085, 'generation': 246}","{'id': 13491, 'rank': 4, 'fitness': 0.9723031124363093, 'generation': 246}","{'id': 13263, 'rank': 5, 'fitness': 0.9045694706300411, 'generation': 246}","{'id': 13263, 'rank': 6, 'fitness': 0.9045694706300411, 'generation': 246}","{'id': 13263, 'rank': 7, 'fitness': 0.9045694706300411, 'generation': 246}","{'id': 13447, 'rank': 8, 'fitness': 0.8477589855723333, 'generation': 246}","{'id': 13377, 'rank': 9, 'fitness': 0.8368378923507998, 'generation': 246}","{'id': 13466, 'rank': 10, 'fitness': 0.7403280734992868, 'generation': 246}","{'id': 13418, 'rank': 11, 'fitness': 0.7215879527838494, 'generation': 246}","{'id': 13418, 'rank': 12, 'fitness': 0.7215879527838494, 'generation': 246}","{'id': 13499, 'rank': 13, 'fitness': 0.5488088875070457, 'generation': 246}","{'id': 13484, 'rank': 14, 'fitness': 0.5440549983144671, 'generation': 246}","{'id': 12912, 'rank': 15, 'fitness': 0.48957695557975306, 'generation': 246}","{'id': 13330, 'rank': 16, 'fitness': 0.3618919758675897, 'generation': 246}","{'id': 13496, 'rank': 17, 'fitness': 0.22380857576595464, 'generation': 246}","{'id': 13376, 'rank': 18, 'fitness': 0.17130709001526695, 'generation': 246}","{'id': 13376, 'rank': 19, 'fitness': 0.17130709001526695, 'generation': 246}","{'id': 13489, 'rank': 20, 'fitness': 0.1237253876160781, 'generation': 246}","{'id': 13512, 'rank': 21, 'fitness': 0.09027634471935064, 'generation': 246}","{'id': 13457, 'rank': 22, 'fitness': 0.08143994718084846, 'generation': 246}","{'id': 13514, 'rank': 23, 'fitness': 0.06977703367743637, 'generation': 246}","{'id': 13514, 'rank': 24, 'fitness': 0.06977703367743637, 'generation': 246}","{'id': 13514, 'rank': 25, 'fitness': 0.06977703367743637, 'generation': 246}","{'id': 13474, 'rank': 26, 'fitness': 0.02836350861691528, 'generation': 246}","{'id': 13458, 'rank': 27, 'fitness': 0.019300582185034, 'generation': 246}","{'id': 13458, 'rank': 28, 'fitness': 0.019300582185034, 'generation': 246}","{'id': 13463, 'rank': 29, 'fitness': 0.01853135670269135, 'generation': 246}","{'id': 13462, 'rank': 30, 'fitness': 0.01798620996209155, 'generation': 246}"
"{'id': 13531, 'rank': 1, 'fitness': 0.9820137900379085, 'generation': 247}","{'id': 13396, 'rank': 2, 'fitness': 0.9602811218619042, 'generation': 247}","{'id': 13396, 'rank': 3, 'fitness': 0.9602811218619042, 'generation': 247}","{'id': 13491, 'rank': 4, 'fitness': 0.9434563852188602, 'generation': 247}","{'id': 13548, 'rank': 5, 'fitness': 0.8987416224331277, 'generation': 247}","{'id': 13447, 'rank': 6, 'fitness': 0.780476170345946, 'generation': 247}","{'id': 13377, 'rank': 7, 'fitness': 0.7684146247400847, 'generation': 247}","{'id': 13466, 'rank': 8, 'fitness': 0.6695811131369234, 'generation': 247}","{'id': 13418, 'rank': 9, 'fitness': 0.6516381366487491, 'generation': 247}","{'id': 13418, 'rank': 10, 'fitness': 0.6516381366487491, 'generation': 247}","{'id': 13418, 'rank': 11, 'fitness': 0.6516381366487491, 'generation': 247}","{'id': 13567, 'rank': 12, 'fitness': 0.6439977008892827, 'generation': 247}","{'id': 13542, 'rank': 13, 'fitness': 0.5588122954182778, 'generation': 247}","{'id': 13484, 'rank': 14, 'fitness': 0.49372622190681953, 'generation': 247}","{'id': 13538, 'rank': 15, 'fitness': 0.488763586311094, 'generation': 247}","{'id': 13538, 'rank': 16, 'fitness': 0.488763586311094, 'generation': 247}","{'id': 13530, 'rank': 17, 'fitness': 0.370324698989493, 'generation': 247}","{'id': 13529, 'rank': 18, 'fitness': 0.361393389677322, 'generation': 247}","{'id': 13546, 'rank': 19, 'fitness': 0.29564445541638523, 'generation': 247}","{'id': 13546, 'rank': 20, 'fitness': 0.29564445541638523, 'generation': 247}","{'id': 13496, 'rank': 21, 'fitness': 0.22833612583787438, 'generation': 247}","{'id': 13527, 'rank': 22, 'fitness': 0.17376098331015266, 'generation': 247}","{'id': 13551, 'rank': 23, 'fitness': 0.14412376954988287, 'generation': 247}","{'id': 13514, 'rank': 24, 'fitness': 0.08719189109847186, 'generation': 247}","{'id': 13553, 'rank': 25, 'fitness': 0.08681405165642986, 'generation': 247}","{'id': 13545, 'rank': 26, 'fitness': 0.06087009096694879, 'generation': 247}","{'id': 13562, 'rank': 27, 'fitness': 0.035139814068093356, 'generation': 247}","{'id': 13463, 'rank': 28, 'fitness': 0.029120180451187194, 'generation': 247}","{'id': 13463, 'rank': 29, 'fitness': 0.029120180451187194, 'generation': 247}","{'id': 13536, 'rank': 30, 'fitness': 0.01798620996209155, 'generation': 247}"
"{'id': 13531, 'rank': 1, 'fitness': 0.9820137900379085, 'generation': 248}","{'id': 13396, 'rank': 2, 'fitness': 0.9561034450410946, 'generation': 248}","{'id': 13491, 'rank': 3, 'fitness': 0.9347865616838087, 'generation': 248}","{'id': 13602, 'rank': 4, 'fitness': 0.724850062081114, 'generation': 248}","{'id': 13602, 'rank': 5, 'fitness': 0.724850062081114, 'generation': 248}","{'id': 13602, 'rank': 6, 'fitness': 0.724850062081114, 'generation': 248}","{'id': 13602, 'rank': 7, 'fitness': 0.724850062081114, 'generation': 248}","{'id': 13612, 'rank': 8, 'fitness': 0.7186894469388793, 'generation': 248}","{'id': 13377, 'rank': 9, 'fitness': 0.698582435367173, 'generation': 248}","{'id': 13377, 'rank': 10, 'fitness': 0.698582435367173, 'generation': 248}","{'id': 13377, 'rank': 11, 'fitness': 0.698582435367173, 'generation': 248}","{'id': 13576, 'rank': 12, 'fitness': 0.3847052455385356, 'generation': 248}","{'id': 13484, 'rank': 13, 'fitness': 0.3680004324824647, 'generation': 248}","{'id': 13574, 'rank': 14, 'fitness': 0.3616166012527118, 'generation': 248}","{'id': 13574, 'rank': 15, 'fitness': 0.3616166012527118, 'generation': 248}","{'id': 13578, 'rank': 16, 'fitness': 0.3510593502941649, 'generation': 248}","{'id': 13627, 'rank': 17, 'fitness': 0.2607790507959376, 'generation': 248}","{'id': 13530, 'rank': 18, 'fitness': 0.24762344482016924, 'generation': 248}","{'id': 13546, 'rank': 19, 'fitness': 0.1836448962322827, 'generation': 248}","{'id': 13620, 'rank': 20, 'fitness': 0.14021587482407372, 'generation': 248}","{'id': 13620, 'rank': 21, 'fitness': 0.14021587482407372, 'generation': 248}","{'id': 13600, 'rank': 22, 'fitness': 0.09674380092960533, 'generation': 248}","{'id': 13551, 'rank': 23, 'fitness': 0.07431703973154885, 'generation': 248}","{'id': 13588, 'rank': 24, 'fitness': 0.06835329622580433, 'generation': 248}","{'id': 13604, 'rank': 25, 'fitness': 0.053689646199292174, 'generation': 248}","{'id': 13580, 'rank': 26, 'fitness': 0.052774893993678906, 'generation': 248}","{'id': 13582, 'rank': 27, 'fitness': 0.04424280950614368, 'generation': 248}","{'id': 13581, 'rank': 28, 'fitness': 0.029732534703119817, 'generation': 248}","{'id': 13603, 'rank': 29, 'fitness': 0.02113641885782208, 'generation': 248}","{'id': 13616, 'rank': 30, 'fitness': 0.01798620996209155, 'generation': 248}"
"{'id': 13396, 'rank': 1, 'fitness': 0.9820137900379085, 'generation': 249}","{'id': 13672, 'rank': 2, 'fitness': 0.8283666762186256, 'generation': 249}","{'id': 13672, 'rank': 3, 'fitness': 0.8283666762186256, 'generation': 249}","{'id': 13602, 'rank': 4, 'fitness': 0.7995033665744389, 'generation': 249}","{'id': 13602, 'rank': 5, 'fitness': 0.7995033665744389, 'generation': 249}","{'id': 13674, 'rank': 6, 'fitness': 0.7788034495443472, 'generation': 249}","{'id': 13377, 'rank': 7, 'fitness': 0.7728568842557049, 'generation': 249}","{'id': 13667, 'rank': 8, 'fitness': 0.7433148827392173, 'generation': 249}","{'id': 13663, 'rank': 9, 'fitness': 0.42176905445531576, 'generation': 249}","{'id': 13663, 'rank': 10, 'fitness': 0.42176905445531576, 'generation': 249}","{'id': 13643, 'rank': 11, 'fitness': 0.41207254713977415, 'generation': 249}","{'id': 13576, 'rank': 12, 'fitness': 0.4016653545288099, 'generation': 249}","{'id': 13574, 'rank': 13, 'fitness': 0.3726563633096785, 'generation': 249}","{'id': 13574, 'rank': 14, 'fitness': 0.3726563633096785, 'generation': 249}","{'id': 13574, 'rank': 15, 'fitness': 0.3726563633096785, 'generation': 249}","{'id': 13627, 'rank': 16, 'fitness': 0.24833871045433392, 'generation': 249}","{'id': 13627, 'rank': 17, 'fitness': 0.24833871045433392, 'generation': 249}","{'id': 13655, 'rank': 18, 'fitness': 0.2219513516962155, 'generation': 249}","{'id': 13652, 'rank': 19, 'fitness': 0.21760481823339844, 'generation': 249}","{'id': 13670, 'rank': 20, 'fitness': 0.1697649074492033, 'generation': 249}","{'id': 13640, 'rank': 21, 'fitness': 0.09630967292888448, 'generation': 249}","{'id': 13679, 'rank': 22, 'fitness': 0.0715868747673114, 'generation': 249}","{'id': 13600, 'rank': 23, 'fitness': 0.07016511093690819, 'generation': 249}","{'id': 13644, 'rank': 24, 'fitness': 0.04551668311079404, 'generation': 249}","{'id': 13647, 'rank': 25, 'fitness': 0.03642195727195663, 'generation': 249}","{'id': 13604, 'rank': 26, 'fitness': 0.03320459000595072, 'generation': 249}","{'id': 13604, 'rank': 27, 'fitness': 0.03320459000595072, 'generation': 249}","{'id': 13651, 'rank': 28, 'fitness': 0.030385254247545956, 'generation': 249}","{'id': 13630, 'rank': 29, 'fitness': 0.018889075999906746, 'generation': 249}","{'id': 13656, 'rank': 30, 'fitness': 0.01798620996209155, 'generation': 249}"
"{'id': 13681, 'rank': 1, 'fitness': 0.9820137900379085, 'generation': 250}","{'id': 13722, 'rank': 2, 'fitness': 0.9638863112149811, 'generation': 250}","{'id': 13722, 'rank': 3, 'fitness': 0.9638863112149811, 'generation': 250}","{'id': 13707, 'rank': 4, 'fitness': 0.9528967735105096, 'generation': 250}","{'id': 13672, 'rank': 5, 'fitness': 0.9392334489266496, 'generation': 250}","{'id': 13602, 'rank': 6, 'fitness': 0.9275641420632486, 'generation': 250}","{'id': 13377, 'rank': 7, 'fitness': 0.9163269896792816, 'generation': 250}","{'id': 13667, 'rank': 8, 'fitness': 0.9033073637198374, 'generation': 250}","{'id': 13667, 'rank': 9, 'fitness': 0.9033073637198374, 'generation': 250}","{'id': 13667, 'rank': 10, 'fitness': 0.9033073637198374, 'generation': 250}","{'id': 13706, 'rank': 11, 'fitness': 0.8999043242587534, 'generation': 250}","{'id': 13663, 'rank': 12, 'fitness': 0.7058923551735692, 'generation': 250}","{'id': 13663, 'rank': 13, 'fitness': 0.7058923551735692, 'generation': 250}","{'id': 13574, 'rank': 14, 'fitness': 0.6622058186525376, 'generation': 250}","{'id': 13574, 'rank': 15, 'fitness': 0.6622058186525376, 'generation': 250}","{'id': 13574, 'rank': 16, 'fitness': 0.6622058186525376, 'generation': 250}","{'id': 13689, 'rank': 17, 'fitness': 0.599086156145076, 'generation': 250}","{'id': 13689, 'rank': 18, 'fitness': 0.599086156145076, 'generation': 250}","{'id': 13685, 'rank': 19, 'fitness': 0.526962268468887, 'generation': 250}","{'id': 13627, 'rank': 20, 'fitness': 0.5237071425940932, 'generation': 250}","{'id': 13670, 'rank': 21, 'fitness': 0.406604440526324, 'generation': 250}","{'id': 13686, 'rank': 22, 'fitness': 0.3077344764314477, 'generation': 250}","{'id': 13686, 'rank': 23, 'fitness': 0.3077344764314477, 'generation': 250}","{'id': 13640, 'rank': 24, 'fitness': 0.26496943480250945, 'generation': 250}","{'id': 13726, 'rank': 25, 'fitness': 0.2535890781710138, 'generation': 250}","{'id': 13714, 'rank': 26, 'fitness': 0.2353758261081313, 'generation': 250}","{'id': 13697, 'rank': 27, 'fitness': 0.2329239076288152, 'generation': 250}","{'id': 13600, 'rank': 28, 'fitness': 0.2041454688746584, 'generation': 250}","{'id': 13715, 'rank': 29, 'fitness': 0.032202156274491134, 'generation': 250}","{'id': 13693, 'rank': 30, 'fitness': 0.01798620996209155, 'generation': 250}"
"{'id': 13722, 'rank': 1, 'fitness': 0.9820137900379085, 'generation': 251}","{'id': 13672, 'rank': 2, 'fitness': 0.9722721399755361, 'generation': 251}","{'id': 13706, 'rank': 3, 'fitness': 0.9576281036577184, 'generation': 251}","{'id': 13663, 'rank': 4, 'fitness': 0.8856930989661644, 'generation': 251}","{'id': 13663, 'rank': 5, 'fitness': 0.8856930989661644, 'generation': 251}","{'id': 13663, 'rank': 6, 'fitness': 0.8856930989661644, 'generation': 251}","{'id': 13574, 'rank': 7, 'fitness': 0.8680057808099378, 'generation': 251}","{'id': 13574, 'rank': 8, 'fitness': 0.8680057808099378, 'generation': 251}","{'id': 13689, 'rank': 9, 'fitness': 0.8406915981003293, 'generation': 251}","{'id': 13689, 'rank': 10, 'fitness': 0.8406915981003293, 'generation': 251}","{'id': 13685, 'rank': 11, 'fitness': 0.8061696612277358, 'generation': 251}","{'id': 13685, 'rank': 12, 'fitness': 0.8061696612277358, 'generation': 251}","{'id': 13746, 'rank': 13, 'fitness': 0.7055929675340609, 'generation': 251}","{'id': 13746, 'rank': 14, 'fitness': 0.7055929675340609, 'generation': 251}","{'id': 13759, 'rank': 15, 'fitness': 0.7016489453371146, 'generation': 251}","{'id': 13726, 'rank': 16, 'fitness': 0.6136623656755581, 'generation': 251}","{'id': 13761, 'rank': 17, 'fitness': 0.6026694032765181, 'generation': 251}","{'id': 13697, 'rank': 18, 'fitness': 0.5918683170439687, 'generation': 251}","{'id': 13734, 'rank': 19, 'fitness': 0.5790314321631174, 'generation': 251}","{'id': 13760, 'rank': 20, 'fitness': 0.49435086365291087, 'generation': 251}","{'id': 13755, 'rank': 21, 'fitness': 0.42799547595289134, 'generation': 251}","{'id': 13744, 'rank': 22, 'fitness': 0.42710508460881214, 'generation': 251}","{'id': 13742, 'rank': 23, 'fitness': 0.32328070895586236, 'generation': 251}","{'id': 13742, 'rank': 24, 'fitness': 0.32328070895586236, 'generation': 251}","{'id': 13732, 'rank': 25, 'fitness': 0.2399218051068261, 'generation': 251}","{'id': 13758, 'rank': 26, 'fitness': 0.2355931510147517, 'generation': 251}","{'id': 13738, 'rank': 27, 'fitness': 0.1258328953761631, 'generation': 251}","{'id': 13773, 'rank': 28, 'fitness': 0.12359243126954356, 'generation': 251}","{'id': 13777, 'rank': 29, 'fitness': 0.12139279145836046, 'generation': 251}","{'id': 13778, 'rank': 30, 'fitness': 0.01798620996209155, 'generation': 251}"
"{'id': 13722, 'rank': 1, 'fitness': 0.9820137900379085, 'generation': 252}","{'id': 13785, 'rank': 2, 'fitness': 0.9811267112534587, 'generation': 252}","{'id': 13672, 'rank': 3, 'fitness': 0.9695250204499573, 'generation': 252}","{'id': 13798, 'rank': 4, 'fitness': 0.8846714176633405, 'generation': 252}","{'id': 13798, 'rank': 5, 'fitness': 0.8846714176633405, 'generation': 252}","{'id': 13663, 'rank': 6, 'fitness': 0.834581682354648, 'generation': 252}","{'id': 13574, 'rank': 7, 'fitness': 0.8050818485636768, 'generation': 252}","{'id': 13574, 'rank': 8, 'fitness': 0.8050818485636768, 'generation': 252}","{'id': 13689, 'rank': 9, 'fitness': 0.7595023766671749, 'generation': 252}","{'id': 13689, 'rank': 10, 'fitness': 0.7595023766671749, 'generation': 252}","{'id': 13689, 'rank': 11, 'fitness': 0.7595023766671749, 'generation': 252}","{'id': 13689, 'rank': 12, 'fitness': 0.7595023766671749, 'generation': 252}","{'id': 13685, 'rank': 13, 'fitness': 0.7025706533945983, 'generation': 252}","{'id': 13685, 'rank': 14, 'fitness': 0.7025706533945983, 'generation': 252}","{'id': 13808, 'rank': 15, 'fitness': 0.6741874699055607, 'generation': 252}","{'id': 13746, 'rank': 16, 'fitness': 0.5466661317821799, 'generation': 252}","{'id': 13759, 'rank': 17, 'fitness': 0.5409432969288251, 'generation': 252}","{'id': 13793, 'rank': 18, 'fitness': 0.5186762009544001, 'generation': 252}","{'id': 13787, 'rank': 19, 'fitness': 0.5063412030568601, 'generation': 252}","{'id': 13795, 'rank': 20, 'fitness': 0.3460208895106258, 'generation': 252}","{'id': 13800, 'rank': 21, 'fitness': 0.32429069032480085, 'generation': 252}","{'id': 13805, 'rank': 22, 'fitness': 0.24132958007287802, 'generation': 252}","{'id': 13843, 'rank': 23, 'fitness': 0.20822454807396062, 'generation': 252}","{'id': 13794, 'rank': 24, 'fitness': 0.14436541759407528, 'generation': 252}","{'id': 13742, 'rank': 25, 'fitness': 0.1443046583718895, 'generation': 252}","{'id': 13838, 'rank': 26, 'fitness': 0.09602799512480426, 'generation': 252}","{'id': 13810, 'rank': 27, 'fitness': 0.06564648889783209, 'generation': 252}","{'id': 13851, 'rank': 28, 'fitness': 0.058402144799892974, 'generation': 252}","{'id': 13819, 'rank': 29, 'fitness': 0.037338709813870274, 'generation': 252}","{'id': 13816, 'rank': 30, 'fitness': 0.01798620996209155, 'generation': 252}"
"{'id': 13872, 'rank': 1, 'fitness': 0.9820137900379085, 'generation': 253}","{'id': 13878, 'rank': 2, 'fitness': 0.96360259447331, 'generation': 253}","{'id': 13878, 'rank': 3, 'fitness': 0.96360259447331, 'generation': 253}","{'id': 13907, 'rank': 4, 'fitness': 0.9299189268508294, 'generation': 253}","{'id': 13885, 'rank': 5, 'fitness': 0.9070496418071095, 'generation': 253}","{'id': 13860, 'rank': 6, 'fitness': 0.889488328249259, 'generation': 253}","{'id': 13861, 'rank': 7, 'fitness': 0.8358853101880327, 'generation': 253}","{'id': 13909, 'rank': 8, 'fitness': 0.7720470040537158, 'generation': 253}","{'id': 13871, 'rank': 9, 'fitness': 0.7665411918026364, 'generation': 253}","{'id': 13871, 'rank': 10, 'fitness': 0.7665411918026364, 'generation': 253}","{'id': 13663, 'rank': 11, 'fitness': 0.7604140414904978, 'generation': 253}","{'id': 13689, 'rank': 12, 'fitness': 0.6623885052099605, 'generation': 253}","{'id': 13689, 'rank': 13, 'fitness': 0.6623885052099605, 'generation': 253}","{'id': 13689, 'rank': 14, 'fitness': 0.6623885052099605, 'generation': 253}","{'id': 13689, 'rank': 15, 'fitness': 0.6623885052099605, 'generation': 253}","{'id': 13689, 'rank': 16, 'fitness': 0.6623885052099605, 'generation': 253}","{'id': 13863, 'rank': 17, 'fitness': 0.4591002004051003, 'generation': 253}","{'id': 13863, 'rank': 18, 'fitness': 0.4591002004051003, 'generation': 253}","{'id': 13898, 'rank': 19, 'fitness': 0.3790304733725701, 'generation': 253}","{'id': 13906, 'rank': 20, 'fitness': 0.34911926603304727, 'generation': 253}","{'id': 13906, 'rank': 21, 'fitness': 0.34911926603304727, 'generation': 253}","{'id': 13795, 'rank': 22, 'fitness': 0.23862760084168017, 'generation': 253}","{'id': 13903, 'rank': 23, 'fitness': 0.16981750147978147, 'generation': 253}","{'id': 13794, 'rank': 24, 'fitness': 0.08837669126502884, 'generation': 253}","{'id': 13865, 'rank': 25, 'fitness': 0.06419958250271013, 'generation': 253}","{'id': 13838, 'rank': 26, 'fitness': 0.05686011932955731, 'generation': 253}","{'id': 13838, 'rank': 27, 'fitness': 0.05686011932955731, 'generation': 253}","{'id': 13870, 'rank': 28, 'fitness': 0.039533300146129435, 'generation': 253}","{'id': 13810, 'rank': 29, 'fitness': 0.03794047305010961, 'generation': 253}","{'id': 13897, 'rank': 30, 'fitness': 0.01798620996209155, 'generation': 253}"
"{'id': 13969, 'rank': 1, 'fitness': 0.9820137900379085, 'generation': 254}","{'id': 13969, 'rank': 2, 'fitness': 0.9820137900379085, 'generation': 254}","{'id': 13872, 'rank': 3, 'fitness': 0.9135289244221738, 'generation': 254}","{'id': 13949, 'rank': 4, 'fitness': 0.8505986727918047, 'generation': 254}","{'id': 13949, 'rank': 5, 'fitness': 0.8505986727918047, 'generation': 254}","{'id': 13878, 'rank': 6, 'fitness': 0.843122129556034, 'generation': 254}","{'id': 13878, 'rank': 7, 'fitness': 0.843122129556034, 'generation': 254}","{'id': 13917, 'rank': 8, 'fitness': 0.7226079998032056, 'generation': 254}","{'id': 13954, 'rank': 9, 'fitness': 0.6916848816681038, 'generation': 254}","{'id': 13689, 'rank': 10, 'fitness': 0.3212209425543422, 'generation': 254}","{'id': 13689, 'rank': 11, 'fitness': 0.3212209425543422, 'generation': 254}","{'id': 13933, 'rank': 12, 'fitness': 0.2898512942194109, 'generation': 254}","{'id': 13933, 'rank': 13, 'fitness': 0.2898512942194109, 'generation': 254}","{'id': 13933, 'rank': 14, 'fitness': 0.2898512942194109, 'generation': 254}","{'id': 13922, 'rank': 15, 'fitness': 0.19597388209594252, 'generation': 254}","{'id': 13863, 'rank': 16, 'fitness': 0.17791019754882287, 'generation': 254}","{'id': 13863, 'rank': 17, 'fitness': 0.17791019754882287, 'generation': 254}","{'id': 13913, 'rank': 18, 'fitness': 0.14322464189094214, 'generation': 254}","{'id': 13913, 'rank': 19, 'fitness': 0.14322464189094214, 'generation': 254}","{'id': 13913, 'rank': 20, 'fitness': 0.14322464189094214, 'generation': 254}","{'id': 13906, 'rank': 21, 'fitness': 0.12356342582233482, 'generation': 254}","{'id': 13906, 'rank': 22, 'fitness': 0.12356342582233482, 'generation': 254}","{'id': 13906, 'rank': 23, 'fitness': 0.12356342582233482, 'generation': 254}","{'id': 13935, 'rank': 24, 'fitness': 0.11550555406551766, 'generation': 254}","{'id': 13968, 'rank': 25, 'fitness': 0.10956297625136069, 'generation': 254}","{'id': 13964, 'rank': 26, 'fitness': 0.05323546694261616, 'generation': 254}","{'id': 13930, 'rank': 27, 'fitness': 0.030050926362911345, 'generation': 254}","{'id': 13936, 'rank': 28, 'fitness': 0.02865489296224305, 'generation': 254}","{'id': 13926, 'rank': 29, 'fitness': 0.022229013868089842, 'generation': 254}","{'id': 13838, 'rank': 30, 'fitness': 0.01798620996209155, 'generation': 254}"
"{'id': 13969, 'rank': 1, 'fitness': 0.9820137900379085, 'generation': 255}","{'id': 13969, 'rank': 2, 'fitness': 0.9820137900379085, 'generation': 255}","{'id': 13969, 'rank': 3, 'fitness': 0.9820137900379085, 'generation': 255}","{'id': 13872, 'rank': 4, 'fitness': 0.9245627165866479, 'generation': 255}","{'id': 13997, 'rank': 5, 'fitness': 0.9172988698675624, 'generation': 255}","{'id': 14017, 'rank': 6, 'fitness': 0.8446620342411831, 'generation': 255}","{'id': 13983, 'rank': 7, 'fitness': 0.6076575257060708, 'generation': 255}","{'id': 13983, 'rank': 8, 'fitness': 0.6076575257060708, 'generation': 255}","{'id': 13991, 'rank': 9, 'fitness': 0.34526734294116046, 'generation': 255}","{'id': 13991, 'rank': 10, 'fitness': 0.34526734294116046, 'generation': 255}","{'id': 13970, 'rank': 11, 'fitness': 0.31081813660191293, 'generation': 255}","{'id': 13922, 'rank': 12, 'fitness': 0.2844834620738449, 'generation': 255}","{'id': 13863, 'rank': 13, 'fitness': 0.2629877247517218, 'generation': 255}","{'id': 13863, 'rank': 14, 'fitness': 0.2629877247517218, 'generation': 255}","{'id': 13863, 'rank': 15, 'fitness': 0.2629877247517218, 'generation': 255}","{'id': 13863, 'rank': 16, 'fitness': 0.2629877247517218, 'generation': 255}","{'id': 13999, 'rank': 17, 'fitness': 0.22754039072592802, 'generation': 255}","{'id': 13913, 'rank': 18, 'fitness': 0.22005561038199078, 'generation': 255}","{'id': 13906, 'rank': 19, 'fitness': 0.1946164747994275, 'generation': 255}","{'id': 13935, 'rank': 20, 'fitness': 0.1839291461880715, 'generation': 255}","{'id': 13968, 'rank': 21, 'fitness': 0.1759422981816971, 'generation': 255}","{'id': 14010, 'rank': 22, 'fitness': 0.17175833641351795, 'generation': 255}","{'id': 13982, 'rank': 23, 'fitness': 0.09932774676622336, 'generation': 255}","{'id': 13995, 'rank': 24, 'fitness': 0.09552117351356137, 'generation': 255}","{'id': 13964, 'rank': 25, 'fitness': 0.09479985371633776, 'generation': 255}","{'id': 13992, 'rank': 26, 'fitness': 0.08330609437097236, 'generation': 255}","{'id': 14003, 'rank': 27, 'fitness': 0.0745844321720891, 'generation': 255}","{'id': 13838, 'rank': 28, 'fitness': 0.03638129291649017, 'generation': 255}","{'id': 13975, 'rank': 29, 'fitness': 0.03343867879925677, 'generation': 255}","{'id': 13979, 'rank': 30, 'fitness': 0.01798620996209155, 'generation': 255}"
"{'id': 13969, 'rank': 1, 'fitness': 0.9820137900379085, 'generation': 256}","{'id': 13969, 'rank': 2, 'fitness': 0.9820137900379085, 'generation': 256}","{'id': 13969, 'rank': 3, 'fitness': 0.9820137900379085, 'generation': 256}","{'id': 13969, 'rank': 4, 'fitness': 0.9820137900379085, 'generation': 256}","{'id': 13969, 'rank': 5, 'fitness': 0.9820137900379085, 'generation': 256}","{'id': 13997, 'rank': 6, 'fitness': 0.9086528857801155, 'generation': 256}","{'id': 14042, 'rank': 7, 'fitness': 0.9050489484480683, 'generation': 256}","{'id': 14017, 'rank': 8, 'fitness': 0.8228416725956282, 'generation': 256}","{'id': 14052, 'rank': 9, 'fitness': 0.819537422620929, 'generation': 256}","{'id': 14041, 'rank': 10, 'fitness': 0.5565452519165696, 'generation': 256}","{'id': 14041, 'rank': 11, 'fitness': 0.5565452519165696, 'generation': 256}","{'id': 13983, 'rank': 12, 'fitness': 0.5483610245973132, 'generation': 256}","{'id': 13983, 'rank': 13, 'fitness': 0.5483610245973132, 'generation': 256}","{'id': 14057, 'rank': 14, 'fitness': 0.48626306641717726, 'generation': 256}","{'id': 14057, 'rank': 15, 'fitness': 0.48626306641717726, 'generation': 256}","{'id': 14061, 'rank': 16, 'fitness': 0.485935970027224, 'generation': 256}","{'id': 14027, 'rank': 17, 'fitness': 0.3252532616946889, 'generation': 256}","{'id': 13991, 'rank': 18, 'fitness': 0.27748912580225804, 'generation': 256}","{'id': 13970, 'rank': 19, 'fitness': 0.24526527030357415, 'generation': 256}","{'id': 14066, 'rank': 20, 'fitness': 0.2342664237741987, 'generation': 256}","{'id': 14055, 'rank': 21, 'fitness': 0.22028315869340176, 'generation': 256}","{'id': 13863, 'rank': 22, 'fitness': 0.20193749160313973, 'generation': 256}","{'id': 13999, 'rank': 23, 'fitness': 0.17092496502355792, 'generation': 256}","{'id': 14026, 'rank': 24, 'fitness': 0.14893284036532684, 'generation': 256}","{'id': 13968, 'rank': 25, 'fitness': 0.12753750642372846, 'generation': 256}","{'id': 13995, 'rank': 26, 'fitness': 0.06446870756639617, 'generation': 256}","{'id': 13964, 'rank': 27, 'fitness': 0.06393103049595272, 'generation': 256}","{'id': 14003, 'rank': 28, 'fitness': 0.049092792003805674, 'generation': 256}","{'id': 14056, 'rank': 29, 'fitness': 0.039714601896848056, 'generation': 256}","{'id': 14070, 'rank': 30, 'fitness': 0.01798620996209155, 'generation': 256}"
"{'id': 13969, 'rank': 1, 'fitness': 0.9820137900379085, 'generation': 257}","{'id': 13969, 'rank': 2, 'fitness': 0.9820137900379085, 'generation': 257}","{'id': 13969, 'rank': 3, 'fitness': 0.9820137900379085, 'generation': 257}","{'id': 14113, 'rank': 4, 'fitness': 0.9259769833494257, 'generation': 257}","{'id': 13997, 'rank': 5, 'fitness': 0.9248317568628435, 'generation': 257}","{'id': 14112, 'rank': 6, 'fitness': 0.9060528578810714, 'generation': 257}","{'id': 14052, 'rank': 7, 'fitness': 0.8610091905442949, 'generation': 257}","{'id': 13983, 'rank': 8, 'fitness': 0.6613312656457269, 'generation': 257}","{'id': 14057, 'rank': 9, 'fitness': 0.6109506273203125, 'generation': 257}","{'id': 14057, 'rank': 10, 'fitness': 0.6109506273203125, 'generation': 257}","{'id': 14105, 'rank': 11, 'fitness': 0.5426662004483548, 'generation': 257}","{'id': 14105, 'rank': 12, 'fitness': 0.5426662004483548, 'generation': 257}","{'id': 14114, 'rank': 13, 'fitness': 0.4661017383793151, 'generation': 257}","{'id': 14114, 'rank': 14, 'fitness': 0.4661017383793151, 'generation': 257}","{'id': 14055, 'rank': 15, 'fitness': 0.35279129644183804, 'generation': 257}","{'id': 13999, 'rank': 16, 'fitness': 0.2926550094700885, 'generation': 257}","{'id': 14101, 'rank': 17, 'fitness': 0.1874568737489381, 'generation': 257}","{'id': 14101, 'rank': 18, 'fitness': 0.1874568737489381, 'generation': 257}","{'id': 14130, 'rank': 19, 'fitness': 0.1674737813986567, 'generation': 257}","{'id': 14130, 'rank': 20, 'fitness': 0.1674737813986567, 'generation': 257}","{'id': 14129, 'rank': 21, 'fitness': 0.16009887926009247, 'generation': 257}","{'id': 14094, 'rank': 22, 'fitness': 0.13661588884198655, 'generation': 257}","{'id': 14083, 'rank': 23, 'fitness': 0.10933586012153418, 'generation': 257}","{'id': 14056, 'rank': 24, 'fitness': 0.09208960369275859, 'generation': 257}","{'id': 14080, 'rank': 25, 'fitness': 0.07345082966123195, 'generation': 257}","{'id': 14117, 'rank': 26, 'fitness': 0.06874733626504254, 'generation': 257}","{'id': 14082, 'rank': 27, 'fitness': 0.055179940520321324, 'generation': 257}","{'id': 14079, 'rank': 28, 'fitness': 0.04962665849820452, 'generation': 257}","{'id': 14070, 'rank': 29, 'fitness': 0.047372536976147794, 'generation': 257}","{'id': 14108, 'rank': 30, 'fitness': 0.01798620996209155, 'generation': 257}"
"{'id': 13969, 'rank': 1, 'fitness': 0.9820137900379085, 'generation': 258}","{'id': 13969, 'rank': 2, 'fitness': 0.9820137900379085, 'generation': 258}","{'id': 13969, 'rank': 3, 'fitness': 0.9820137900379085, 'generation': 258}","{'id': 13969, 'rank': 4, 'fitness': 0.9820137900379085, 'generation': 258}","{'id': 14146, 'rank': 5, 'fitness': 0.9067422140833963, 'generation': 258}","{'id': 14052, 'rank': 6, 'fitness': 0.8218720944220264, 'generation': 258}","{'id': 14148, 'rank': 7, 'fitness': 0.8132414632945637, 'generation': 258}","{'id': 14145, 'rank': 8, 'fitness': 0.42732523064161565, 'generation': 258}","{'id': 14105, 'rank': 9, 'fitness': 0.41404832255587426, 'generation': 258}","{'id': 14105, 'rank': 10, 'fitness': 0.41404832255587426, 'generation': 258}","{'id': 14149, 'rank': 11, 'fitness': 0.4037530274241003, 'generation': 258}","{'id': 14151, 'rank': 12, 'fitness': 0.3342629709620272, 'generation': 258}","{'id': 14151, 'rank': 13, 'fitness': 0.3342629709620272, 'generation': 258}","{'id': 14173, 'rank': 14, 'fitness': 0.3228002156962295, 'generation': 258}","{'id': 14173, 'rank': 15, 'fitness': 0.3228002156962295, 'generation': 258}","{'id': 14173, 'rank': 16, 'fitness': 0.3228002156962295, 'generation': 258}","{'id': 14169, 'rank': 17, 'fitness': 0.24374060799396008, 'generation': 258}","{'id': 14055, 'rank': 18, 'fitness': 0.22610594437401255, 'generation': 258}","{'id': 13999, 'rank': 19, 'fitness': 0.1760284929262264, 'generation': 258}","{'id': 14101, 'rank': 20, 'fitness': 0.09915422933596818, 'generation': 258}","{'id': 14101, 'rank': 21, 'fitness': 0.09915422933596818, 'generation': 258}","{'id': 14101, 'rank': 22, 'fitness': 0.09915422933596818, 'generation': 258}","{'id': 14130, 'rank': 23, 'fitness': 0.0860990435988882, 'generation': 258}","{'id': 14154, 'rank': 24, 'fitness': 0.08119490451036626, 'generation': 258}","{'id': 14094, 'rank': 25, 'fitness': 0.06693401065965626, 'generation': 258}","{'id': 14094, 'rank': 26, 'fitness': 0.06693401065965626, 'generation': 258}","{'id': 14156, 'rank': 27, 'fitness': 0.057236893426454105, 'generation': 258}","{'id': 14181, 'rank': 28, 'fitness': 0.04783147829501272, 'generation': 258}","{'id': 14181, 'rank': 29, 'fitness': 0.04783147829501272, 'generation': 258}","{'id': 14136, 'rank': 30, 'fitness': 0.01798620996209155, 'generation': 258}"
"{'id': 13969, 'rank': 1, 'fitness': 0.9820137900379085, 'generation': 259}","{'id': 13969, 'rank': 2, 'fitness': 0.9820137900379085, 'generation': 259}","{'id': 13969, 'rank': 3, 'fitness': 0.9820137900379085, 'generation': 259}","{'id': 13969, 'rank': 4, 'fitness': 0.9820137900379085, 'generation': 259}","{'id': 13969, 'rank': 5, 'fitness': 0.9820137900379085, 'generation': 259}","{'id': 14227, 'rank': 6, 'fitness': 0.954498380291393, 'generation': 259}","{'id': 14229, 'rank': 7, 'fitness': 0.9180620369392437, 'generation': 259}","{'id': 14052, 'rank': 8, 'fitness': 0.8281485242657014, 'generation': 259}","{'id': 14052, 'rank': 9, 'fitness': 0.8281485242657014, 'generation': 259}","{'id': 14148, 'rank': 10, 'fitness': 0.8199057195574331, 'generation': 259}","{'id': 14216, 'rank': 11, 'fitness': 0.7997688642723088, 'generation': 259}","{'id': 14203, 'rank': 12, 'fitness': 0.7138869459510563, 'generation': 259}","{'id': 14208, 'rank': 13, 'fitness': 0.5276755943097676, 'generation': 259}","{'id': 14213, 'rank': 14, 'fitness': 0.48360552923429856, 'generation': 259}","{'id': 14205, 'rank': 15, 'fitness': 0.46787643520201544, 'generation': 259}","{'id': 14225, 'rank': 16, 'fitness': 0.4534128779630967, 'generation': 259}","{'id': 14145, 'rank': 17, 'fitness': 0.4459036614830185, 'generation': 259}","{'id': 14149, 'rank': 18, 'fitness': 0.42247866677651563, 'generation': 259}","{'id': 14236, 'rank': 19, 'fitness': 0.4061379008249603, 'generation': 259}","{'id': 14211, 'rank': 20, 'fitness': 0.38877971060042127, 'generation': 259}","{'id': 14211, 'rank': 21, 'fitness': 0.38877971060042127, 'generation': 259}","{'id': 14211, 'rank': 22, 'fitness': 0.38877971060042127, 'generation': 259}","{'id': 14151, 'rank': 23, 'fitness': 0.3528675446677436, 'generation': 259}","{'id': 14055, 'rank': 24, 'fitness': 0.24261515234178405, 'generation': 259}","{'id': 14207, 'rank': 25, 'fitness': 0.1882477248850435, 'generation': 259}","{'id': 14101, 'rank': 26, 'fitness': 0.10934556491029668, 'generation': 259}","{'id': 14130, 'rank': 27, 'fitness': 0.09532598162335659, 'generation': 259}","{'id': 14234, 'rank': 28, 'fitness': 0.09396122190086598, 'generation': 259}","{'id': 14094, 'rank': 29, 'fitness': 0.07460443679815826, 'generation': 259}","{'id': 14199, 'rank': 30, 'fitness': 0.01798620996209155, 'generation': 259}"
"{'id': 13969, 'rank': 1, 'fitness': 0.9820137900379085, 'generation': 260}","{'id': 13969, 'rank': 2, 'fitness': 0.9820137900379085, 'generation': 260}","{'id': 13969, 'rank': 3, 'fitness': 0.9820137900379085, 'generation': 260}","{'id': 13969, 'rank': 4, 'fitness': 0.9820137900379085, 'generation': 260}","{'id': 13969, 'rank': 5, 'fitness': 0.9820137900379085, 'generation': 260}","{'id': 13969, 'rank': 6, 'fitness': 0.9820137900379085, 'generation': 260}","{'id': 13969, 'rank': 7, 'fitness': 0.9820137900379085, 'generation': 260}","{'id': 14052, 'rank': 8, 'fitness': 0.8311939235709351, 'generation': 260}","{'id': 14299, 'rank': 9, 'fitness': 0.8273287318820637, 'generation': 260}","{'id': 14299, 'rank': 10, 'fitness': 0.8273287318820637, 'generation': 260}","{'id': 14279, 'rank': 11, 'fitness': 0.6929397387374012, 'generation': 260}","{'id': 14283, 'rank': 12, 'fitness': 0.44536995791759154, 'generation': 260}","{'id': 14236, 'rank': 13, 'fitness': 0.4155497185585506, 'generation': 260}","{'id': 14236, 'rank': 14, 'fitness': 0.4155497185585506, 'generation': 260}","{'id': 14211, 'rank': 15, 'fitness': 0.39821311217842426, 'generation': 260}","{'id': 14151, 'rank': 16, 'fitness': 0.36226140172184584, 'generation': 260}","{'id': 14275, 'rank': 17, 'fitness': 0.25385256668928524, 'generation': 260}","{'id': 14266, 'rank': 18, 'fitness': 0.22288594292746378, 'generation': 260}","{'id': 14296, 'rank': 19, 'fitness': 0.14737670153200655, 'generation': 260}","{'id': 14254, 'rank': 20, 'fitness': 0.1386359040696224, 'generation': 260}","{'id': 14276, 'rank': 21, 'fitness': 0.11003413953452235, 'generation': 260}","{'id': 14276, 'rank': 22, 'fitness': 0.11003413953452235, 'generation': 260}","{'id': 14234, 'rank': 23, 'fitness': 0.09880539101896912, 'generation': 260}","{'id': 14277, 'rank': 24, 'fitness': 0.07968161884100688, 'generation': 260}","{'id': 14265, 'rank': 25, 'fitness': 0.06999040208421181, 'generation': 260}","{'id': 14282, 'rank': 26, 'fitness': 0.06692511346064278, 'generation': 260}","{'id': 14260, 'rank': 27, 'fitness': 0.06636084763203642, 'generation': 260}","{'id': 14292, 'rank': 28, 'fitness': 0.044726130742969605, 'generation': 260}","{'id': 14251, 'rank': 29, 'fitness': 0.03333213109664124, 'generation': 260}","{'id': 14250, 'rank': 30, 'fitness': 0.01798620996209155, 'generation': 260}"
"{'id': 13969, 'rank': 1, 'fitness': 0.9820137900379085, 'generation': 261}","{'id': 13969, 'rank': 2, 'fitness': 0.9820137900379085, 'generation': 261}","{'id': 13969, 'rank': 3, 'fitness': 0.9820137900379085, 'generation': 261}","{'id': 13969, 'rank': 4, 'fitness': 0.9820137900379085, 'generation': 261}","{'id': 13969, 'rank': 5, 'fitness': 0.9820137900379085, 'generation': 261}","{'id': 13969, 'rank': 6, 'fitness': 0.9820137900379085, 'generation': 261}","{'id': 13969, 'rank': 7, 'fitness': 0.9820137900379085, 'generation': 261}","{'id': 13969, 'rank': 8, 'fitness': 0.9820137900379085, 'generation': 261}","{'id': 14356, 'rank': 9, 'fitness': 0.9473004336477611, 'generation': 261}","{'id': 14348, 'rank': 10, 'fitness': 0.9358091714803981, 'generation': 261}","{'id': 14348, 'rank': 11, 'fitness': 0.9358091714803981, 'generation': 261}","{'id': 14329, 'rank': 12, 'fitness': 0.9349600695362335, 'generation': 261}","{'id': 14328, 'rank': 13, 'fitness': 0.9017146292057125, 'generation': 261}","{'id': 14299, 'rank': 14, 'fitness': 0.8592524053193322, 'generation': 261}","{'id': 14299, 'rank': 15, 'fitness': 0.8592524053193322, 'generation': 261}","{'id': 14309, 'rank': 16, 'fitness': 0.8275659972496171, 'generation': 261}","{'id': 14211, 'rank': 17, 'fitness': 0.5066234399952234, 'generation': 261}","{'id': 14334, 'rank': 18, 'fitness': 0.5041564181143272, 'generation': 261}","{'id': 14336, 'rank': 19, 'fitness': 0.45752807002649953, 'generation': 261}","{'id': 14339, 'rank': 20, 'fitness': 0.406982541537946, 'generation': 261}","{'id': 14275, 'rank': 21, 'fitness': 0.36065640641118046, 'generation': 261}","{'id': 14306, 'rank': 22, 'fitness': 0.3200531516543793, 'generation': 261}","{'id': 14347, 'rank': 23, 'fitness': 0.28228103263851145, 'generation': 261}","{'id': 14314, 'rank': 24, 'fitness': 0.2105449898210291, 'generation': 261}","{'id': 14346, 'rank': 25, 'fitness': 0.19229223070321833, 'generation': 261}","{'id': 14234, 'rank': 26, 'fitness': 0.16908045169494718, 'generation': 261}","{'id': 14265, 'rank': 27, 'fitness': 0.12664440446456232, 'generation': 261}","{'id': 14317, 'rank': 28, 'fitness': 0.09525494726131162, 'generation': 261}","{'id': 14251, 'rank': 29, 'fitness': 0.06699835640145108, 'generation': 261}","{'id': 14332, 'rank': 30, 'fitness': 0.01798620996209155, 'generation': 261}"
"{'id': 13969, 'rank': 1, 'fitness': 0.9820137900379085, 'generation': 262}","{'id': 13969, 'rank': 2, 'fitness': 0.9820137900379085, 'generation': 262}","{'id': 13969, 'rank': 3, 'fitness': 0.9820137900379085, 'generation': 262}","{'id': 13969, 'rank': 4, 'fitness': 0.9820137900379085, 'generation': 262}","{'id': 13969, 'rank': 5, 'fitness': 0.9820137900379085, 'generation': 262}","{'id': 13969, 'rank': 6, 'fitness': 0.9820137900379085, 'generation': 262}","{'id': 13969, 'rank': 7, 'fitness': 0.9820137900379085, 'generation': 262}","{'id': 14399, 'rank': 8, 'fitness': 0.9793303926540619, 'generation': 262}","{'id': 14356, 'rank': 9, 'fitness': 0.9471982701074747, 'generation': 262}","{'id': 14329, 'rank': 10, 'fitness': 0.9348105670889908, 'generation': 262}","{'id': 14299, 'rank': 11, 'fitness': 0.8587640816824929, 'generation': 262}","{'id': 14309, 'rank': 12, 'fitness': 0.8269265066436482, 'generation': 262}","{'id': 14401, 'rank': 13, 'fitness': 0.608901073450129, 'generation': 262}","{'id': 14392, 'rank': 14, 'fitness': 0.5212643045623432, 'generation': 262}","{'id': 14211, 'rank': 15, 'fitness': 0.5047955500159241, 'generation': 262}","{'id': 14400, 'rank': 16, 'fitness': 0.49632897991539954, 'generation': 262}","{'id': 14400, 'rank': 17, 'fitness': 0.49632897991539954, 'generation': 262}","{'id': 14336, 'rank': 18, 'fitness': 0.45562387303221336, 'generation': 262}","{'id': 14360, 'rank': 19, 'fitness': 0.4199915834228621, 'generation': 262}","{'id': 14408, 'rank': 20, 'fitness': 0.3679936921520516, 'generation': 262}","{'id': 14387, 'rank': 21, 'fitness': 0.2710392917919491, 'generation': 262}","{'id': 14388, 'rank': 22, 'fitness': 0.14368449973349323, 'generation': 262}","{'id': 14402, 'rank': 23, 'fitness': 0.13687160931606124, 'generation': 262}","{'id': 14420, 'rank': 24, 'fitness': 0.07214136112947667, 'generation': 262}","{'id': 14370, 'rank': 25, 'fitness': 0.06808929830855592, 'generation': 262}","{'id': 14363, 'rank': 26, 'fitness': 0.06016591454773368, 'generation': 262}","{'id': 14363, 'rank': 27, 'fitness': 0.06016591454773368, 'generation': 262}","{'id': 14382, 'rank': 28, 'fitness': 0.041454213750554025, 'generation': 262}","{'id': 14397, 'rank': 29, 'fitness': 0.03818798357760056, 'generation': 262}","{'id': 14369, 'rank': 30, 'fitness': 0.01798620996209155, 'generation': 262}"
"{'id': 13969, 'rank': 1, 'fitness': 0.9820137900379085, 'generation': 263}","{'id': 14399, 'rank': 2, 'fitness': 0.9794142658849105, 'generation': 263}","{'id': 14329, 'rank': 3, 'fitness': 0.9371558584812799, 'generation': 263}","{'id': 14309, 'rank': 4, 'fitness': 0.8368977295911598, 'generation': 263}","{'id': 14309, 'rank': 5, 'fitness': 0.8368977295911598, 'generation': 263}","{'id': 14482, 'rank': 6, 'fitness': 0.7961004046537583, 'generation': 263}","{'id': 14445, 'rank': 7, 'fitness': 0.7306287216598767, 'generation': 263}","{'id': 14439, 'rank': 8, 'fitness': 0.7240544921828094, 'generation': 263}","{'id': 14439, 'rank': 9, 'fitness': 0.7240544921828094, 'generation': 263}","{'id': 14401, 'rank': 10, 'fitness': 0.6334048019513692, 'generation': 263}","{'id': 14467, 'rank': 11, 'fitness': 0.6069117724465637, 'generation': 263}","{'id': 14465, 'rank': 12, 'fitness': 0.6015769013320037, 'generation': 263}","{'id': 14392, 'rank': 13, 'fitness': 0.5497683369600757, 'generation': 263}","{'id': 14360, 'rank': 14, 'fitness': 0.45109729185398595, 'generation': 263}","{'id': 14464, 'rank': 15, 'fitness': 0.4193189504062904, 'generation': 263}","{'id': 14387, 'rank': 16, 'fitness': 0.3008465218613149, 'generation': 263}","{'id': 14387, 'rank': 17, 'fitness': 0.3008465218613149, 'generation': 263}","{'id': 14440, 'rank': 18, 'fitness': 0.2533326970075628, 'generation': 263}","{'id': 14457, 'rank': 19, 'fitness': 0.186378802775718, 'generation': 263}","{'id': 14457, 'rank': 20, 'fitness': 0.186378802775718, 'generation': 263}","{'id': 14460, 'rank': 21, 'fitness': 0.14603926954499225, 'generation': 263}","{'id': 14460, 'rank': 22, 'fitness': 0.14603926954499225, 'generation': 263}","{'id': 14489, 'rank': 23, 'fitness': 0.13798715358424868, 'generation': 263}","{'id': 14370, 'rank': 24, 'fitness': 0.08145865103210898, 'generation': 263}","{'id': 14466, 'rank': 25, 'fitness': 0.07584044393280226, 'generation': 263}","{'id': 14363, 'rank': 26, 'fitness': 0.07235922424694474, 'generation': 263}","{'id': 14447, 'rank': 27, 'fitness': 0.062060348252478525, 'generation': 263}","{'id': 14432, 'rank': 28, 'fitness': 0.023411114448017523, 'generation': 263}","{'id': 14471, 'rank': 29, 'fitness': 0.021365841992571855, 'generation': 263}","{'id': 14477, 'rank': 30, 'fitness': 0.01798620996209155, 'generation': 263}"
"{'id': 14531, 'rank': 1, 'fitness': 0.9820137900379085, 'generation': 264}","{'id': 14329, 'rank': 2, 'fitness': 0.973196794747403, 'generation': 264}","{'id': 14532, 'rank': 3, 'fitness': 0.9514884306677172, 'generation': 264}","{'id': 14544, 'rank': 4, 'fitness': 0.9280544462536069, 'generation': 264}","{'id': 14309, 'rank': 5, 'fitness': 0.9200261762531824, 'generation': 264}","{'id': 14499, 'rank': 6, 'fitness': 0.8878698750669964, 'generation': 264}","{'id': 14499, 'rank': 7, 'fitness': 0.8878698750669964, 'generation': 264}","{'id': 14499, 'rank': 8, 'fitness': 0.8878698750669964, 'generation': 264}","{'id': 14445, 'rank': 9, 'fitness': 0.8526951898702848, 'generation': 264}","{'id': 14445, 'rank': 10, 'fitness': 0.8526951898702848, 'generation': 264}","{'id': 14521, 'rank': 11, 'fitness': 0.8411038840072776, 'generation': 264}","{'id': 14521, 'rank': 12, 'fitness': 0.8411038840072776, 'generation': 264}","{'id': 14535, 'rank': 13, 'fitness': 0.827369559268563, 'generation': 264}","{'id': 14536, 'rank': 14, 'fitness': 0.8077595598122468, 'generation': 264}","{'id': 14536, 'rank': 15, 'fitness': 0.8077595598122468, 'generation': 264}","{'id': 14510, 'rank': 16, 'fitness': 0.7697425642912814, 'generation': 264}","{'id': 14467, 'rank': 17, 'fitness': 0.7593032196780654, 'generation': 264}","{'id': 14465, 'rank': 18, 'fitness': 0.7548832907892551, 'generation': 264}","{'id': 14360, 'rank': 19, 'fitness': 0.6152692057074787, 'generation': 264}","{'id': 14464, 'rank': 20, 'fitness': 0.5818041383782474, 'generation': 264}","{'id': 14507, 'rank': 21, 'fitness': 0.4660669863631801, 'generation': 264}","{'id': 14495, 'rank': 22, 'fitness': 0.4478852685019449, 'generation': 264}","{'id': 14541, 'rank': 23, 'fitness': 0.3296399688942895, 'generation': 264}","{'id': 14457, 'rank': 24, 'fitness': 0.2876675501623559, 'generation': 264}","{'id': 14514, 'rank': 25, 'fitness': 0.24965653467689175, 'generation': 264}","{'id': 14489, 'rank': 26, 'fitness': 0.2153711844660947, 'generation': 264}","{'id': 14370, 'rank': 27, 'fitness': 0.1268506917493364, 'generation': 264}","{'id': 14504, 'rank': 28, 'fitness': 0.10241007258128099, 'generation': 264}","{'id': 14447, 'rank': 29, 'fitness': 0.09581367464221363, 'generation': 264}","{'id': 14533, 'rank': 30, 'fitness': 0.01798620996209155, 'generation': 264}"
"{'id': 14531, 'rank': 1, 'fitness': 0.9820137900379085, 'generation': 265}","{'id': 14584, 'rank': 2, 'fitness': 0.9714451262101771, 'generation': 265}","{'id': 14532, 'rank': 3, 'fitness': 0.9353984340861391, 'generation': 265}","{'id': 14595, 'rank': 4, 'fitness': 0.8791055930215156, 'generation': 265}","{'id': 14595, 'rank': 5, 'fitness': 0.8791055930215156, 'generation': 265}","{'id': 14595, 'rank': 6, 'fitness': 0.8791055930215156, 'generation': 265}","{'id': 14309, 'rank': 7, 'fitness': 0.878793285277365, 'generation': 265}","{'id': 14309, 'rank': 8, 'fitness': 0.878793285277365, 'generation': 265}","{'id': 14499, 'rank': 9, 'fitness': 0.8170940166422209, 'generation': 265}","{'id': 14521, 'rank': 10, 'fitness': 0.7260559769489715, 'generation': 265}","{'id': 14591, 'rank': 11, 'fitness': 0.7239438692125469, 'generation': 265}","{'id': 14535, 'rank': 12, 'fitness': 0.6997023020081592, 'generation': 265}","{'id': 14535, 'rank': 13, 'fitness': 0.6997023020081592, 'generation': 265}","{'id': 14536, 'rank': 14, 'fitness': 0.6626874746452066, 'generation': 265}","{'id': 14588, 'rank': 15, 'fitness': 0.6110422223795479, 'generation': 265}","{'id': 14588, 'rank': 16, 'fitness': 0.6110422223795479, 'generation': 265}","{'id': 14588, 'rank': 17, 'fitness': 0.6110422223795479, 'generation': 265}","{'id': 14588, 'rank': 18, 'fitness': 0.6110422223795479, 'generation': 265}","{'id': 14585, 'rank': 19, 'fitness': 0.42171337503833206, 'generation': 265}","{'id': 14556, 'rank': 20, 'fitness': 0.40162983908909267, 'generation': 265}","{'id': 14555, 'rank': 21, 'fitness': 0.38470442116896836, 'generation': 265}","{'id': 14555, 'rank': 22, 'fitness': 0.38470442116896836, 'generation': 265}","{'id': 14592, 'rank': 23, 'fitness': 0.235948930437756, 'generation': 265}","{'id': 14507, 'rank': 24, 'fitness': 0.20391325043964337, 'generation': 265}","{'id': 14549, 'rank': 25, 'fitness': 0.17218531005230792, 'generation': 265}","{'id': 14567, 'rank': 26, 'fitness': 0.135024180675632, 'generation': 265}","{'id': 14541, 'rank': 27, 'fitness': 0.10851432408916473, 'generation': 265}","{'id': 14582, 'rank': 28, 'fitness': 0.08640820644326652, 'generation': 265}","{'id': 14572, 'rank': 29, 'fitness': 0.05846322552373623, 'generation': 265}","{'id': 14504, 'rank': 30, 'fitness': 0.01798620996209155, 'generation': 265}"
"{'id': 14597, 'rank': 1, 'fitness': 0.9820137900379085, 'generation': 266}","{'id': 14531, 'rank': 2, 'fitness': 0.9811919115351, 'generation': 266}","{'id': 14584, 'rank': 3, 'fitness': 0.9706833778222621, 'generation': 266}","{'id': 14532, 'rank': 4, 'fitness': 0.935767800751852, 'generation': 266}","{'id': 14532, 'rank': 5, 'fitness': 0.935767800751852, 'generation': 266}","{'id': 14532, 'rank': 6, 'fitness': 0.935767800751852, 'generation': 266}","{'id': 14643, 'rank': 7, 'fitness': 0.9143306599680554, 'generation': 266}","{'id': 14309, 'rank': 8, 'fitness': 0.8822691810407761, 'generation': 266}","{'id': 14309, 'rank': 9, 'fitness': 0.8822691810407761, 'generation': 266}","{'id': 14309, 'rank': 10, 'fitness': 0.8822691810407761, 'generation': 266}","{'id': 14499, 'rank': 11, 'fitness': 0.8247216146828373, 'generation': 266}","{'id': 14536, 'rank': 12, 'fitness': 0.6811688621360076, 'generation': 266}","{'id': 14588, 'rank': 13, 'fitness': 0.6328007820035207, 'generation': 266}","{'id': 14588, 'rank': 14, 'fitness': 0.6328007820035207, 'generation': 266}","{'id': 14588, 'rank': 15, 'fitness': 0.6328007820035207, 'generation': 266}","{'id': 14588, 'rank': 16, 'fitness': 0.6328007820035207, 'generation': 266}","{'id': 14556, 'rank': 17, 'fitness': 0.43216281604340434, 'generation': 266}","{'id': 14555, 'rank': 18, 'fitness': 0.4155130886354391, 'generation': 266}","{'id': 14645, 'rank': 19, 'fitness': 0.3550743654267844, 'generation': 266}","{'id': 14638, 'rank': 20, 'fitness': 0.3023141363223557, 'generation': 266}","{'id': 14638, 'rank': 21, 'fitness': 0.3023141363223557, 'generation': 266}","{'id': 14608, 'rank': 22, 'fitness': 0.2006556888982916, 'generation': 266}","{'id': 14567, 'rank': 23, 'fitness': 0.15777939437136124, 'generation': 266}","{'id': 14629, 'rank': 24, 'fitness': 0.06169783086735625, 'generation': 266}","{'id': 14642, 'rank': 25, 'fitness': 0.04935847333290161, 'generation': 266}","{'id': 14642, 'rank': 26, 'fitness': 0.04935847333290161, 'generation': 266}","{'id': 14625, 'rank': 27, 'fitness': 0.04484739981457786, 'generation': 266}","{'id': 14637, 'rank': 28, 'fitness': 0.044151372857028415, 'generation': 266}","{'id': 14607, 'rank': 29, 'fitness': 0.01798620996209155, 'generation': 266}","{'id': 14607, 'rank': 30, 'fitness': 0.01798620996209155, 'generation': 266}"
"{'id': 14532, 'rank': 1, 'fitness': 0.9820137900379085, 'generation': 267}","{'id': 14532, 'rank': 2, 'fitness': 0.9820137900379085, 'generation': 267}","{'id': 14532, 'rank': 3, 'fitness': 0.9820137900379085, 'generation': 267}","{'id': 14532, 'rank': 4, 'fitness': 0.9820137900379085, 'generation': 267}","{'id': 14309, 'rank': 5, 'fitness': 0.9680257001584153, 'generation': 267}","{'id': 14499, 'rank': 6, 'fitness': 0.9524599302799027, 'generation': 267}","{'id': 14499, 'rank': 7, 'fitness': 0.9524599302799027, 'generation': 267}","{'id': 14499, 'rank': 8, 'fitness': 0.9524599302799027, 'generation': 267}","{'id': 14686, 'rank': 9, 'fitness': 0.9011883405017211, 'generation': 267}","{'id': 14686, 'rank': 10, 'fitness': 0.9011883405017211, 'generation': 267}","{'id': 14555, 'rank': 11, 'fitness': 0.7893593400347678, 'generation': 267}","{'id': 14555, 'rank': 12, 'fitness': 0.7893593400347678, 'generation': 267}","{'id': 14555, 'rank': 13, 'fitness': 0.7893593400347678, 'generation': 267}","{'id': 14649, 'rank': 14, 'fitness': 0.7487660306005067, 'generation': 267}","{'id': 14657, 'rank': 15, 'fitness': 0.6862512395951469, 'generation': 267}","{'id': 14679, 'rank': 16, 'fitness': 0.6066819695048894, 'generation': 267}","{'id': 14678, 'rank': 17, 'fitness': 0.5727070801286348, 'generation': 267}","{'id': 14683, 'rank': 18, 'fitness': 0.34504433257124445, 'generation': 267}","{'id': 14700, 'rank': 19, 'fitness': 0.2676246361557404, 'generation': 267}","{'id': 14700, 'rank': 20, 'fitness': 0.2676246361557404, 'generation': 267}","{'id': 14684, 'rank': 21, 'fitness': 0.2626175713809471, 'generation': 267}","{'id': 14662, 'rank': 22, 'fitness': 0.2619681001509065, 'generation': 267}","{'id': 14625, 'rank': 23, 'fitness': 0.25173896529121104, 'generation': 267}","{'id': 14650, 'rank': 24, 'fitness': 0.22352281418763692, 'generation': 267}","{'id': 14655, 'rank': 25, 'fitness': 0.18439043503591457, 'generation': 267}","{'id': 14703, 'rank': 26, 'fitness': 0.14733441042013945, 'generation': 267}","{'id': 14690, 'rank': 27, 'fitness': 0.1395178286411738, 'generation': 267}","{'id': 14607, 'rank': 28, 'fitness': 0.1273702665052972, 'generation': 267}","{'id': 14607, 'rank': 29, 'fitness': 0.1273702665052972, 'generation': 267}","{'id': 14706, 'rank': 30, 'fitness': 0.01798620996209155, 'generation': 267}"
"{'id': 14532, 'rank': 1, 'fitness': 0.9820137900379085, 'generation': 268}","{'id': 14532, 'rank': 2, 'fitness': 0.9820137900379085, 'generation': 268}","{'id': 14532, 'rank': 3, 'fitness': 0.9820137900379085, 'generation': 268}","{'id': 14499, 'rank': 4, 'fitness': 0.9474038843262906, 'generation': 268}","{'id': 14499, 'rank': 5, 'fitness': 0.9474038843262906, 'generation': 268}","{'id': 14712, 'rank': 6, 'fitness': 0.8448839124137535, 'generation': 268}","{'id': 14712, 'rank': 7, 'fitness': 0.8448839124137535, 'generation': 268}","{'id': 14721, 'rank': 8, 'fitness': 0.8139878962431866, 'generation': 268}","{'id': 14721, 'rank': 9, 'fitness': 0.8139878962431866, 'generation': 268}","{'id': 14555, 'rank': 10, 'fitness': 0.7382261386577932, 'generation': 268}","{'id': 14555, 'rank': 11, 'fitness': 0.7382261386577932, 'generation': 268}","{'id': 14555, 'rank': 12, 'fitness': 0.7382261386577932, 'generation': 268}","{'id': 14754, 'rank': 13, 'fitness': 0.5398930734526357, 'generation': 268}","{'id': 14678, 'rank': 14, 'fitness': 0.4748943919426576, 'generation': 268}","{'id': 14710, 'rank': 15, 'fitness': 0.3604809522436685, 'generation': 268}","{'id': 14717, 'rank': 16, 'fitness': 0.3291264391032471, 'generation': 268}","{'id': 14756, 'rank': 17, 'fitness': 0.276323220848228, 'generation': 268}","{'id': 14765, 'rank': 18, 'fitness': 0.2683015219405359, 'generation': 268}","{'id': 14725, 'rank': 19, 'fitness': 0.19864882645894055, 'generation': 268}","{'id': 14740, 'rank': 20, 'fitness': 0.1961694896175064, 'generation': 268}","{'id': 14625, 'rank': 21, 'fitness': 0.16390407006272734, 'generation': 268}","{'id': 14650, 'rank': 22, 'fitness': 0.1416198435925236, 'generation': 268}","{'id': 14768, 'rank': 23, 'fitness': 0.12435808377992541, 'generation': 268}","{'id': 14724, 'rank': 24, 'fitness': 0.09787854627444026, 'generation': 268}","{'id': 14703, 'rank': 25, 'fitness': 0.08576504314804628, 'generation': 268}","{'id': 14703, 'rank': 26, 'fitness': 0.08576504314804628, 'generation': 268}","{'id': 14746, 'rank': 27, 'fitness': 0.06569919375919281, 'generation': 268}","{'id': 14723, 'rank': 28, 'fitness': 0.026025311819960095, 'generation': 268}","{'id': 14772, 'rank': 29, 'fitness': 0.02469769212244799, 'generation': 268}","{'id': 14730, 'rank': 30, 'fitness': 0.01798620996209155, 'generation': 268}"
"{'id': 14792, 'rank': 1, 'fitness': 0.9820137900379085, 'generation': 269}","{'id': 14792, 'rank': 2, 'fitness': 0.9820137900379085, 'generation': 269}","{'id': 14532, 'rank': 3, 'fitness': 0.9659617644048738, 'generation': 269}","{'id': 14532, 'rank': 4, 'fitness': 0.9659617644048738, 'generation': 269}","{'id': 14532, 'rank': 5, 'fitness': 0.9659617644048738, 'generation': 269}","{'id': 14774, 'rank': 6, 'fitness': 0.9466581596666336, 'generation': 269}","{'id': 14793, 'rank': 7, 'fitness': 0.9270965633737394, 'generation': 269}","{'id': 14499, 'rank': 8, 'fitness': 0.9090951847311904, 'generation': 269}","{'id': 14499, 'rank': 9, 'fitness': 0.9090951847311904, 'generation': 269}","{'id': 14802, 'rank': 10, 'fitness': 0.7996101725287306, 'generation': 269}","{'id': 14712, 'rank': 11, 'fitness': 0.7645290602634494, 'generation': 269}","{'id': 14555, 'rank': 12, 'fitness': 0.6361153318667039, 'generation': 269}","{'id': 14789, 'rank': 13, 'fitness': 0.4279975108347324, 'generation': 269}","{'id': 14678, 'rank': 14, 'fitness': 0.3749277905702404, 'generation': 269}","{'id': 14678, 'rank': 15, 'fitness': 0.3749277905702404, 'generation': 269}","{'id': 14817, 'rank': 16, 'fitness': 0.34529685120859716, 'generation': 269}","{'id': 14710, 'rank': 17, 'fitness': 0.27771935599793823, 'generation': 269}","{'id': 14717, 'rank': 18, 'fitness': 0.2522948669441515, 'generation': 269}","{'id': 14756, 'rank': 19, 'fitness': 0.21046124782561793, 'generation': 269}","{'id': 14791, 'rank': 20, 'fitness': 0.16763109308988533, 'generation': 269}","{'id': 14781, 'rank': 21, 'fitness': 0.1443087900241155, 'generation': 269}","{'id': 14625, 'rank': 22, 'fitness': 0.1246397455784003, 'generation': 269}","{'id': 14790, 'rank': 23, 'fitness': 0.12259352898578396, 'generation': 269}","{'id': 14790, 'rank': 24, 'fitness': 0.12259352898578396, 'generation': 269}","{'id': 14724, 'rank': 25, 'fitness': 0.07546614632081361, 'generation': 269}","{'id': 14724, 'rank': 26, 'fitness': 0.07546614632081361, 'generation': 269}","{'id': 14724, 'rank': 27, 'fitness': 0.07546614632081361, 'generation': 269}","{'id': 14796, 'rank': 28, 'fitness': 0.04199831069304166, 'generation': 269}","{'id': 14812, 'rank': 29, 'fitness': 0.030605450268728795, 'generation': 269}","{'id': 14777, 'rank': 30, 'fitness': 0.01798620996209155, 'generation': 269}"
"{'id': 14792, 'rank': 1, 'fitness': 0.9820137900379085, 'generation': 270}","{'id': 14792, 'rank': 2, 'fitness': 0.9820137900379085, 'generation': 270}","{'id': 14875, 'rank': 3, 'fitness': 0.9727519761324819, 'generation': 270}","{'id': 14532, 'rank': 4, 'fitness': 0.9606326281747556, 'generation': 270}","{'id': 14532, 'rank': 5, 'fitness': 0.9606326281747556, 'generation': 270}","{'id': 14532, 'rank': 6, 'fitness': 0.9606326281747556, 'generation': 270}","{'id': 14774, 'rank': 7, 'fitness': 0.9319425387629586, 'generation': 270}","{'id': 14828, 'rank': 8, 'fitness': 0.9262541061720713, 'generation': 270}","{'id': 14499, 'rank': 9, 'fitness': 0.8711306026574664, 'generation': 270}","{'id': 14499, 'rank': 10, 'fitness': 0.8711306026574664, 'generation': 270}","{'id': 14499, 'rank': 11, 'fitness': 0.8711306026574664, 'generation': 270}","{'id': 14874, 'rank': 12, 'fitness': 0.8404161876052287, 'generation': 270}","{'id': 14802, 'rank': 13, 'fitness': 0.6857274217898983, 'generation': 270}","{'id': 14712, 'rank': 14, 'fitness': 0.6286564601668354, 'generation': 270}","{'id': 14872, 'rank': 15, 'fitness': 0.44164877528378255, 'generation': 270}","{'id': 14555, 'rank': 16, 'fitness': 0.44138860711386685, 'generation': 270}","{'id': 14854, 'rank': 17, 'fitness': 0.29370846663397077, 'generation': 270}","{'id': 14854, 'rank': 18, 'fitness': 0.29370846663397077, 'generation': 270}","{'id': 14678, 'rank': 19, 'fitness': 0.17479486368666153, 'generation': 270}","{'id': 14864, 'rank': 20, 'fitness': 0.1745088796606773, 'generation': 270}","{'id': 14847, 'rank': 21, 'fitness': 0.10236924124504415, 'generation': 270}","{'id': 14847, 'rank': 22, 'fitness': 0.10236924124504415, 'generation': 270}","{'id': 14717, 'rank': 23, 'fitness': 0.09448755320149271, 'generation': 270}","{'id': 14835, 'rank': 24, 'fitness': 0.07652856950255627, 'generation': 270}","{'id': 14756, 'rank': 25, 'fitness': 0.07241550996425306, 'generation': 270}","{'id': 14860, 'rank': 26, 'fitness': 0.041850184913641286, 'generation': 270}","{'id': 14860, 'rank': 27, 'fitness': 0.041850184913641286, 'generation': 270}","{'id': 14790, 'rank': 28, 'fitness': 0.034054133720997526, 'generation': 270}","{'id': 14850, 'rank': 29, 'fitness': 0.030634828154710858, 'generation': 270}","{'id': 14848, 'rank': 30, 'fitness': 0.01798620996209155, 'generation': 270}"
"{'id': 14875, 'rank': 1, 'fitness': 0.9820137900379085, 'generation': 271}","{'id': 14875, 'rank': 2, 'fitness': 0.9820137900379085, 'generation': 271}","{'id': 14875, 'rank': 3, 'fitness': 0.9820137900379085, 'generation': 271}","{'id': 14875, 'rank': 4, 'fitness': 0.9820137900379085, 'generation': 271}","{'id': 14532, 'rank': 5, 'fitness': 0.9749412224257596, 'generation': 271}","{'id': 14532, 'rank': 6, 'fitness': 0.9749412224257596, 'generation': 271}","{'id': 14532, 'rank': 7, 'fitness': 0.9749412224257596, 'generation': 271}","{'id': 14774, 'rank': 8, 'fitness': 0.9587766177922824, 'generation': 271}","{'id': 14499, 'rank': 9, 'fitness': 0.9253935720556683, 'generation': 271}","{'id': 14874, 'rank': 10, 'fitness': 0.908516524719563, 'generation': 271}","{'id': 14912, 'rank': 11, 'fitness': 0.9053172568012604, 'generation': 271}","{'id': 14912, 'rank': 12, 'fitness': 0.9053172568012604, 'generation': 271}","{'id': 14912, 'rank': 13, 'fitness': 0.9053172568012604, 'generation': 271}","{'id': 14897, 'rank': 14, 'fitness': 0.8998669369597696, 'generation': 271}","{'id': 14802, 'rank': 15, 'fitness': 0.8192074224781412, 'generation': 271}","{'id': 14896, 'rank': 16, 'fitness': 0.7938488973354705, 'generation': 271}","{'id': 14712, 'rank': 17, 'fitness': 0.7832996793538903, 'generation': 271}","{'id': 14889, 'rank': 18, 'fitness': 0.7608350309330139, 'generation': 271}","{'id': 14913, 'rank': 19, 'fitness': 0.6803382105420344, 'generation': 271}","{'id': 14872, 'rank': 20, 'fitness': 0.6473374634488529, 'generation': 271}","{'id': 14895, 'rank': 21, 'fitness': 0.5399838722730806, 'generation': 271}","{'id': 14678, 'rank': 22, 'fitness': 0.36216512877279183, 'generation': 271}","{'id': 14678, 'rank': 23, 'fitness': 0.36216512877279183, 'generation': 271}","{'id': 14910, 'rank': 24, 'fitness': 0.3096058700888228, 'generation': 271}","{'id': 14883, 'rank': 25, 'fitness': 0.22917848793295104, 'generation': 271}","{'id': 14860, 'rank': 26, 'fitness': 0.12216856980478946, 'generation': 271}","{'id': 14850, 'rank': 27, 'fitness': 0.09447070064311014, 'generation': 271}","{'id': 14850, 'rank': 28, 'fitness': 0.09447070064311014, 'generation': 271}","{'id': 14882, 'rank': 29, 'fitness': 0.07269392647648915, 'generation': 271}","{'id': 14891, 'rank': 30, 'fitness': 0.01798620996209155, 'generation': 271}"
"{'id': 14875, 'rank': 1, 'fitness': 0.9820137900379085, 'generation': 272}","{'id': 14875, 'rank': 2, 'fitness': 0.9820137900379085, 'generation': 272}","{'id': 14875, 'rank': 3, 'fitness': 0.9820137900379085, 'generation': 272}","{'id': 14875, 'rank': 4, 'fitness': 0.9820137900379085, 'generation': 272}","{'id': 14532, 'rank': 5, 'fitness': 0.9767367436601513, 'generation': 272}","{'id': 14774, 'rank': 6, 'fitness': 0.9657270833465197, 'generation': 272}","{'id': 14774, 'rank': 7, 'fitness': 0.9657270833465197, 'generation': 272}","{'id': 14499, 'rank': 8, 'fitness': 0.9453816421499656, 'generation': 272}","{'id': 14912, 'rank': 9, 'fitness': 0.9339797965369847, 'generation': 272}","{'id': 14897, 'rank': 10, 'fitness': 0.9309535143067711, 'generation': 272}","{'id': 14802, 'rank': 11, 'fitness': 0.8880162355973467, 'generation': 272}","{'id': 14896, 'rank': 12, 'fitness': 0.8748474784455301, 'generation': 272}","{'id': 14712, 'rank': 13, 'fitness': 0.8693770338050908, 'generation': 272}","{'id': 14872, 'rank': 14, 'fitness': 0.7974100028628012, 'generation': 272}","{'id': 14973, 'rank': 15, 'fitness': 0.7045137964836907, 'generation': 272}","{'id': 14973, 'rank': 16, 'fitness': 0.7045137964836907, 'generation': 272}","{'id': 14975, 'rank': 17, 'fitness': 0.6206179230190848, 'generation': 272}","{'id': 14678, 'rank': 18, 'fitness': 0.6131734320817852, 'generation': 272}","{'id': 14966, 'rank': 19, 'fitness': 0.5863800698948468, 'generation': 272}","{'id': 14947, 'rank': 20, 'fitness': 0.5127176617277641, 'generation': 272}","{'id': 14982, 'rank': 21, 'fitness': 0.37023232336212736, 'generation': 272}","{'id': 14927, 'rank': 22, 'fitness': 0.365108014608332, 'generation': 272}","{'id': 14977, 'rank': 23, 'fitness': 0.3326966766622241, 'generation': 272}","{'id': 14985, 'rank': 24, 'fitness': 0.31196294924004053, 'generation': 272}","{'id': 14930, 'rank': 25, 'fitness': 0.2634934797907895, 'generation': 272}","{'id': 14882, 'rank': 26, 'fitness': 0.25461161451169756, 'generation': 272}","{'id': 14959, 'rank': 27, 'fitness': 0.22177999371820112, 'generation': 272}","{'id': 14981, 'rank': 28, 'fitness': 0.16893120538370426, 'generation': 272}","{'id': 14937, 'rank': 29, 'fitness': 0.16116981078331288, 'generation': 272}","{'id': 14988, 'rank': 30, 'fitness': 0.01798620996209155, 'generation': 272}"
"{'id': 14875, 'rank': 1, 'fitness': 0.9820137900379085, 'generation': 273}","{'id': 14875, 'rank': 2, 'fitness': 0.9820137900379085, 'generation': 273}","{'id': 14875, 'rank': 3, 'fitness': 0.9820137900379085, 'generation': 273}","{'id': 14875, 'rank': 4, 'fitness': 0.9820137900379085, 'generation': 273}","{'id': 14532, 'rank': 5, 'fitness': 0.974441704420371, 'generation': 273}","{'id': 14499, 'rank': 6, 'fitness': 0.9190437118976982, 'generation': 273}","{'id': 15008, 'rank': 7, 'fitness': 0.8647888698868624, 'generation': 273}","{'id': 14802, 'rank': 8, 'fitness': 0.7961231670791542, 'generation': 273}","{'id': 14896, 'rank': 9, 'fitness': 0.7667072871368543, 'generation': 273}","{'id': 14712, 'rank': 10, 'fitness': 0.7544976062121405, 'generation': 273}","{'id': 15060, 'rank': 11, 'fitness': 0.5058662814408893, 'generation': 273}","{'id': 14973, 'rank': 12, 'fitness': 0.43026861834905183, 'generation': 273}","{'id': 15003, 'rank': 13, 'fitness': 0.40031104865821243, 'generation': 273}","{'id': 15051, 'rank': 14, 'fitness': 0.32403175393383177, 'generation': 273}","{'id': 14999, 'rank': 15, 'fitness': 0.2553639982645166, 'generation': 273}","{'id': 15011, 'rank': 16, 'fitness': 0.16280526519558625, 'generation': 273}","{'id': 15050, 'rank': 17, 'fitness': 0.13613128673208452, 'generation': 273}","{'id': 15052, 'rank': 18, 'fitness': 0.12124991172413357, 'generation': 273}","{'id': 15000, 'rank': 19, 'fitness': 0.11397102728212749, 'generation': 273}","{'id': 15000, 'rank': 20, 'fitness': 0.11397102728212749, 'generation': 273}","{'id': 15000, 'rank': 21, 'fitness': 0.11397102728212749, 'generation': 273}","{'id': 15000, 'rank': 22, 'fitness': 0.11397102728212749, 'generation': 273}","{'id': 15061, 'rank': 23, 'fitness': 0.11125288464470418, 'generation': 273}","{'id': 15062, 'rank': 24, 'fitness': 0.08522139785694793, 'generation': 273}","{'id': 15001, 'rank': 25, 'fitness': 0.028444217127413907, 'generation': 273}","{'id': 15044, 'rank': 26, 'fitness': 0.02812407296916347, 'generation': 273}","{'id': 14981, 'rank': 27, 'fitness': 0.025410204423449545, 'generation': 273}","{'id': 14937, 'rank': 28, 'fitness': 0.023571190936010677, 'generation': 273}","{'id': 15055, 'rank': 29, 'fitness': 0.02261508346668545, 'generation': 273}","{'id': 15005, 'rank': 30, 'fitness': 0.01798620996209155, 'generation': 273}"
"{'id': 15085, 'rank': 1, 'fitness': 0.9820137900379085, 'generation': 274}","{'id': 14875, 'rank': 2, 'fitness': 0.9629249282907523, 'generation': 274}","{'id': 14875, 'rank': 3, 'fitness': 0.9629249282907523, 'generation': 274}","{'id': 14875, 'rank': 4, 'fitness': 0.9629249282907523, 'generation': 274}","{'id': 14875, 'rank': 5, 'fitness': 0.9629249282907523, 'generation': 274}","{'id': 15078, 'rank': 6, 'fitness': 0.9465404257215881, 'generation': 274}","{'id': 15076, 'rank': 7, 'fitness': 0.8802903975411794, 'generation': 274}","{'id': 15076, 'rank': 8, 'fitness': 0.8802903975411794, 'generation': 274}","{'id': 15071, 'rank': 9, 'fitness': 0.8793741274371166, 'generation': 274}","{'id': 15080, 'rank': 10, 'fitness': 0.8393685347006667, 'generation': 274}","{'id': 15080, 'rank': 11, 'fitness': 0.8393685347006667, 'generation': 274}","{'id': 15080, 'rank': 12, 'fitness': 0.8393685347006667, 'generation': 274}","{'id': 15063, 'rank': 13, 'fitness': 0.6571891298031577, 'generation': 274}","{'id': 15063, 'rank': 14, 'fitness': 0.6571891298031577, 'generation': 274}","{'id': 14712, 'rank': 15, 'fitness': 0.6491060184603455, 'generation': 274}","{'id': 15093, 'rank': 16, 'fitness': 0.5375484559559258, 'generation': 274}","{'id': 15099, 'rank': 17, 'fitness': 0.5119825838141324, 'generation': 274}","{'id': 15083, 'rank': 18, 'fitness': 0.3322527290161623, 'generation': 274}","{'id': 15070, 'rank': 19, 'fitness': 0.3206542744018832, 'generation': 274}","{'id': 15003, 'rank': 20, 'fitness': 0.31283176542783403, 'generation': 274}","{'id': 15003, 'rank': 21, 'fitness': 0.31283176542783403, 'generation': 274}","{'id': 15050, 'rank': 22, 'fitness': 0.10789087929880253, 'generation': 274}","{'id': 15050, 'rank': 23, 'fitness': 0.10789087929880253, 'generation': 274}","{'id': 15000, 'rank': 24, 'fitness': 0.09121672602483244, 'generation': 274}","{'id': 15105, 'rank': 25, 'fitness': 0.03225995620065586, 'generation': 274}","{'id': 15105, 'rank': 26, 'fitness': 0.03225995620065586, 'generation': 274}","{'id': 15104, 'rank': 27, 'fitness': 0.02442506364175906, 'generation': 274}","{'id': 15086, 'rank': 28, 'fitness': 0.022296816118121066, 'generation': 274}","{'id': 15086, 'rank': 29, 'fitness': 0.022296816118121066, 'generation': 274}","{'id': 15103, 'rank': 30, 'fitness': 0.01798620996209155, 'generation': 274}"
"{'id': 14875, 'rank': 1, 'fitness': 0.9820137900379085, 'generation': 275}","{'id': 14875, 'rank': 2, 'fitness': 0.9820137900379085, 'generation': 275}","{'id': 14875, 'rank': 3, 'fitness': 0.9820137900379085, 'generation': 275}","{'id': 14875, 'rank': 4, 'fitness': 0.9820137900379085, 'generation': 275}","{'id': 14875, 'rank': 5, 'fitness': 0.9820137900379085, 'generation': 275}","{'id': 15112, 'rank': 6, 'fitness': 0.9662378692760166, 'generation': 275}","{'id': 15112, 'rank': 7, 'fitness': 0.9662378692760166, 'generation': 275}","{'id': 15076, 'rank': 8, 'fitness': 0.9406883253517804, 'generation': 275}","{'id': 15080, 'rank': 9, 'fitness': 0.9190199866517066, 'generation': 275}","{'id': 15080, 'rank': 10, 'fitness': 0.9190199866517066, 'generation': 275}","{'id': 15080, 'rank': 11, 'fitness': 0.9190199866517066, 'generation': 275}","{'id': 15122, 'rank': 12, 'fitness': 0.9032770678389005, 'generation': 275}","{'id': 15110, 'rank': 13, 'fitness': 0.8581203600029134, 'generation': 275}","{'id': 15063, 'rank': 14, 'fitness': 0.8094972954322641, 'generation': 275}","{'id': 15158, 'rank': 15, 'fitness': 0.7998090669952527, 'generation': 275}","{'id': 15093, 'rank': 16, 'fitness': 0.7224410774524197, 'generation': 275}","{'id': 15148, 'rank': 17, 'fitness': 0.3037724448297644, 'generation': 275}","{'id': 15000, 'rank': 18, 'fitness': 0.19108928588076646, 'generation': 275}","{'id': 15000, 'rank': 19, 'fitness': 0.19108928588076646, 'generation': 275}","{'id': 15130, 'rank': 20, 'fitness': 0.11711397879493424, 'generation': 275}","{'id': 15124, 'rank': 21, 'fitness': 0.10282451472771448, 'generation': 275}","{'id': 15105, 'rank': 22, 'fitness': 0.07427470349631449, 'generation': 275}","{'id': 15126, 'rank': 23, 'fitness': 0.06403802311246054, 'generation': 275}","{'id': 15086, 'rank': 24, 'fitness': 0.052415449418814875, 'generation': 275}","{'id': 15103, 'rank': 25, 'fitness': 0.04271727175110923, 'generation': 275}","{'id': 15142, 'rank': 26, 'fitness': 0.035511622641263396, 'generation': 275}","{'id': 15121, 'rank': 27, 'fitness': 0.03371313616805721, 'generation': 275}","{'id': 15133, 'rank': 28, 'fitness': 0.020010039853492367, 'generation': 275}","{'id': 15131, 'rank': 29, 'fitness': 0.018102149887027186, 'generation': 275}","{'id': 15138, 'rank': 30, 'fitness': 0.01798620996209155, 'generation': 275}"
"{'id': 15222, 'rank': 1, 'fitness': 0.9820137900379085, 'generation': 276}","{'id': 14875, 'rank': 2, 'fitness': 0.8229433934791613, 'generation': 276}","{'id': 14875, 'rank': 3, 'fitness': 0.8229433934791613, 'generation': 276}","{'id': 14875, 'rank': 4, 'fitness': 0.8229433934791613, 'generation': 276}","{'id': 14875, 'rank': 5, 'fitness': 0.8229433934791613, 'generation': 276}","{'id': 14875, 'rank': 6, 'fitness': 0.8229433934791613, 'generation': 276}","{'id': 14875, 'rank': 7, 'fitness': 0.8229433934791613, 'generation': 276}","{'id': 14875, 'rank': 8, 'fitness': 0.8229433934791613, 'generation': 276}","{'id': 15112, 'rank': 9, 'fitness': 0.740131614686978, 'generation': 276}","{'id': 15221, 'rank': 10, 'fitness': 0.7199997907470623, 'generation': 276}","{'id': 15196, 'rank': 11, 'fitness': 0.666450874723445, 'generation': 276}","{'id': 15076, 'rank': 12, 'fitness': 0.64544916457421, 'generation': 276}","{'id': 15080, 'rank': 13, 'fitness': 0.5854807763832004, 'generation': 276}","{'id': 15174, 'rank': 14, 'fitness': 0.5823604522086063, 'generation': 276}","{'id': 15192, 'rank': 15, 'fitness': 0.4602923466144967, 'generation': 276}","{'id': 15063, 'rank': 16, 'fitness': 0.40142225915208823, 'generation': 276}","{'id': 15193, 'rank': 17, 'fitness': 0.3386535602393481, 'generation': 276}","{'id': 15173, 'rank': 18, 'fitness': 0.30491478692342944, 'generation': 276}","{'id': 15212, 'rank': 19, 'fitness': 0.19354466621090383, 'generation': 276}","{'id': 15220, 'rank': 20, 'fitness': 0.17524501362896883, 'generation': 276}","{'id': 15190, 'rank': 21, 'fitness': 0.12972925525643514, 'generation': 276}","{'id': 15190, 'rank': 22, 'fitness': 0.12972925525643514, 'generation': 276}","{'id': 15000, 'rank': 23, 'fitness': 0.06974556846648472, 'generation': 276}","{'id': 15210, 'rank': 24, 'fitness': 0.06878973491593104, 'generation': 276}","{'id': 15210, 'rank': 25, 'fitness': 0.06878973491593104, 'generation': 276}","{'id': 15189, 'rank': 26, 'fitness': 0.051410345369750365, 'generation': 276}","{'id': 15216, 'rank': 27, 'fitness': 0.05114295215613379, 'generation': 276}","{'id': 15171, 'rank': 28, 'fitness': 0.04624889163044815, 'generation': 276}","{'id': 15200, 'rank': 29, 'fitness': 0.04615465653727552, 'generation': 276}","{'id': 15142, 'rank': 30, 'fitness': 0.01798620996209155, 'generation': 276}"
"{'id': 15222, 'rank': 1, 'fitness': 0.9820137900379085, 'generation': 277}","{'id': 15258, 'rank': 2, 'fitness': 0.8180772130013625, 'generation': 277}","{'id': 14875, 'rank': 3, 'fitness': 0.808504601438374, 'generation': 277}","{'id': 14875, 'rank': 4, 'fitness': 0.808504601438374, 'generation': 277}","{'id': 14875, 'rank': 5, 'fitness': 0.808504601438374, 'generation': 277}","{'id': 14875, 'rank': 6, 'fitness': 0.808504601438374, 'generation': 277}","{'id': 14875, 'rank': 7, 'fitness': 0.808504601438374, 'generation': 277}","{'id': 15112, 'rank': 8, 'fitness': 0.7173700659648584, 'generation': 277}","{'id': 15196, 'rank': 9, 'fitness': 0.6371811120408891, 'generation': 277}","{'id': 15196, 'rank': 10, 'fitness': 0.6371811120408891, 'generation': 277}","{'id': 15174, 'rank': 11, 'fitness': 0.5472124145185008, 'generation': 277}","{'id': 15174, 'rank': 12, 'fitness': 0.5472124145185008, 'generation': 277}","{'id': 15192, 'rank': 13, 'fitness': 0.4203346811891362, 'generation': 277}","{'id': 15063, 'rank': 14, 'fitness': 0.36097091126222647, 'generation': 277}","{'id': 15267, 'rank': 15, 'fitness': 0.3453666272338054, 'generation': 277}","{'id': 15228, 'rank': 16, 'fitness': 0.23255345154610552, 'generation': 277}","{'id': 15228, 'rank': 17, 'fitness': 0.23255345154610552, 'generation': 277}","{'id': 15228, 'rank': 18, 'fitness': 0.23255345154610552, 'generation': 277}","{'id': 15266, 'rank': 19, 'fitness': 0.21886888208157562, 'generation': 277}","{'id': 15212, 'rank': 20, 'fitness': 0.1626239050300245, 'generation': 277}","{'id': 15272, 'rank': 21, 'fitness': 0.14100669146420342, 'generation': 277}","{'id': 15243, 'rank': 22, 'fitness': 0.07431063504178737, 'generation': 277}","{'id': 15245, 'rank': 23, 'fitness': 0.06744575737205427, 'generation': 277}","{'id': 15268, 'rank': 24, 'fitness': 0.06474083554370502, 'generation': 277}","{'id': 15000, 'rank': 25, 'fitness': 0.054801383751246546, 'generation': 277}","{'id': 15210, 'rank': 26, 'fitness': 0.05400890174946815, 'generation': 277}","{'id': 15241, 'rank': 27, 'fitness': 0.04687721579192139, 'generation': 277}","{'id': 15227, 'rank': 28, 'fitness': 0.03036534480732317, 'generation': 277}","{'id': 15246, 'rank': 29, 'fitness': 0.023484372972160827, 'generation': 277}","{'id': 15231, 'rank': 30, 'fitness': 0.01798620996209155, 'generation': 277}"
"{'id': 15286, 'rank': 1, 'fitness': 0.9820137900379085, 'generation': 278}","{'id': 14875, 'rank': 2, 'fitness': 0.8928541248037001, 'generation': 278}","{'id': 14875, 'rank': 3, 'fitness': 0.8928541248037001, 'generation': 278}","{'id': 14875, 'rank': 4, 'fitness': 0.8928541248037001, 'generation': 278}","{'id': 14875, 'rank': 5, 'fitness': 0.8928541248037001, 'generation': 278}","{'id': 14875, 'rank': 6, 'fitness': 0.8928541248037001, 'generation': 278}","{'id': 15196, 'rank': 7, 'fitness': 0.7360425931927498, 'generation': 278}","{'id': 15174, 'rank': 8, 'fitness': 0.6362370244680519, 'generation': 278}","{'id': 15192, 'rank': 9, 'fitness': 0.48040038638889243, 'generation': 278}","{'id': 15310, 'rank': 10, 'fitness': 0.4184345026591537, 'generation': 278}","{'id': 15277, 'rank': 11, 'fitness': 0.40530609502118176, 'generation': 278}","{'id': 15279, 'rank': 12, 'fitness': 0.33773900689994907, 'generation': 278}","{'id': 15278, 'rank': 13, 'fitness': 0.3350657991657435, 'generation': 278}","{'id': 15296, 'rank': 14, 'fitness': 0.29660346729604226, 'generation': 278}","{'id': 15284, 'rank': 15, 'fitness': 0.2827276045807706, 'generation': 278}","{'id': 15280, 'rank': 16, 'fitness': 0.24308933245209852, 'generation': 278}","{'id': 15280, 'rank': 17, 'fitness': 0.24308933245209852, 'generation': 278}","{'id': 15228, 'rank': 18, 'fitness': 0.2373252034673597, 'generation': 278}","{'id': 15228, 'rank': 19, 'fitness': 0.2373252034673597, 'generation': 278}","{'id': 15292, 'rank': 20, 'fitness': 0.21085748118449538, 'generation': 278}","{'id': 15288, 'rank': 21, 'fitness': 0.19679569001523606, 'generation': 278}","{'id': 15212, 'rank': 22, 'fitness': 0.15153316675864958, 'generation': 278}","{'id': 15272, 'rank': 23, 'fitness': 0.12648019988090176, 'generation': 278}","{'id': 15272, 'rank': 24, 'fitness': 0.12648019988090176, 'generation': 278}","{'id': 15298, 'rank': 25, 'fitness': 0.08941043907513524, 'generation': 278}","{'id': 15289, 'rank': 26, 'fitness': 0.08176073123747529, 'generation': 278}","{'id': 15289, 'rank': 27, 'fitness': 0.08176073123747529, 'generation': 278}","{'id': 15241, 'rank': 28, 'fitness': 0.031169926582825414, 'generation': 278}","{'id': 15283, 'rank': 29, 'fitness': 0.024905921966701217, 'generation': 278}","{'id': 15227, 'rank': 30, 'fitness': 0.01798620996209155, 'generation': 278}"
"{'id': 15286, 'rank': 1, 'fitness': 0.9820137900379085, 'generation': 279}","{'id': 14875, 'rank': 2, 'fitness': 0.9077435368447273, 'generation': 279}","{'id': 14875, 'rank': 3, 'fitness': 0.9077435368447273, 'generation': 279}","{'id': 15330, 'rank': 4, 'fitness': 0.8496156252809832, 'generation': 279}","{'id': 15330, 'rank': 5, 'fitness': 0.8496156252809832, 'generation': 279}","{'id': 15345, 'rank': 6, 'fitness': 0.7529677341765482, 'generation': 279}","{'id': 15192, 'rank': 7, 'fitness': 0.570052438563187, 'generation': 279}","{'id': 15328, 'rank': 8, 'fitness': 0.5157313478155968, 'generation': 279}","{'id': 15362, 'rank': 9, 'fitness': 0.5047852352867305, 'generation': 279}","{'id': 15362, 'rank': 10, 'fitness': 0.5047852352867305, 'generation': 279}","{'id': 15277, 'rank': 11, 'fitness': 0.501014046944699, 'generation': 279}","{'id': 15279, 'rank': 12, 'fitness': 0.4352915394773159, 'generation': 279}","{'id': 15296, 'rank': 13, 'fitness': 0.3932610157963031, 'generation': 279}","{'id': 15339, 'rank': 14, 'fitness': 0.3472651893442925, 'generation': 279}","{'id': 15326, 'rank': 15, 'fitness': 0.34607068272411845, 'generation': 279}","{'id': 15329, 'rank': 16, 'fitness': 0.3444380535704139, 'generation': 279}","{'id': 15280, 'rank': 17, 'fitness': 0.3358489403003062, 'generation': 279}","{'id': 15348, 'rank': 18, 'fitness': 0.295958829167271, 'generation': 279}","{'id': 15288, 'rank': 19, 'fitness': 0.28321826281425855, 'generation': 279}","{'id': 15272, 'rank': 20, 'fitness': 0.19654009124452343, 'generation': 279}","{'id': 15373, 'rank': 21, 'fitness': 0.16151298886199206, 'generation': 279}","{'id': 15373, 'rank': 22, 'fitness': 0.16151298886199206, 'generation': 279}","{'id': 15334, 'rank': 23, 'fitness': 0.14553795789141155, 'generation': 279}","{'id': 15363, 'rank': 24, 'fitness': 0.09140876378431317, 'generation': 279}","{'id': 15352, 'rank': 25, 'fitness': 0.07422927621110115, 'generation': 279}","{'id': 15361, 'rank': 26, 'fitness': 0.06958130932616235, 'generation': 279}","{'id': 15355, 'rank': 27, 'fitness': 0.06519332431356883, 'generation': 279}","{'id': 15355, 'rank': 28, 'fitness': 0.06519332431356883, 'generation': 279}","{'id': 15340, 'rank': 29, 'fitness': 0.019637819739405538, 'generation': 279}","{'id': 15338, 'rank': 30, 'fitness': 0.01798620996209155, 'generation': 279}"
"{'id': 15415, 'rank': 1, 'fitness': 0.9820137900379085, 'generation': 280}","{'id': 15415, 'rank': 2, 'fitness': 0.9820137900379085, 'generation': 280}","{'id': 14875, 'rank': 3, 'fitness': 0.96870338091027, 'generation': 280}","{'id': 14875, 'rank': 4, 'fitness': 0.96870338091027, 'generation': 280}","{'id': 15385, 'rank': 5, 'fitness': 0.9600558298845818, 'generation': 280}","{'id': 15385, 'rank': 6, 'fitness': 0.9600558298845818, 'generation': 280}","{'id': 15330, 'rank': 7, 'fitness': 0.944878145972371, 'generation': 280}","{'id': 15345, 'rank': 8, 'fitness': 0.8988241895813722, 'generation': 280}","{'id': 15381, 'rank': 9, 'fitness': 0.7961916274239381, 'generation': 280}","{'id': 15192, 'rank': 10, 'fitness': 0.7854250501352101, 'generation': 280}","{'id': 15398, 'rank': 11, 'fitness': 0.7536028017359311, 'generation': 280}","{'id': 15328, 'rank': 12, 'fitness': 0.7434873944359337, 'generation': 280}","{'id': 15403, 'rank': 13, 'fitness': 0.7365962925935857, 'generation': 280}","{'id': 15376, 'rank': 14, 'fitness': 0.7000709778008268, 'generation': 280}","{'id': 15380, 'rank': 15, 'fitness': 0.6753269187877002, 'generation': 280}","{'id': 15280, 'rank': 16, 'fitness': 0.567305289031362, 'generation': 280}","{'id': 15399, 'rank': 17, 'fitness': 0.5482713429422605, 'generation': 280}","{'id': 15399, 'rank': 18, 'fitness': 0.5482713429422605, 'generation': 280}","{'id': 15399, 'rank': 19, 'fitness': 0.5482713429422605, 'generation': 280}","{'id': 15399, 'rank': 20, 'fitness': 0.5482713429422605, 'generation': 280}","{'id': 15404, 'rank': 21, 'fitness': 0.4726233006813493, 'generation': 280}","{'id': 15272, 'rank': 22, 'fitness': 0.3769177132433426, 'generation': 280}","{'id': 15418, 'rank': 23, 'fitness': 0.34703366653569784, 'generation': 280}","{'id': 15386, 'rank': 24, 'fitness': 0.3331909172516281, 'generation': 280}","{'id': 15386, 'rank': 25, 'fitness': 0.3331909172516281, 'generation': 280}","{'id': 15334, 'rank': 26, 'fitness': 0.2914805295626287, 'generation': 280}","{'id': 15361, 'rank': 27, 'fitness': 0.14617479916730136, 'generation': 280}","{'id': 15355, 'rank': 28, 'fitness': 0.13713211322511903, 'generation': 280}","{'id': 15406, 'rank': 29, 'fitness': 0.042624756626607196, 'generation': 280}","{'id': 15389, 'rank': 30, 'fitness': 0.01798620996209155, 'generation': 280}"
"{'id': 14875, 'rank': 1, 'fitness': 0.9820137900379085, 'generation': 281}","{'id': 14875, 'rank': 2, 'fitness': 0.9820137900379085, 'generation': 281}","{'id': 14875, 'rank': 3, 'fitness': 0.9820137900379085, 'generation': 281}","{'id': 14875, 'rank': 4, 'fitness': 0.9820137900379085, 'generation': 281}","{'id': 14875, 'rank': 5, 'fitness': 0.9820137900379085, 'generation': 281}","{'id': 14875, 'rank': 6, 'fitness': 0.9820137900379085, 'generation': 281}","{'id': 15385, 'rank': 7, 'fitness': 0.9760241863781046, 'generation': 281}","{'id': 15385, 'rank': 8, 'fitness': 0.9760241863781046, 'generation': 281}","{'id': 15385, 'rank': 9, 'fitness': 0.9760241863781046, 'generation': 281}","{'id': 15436, 'rank': 10, 'fitness': 0.885798176234072, 'generation': 281}","{'id': 15467, 'rank': 11, 'fitness': 0.8784688802624715, 'generation': 281}","{'id': 15381, 'rank': 12, 'fitness': 0.8317152542871115, 'generation': 281}","{'id': 15381, 'rank': 13, 'fitness': 0.8317152542871115, 'generation': 281}","{'id': 15328, 'rank': 14, 'fitness': 0.7775446104114172, 'generation': 281}","{'id': 15328, 'rank': 15, 'fitness': 0.7775446104114172, 'generation': 281}","{'id': 15461, 'rank': 16, 'fitness': 0.7067014334416821, 'generation': 281}","{'id': 15380, 'rank': 17, 'fitness': 0.7039829027035321, 'generation': 281}","{'id': 15380, 'rank': 18, 'fitness': 0.7039829027035321, 'generation': 281}","{'id': 15280, 'rank': 19, 'fitness': 0.5819324796093003, 'generation': 281}","{'id': 15450, 'rank': 20, 'fitness': 0.5718997913078955, 'generation': 281}","{'id': 15443, 'rank': 21, 'fitness': 0.4631586083984941, 'generation': 281}","{'id': 15386, 'rank': 22, 'fitness': 0.3124153470951556, 'generation': 281}","{'id': 15334, 'rank': 23, 'fitness': 0.26610244187733845, 'generation': 281}","{'id': 15430, 'rank': 24, 'fitness': 0.21206682327436155, 'generation': 281}","{'id': 15455, 'rank': 25, 'fitness': 0.15373174970423653, 'generation': 281}","{'id': 15355, 'rank': 26, 'fitness': 0.10732741922763828, 'generation': 281}","{'id': 15459, 'rank': 27, 'fitness': 0.05200788700125042, 'generation': 281}","{'id': 15474, 'rank': 28, 'fitness': 0.03505429933554799, 'generation': 281}","{'id': 15434, 'rank': 29, 'fitness': 0.018314892973728625, 'generation': 281}","{'id': 15462, 'rank': 30, 'fitness': 0.01798620996209155, 'generation': 281}"
"{'id': 15531, 'rank': 1, 'fitness': 0.9820137900379085, 'generation': 282}","{'id': 15540, 'rank': 2, 'fitness': 0.9444555192165855, 'generation': 282}","{'id': 14875, 'rank': 3, 'fitness': 0.9311750962321694, 'generation': 282}","{'id': 14875, 'rank': 4, 'fitness': 0.9311750962321694, 'generation': 282}","{'id': 15385, 'rank': 5, 'fitness': 0.9169812466463338, 'generation': 282}","{'id': 15385, 'rank': 6, 'fitness': 0.9169812466463338, 'generation': 282}","{'id': 15385, 'rank': 7, 'fitness': 0.9169812466463338, 'generation': 282}","{'id': 15385, 'rank': 8, 'fitness': 0.9169812466463338, 'generation': 282}","{'id': 15539, 'rank': 9, 'fitness': 0.7937698685265028, 'generation': 282}","{'id': 15381, 'rank': 10, 'fitness': 0.7200847367876327, 'generation': 282}","{'id': 15328, 'rank': 11, 'fitness': 0.6694043451911962, 'generation': 282}","{'id': 15328, 'rank': 12, 'fitness': 0.6694043451911962, 'generation': 282}","{'id': 15380, 'rank': 13, 'fitness': 0.6081130187776189, 'generation': 282}","{'id': 15450, 'rank': 14, 'fitness': 0.5102090980058046, 'generation': 282}","{'id': 15443, 'rank': 15, 'fitness': 0.4350419327153131, 'generation': 282}","{'id': 15334, 'rank': 16, 'fitness': 0.2972677480408664, 'generation': 282}","{'id': 15488, 'rank': 17, 'fitness': 0.2260712190171818, 'generation': 282}","{'id': 15534, 'rank': 18, 'fitness': 0.21584515882777494, 'generation': 282}","{'id': 15496, 'rank': 19, 'fitness': 0.16626793773103382, 'generation': 282}","{'id': 15533, 'rank': 20, 'fitness': 0.16085290303542354, 'generation': 282}","{'id': 15520, 'rank': 21, 'fitness': 0.146647947723557, 'generation': 282}","{'id': 15504, 'rank': 22, 'fitness': 0.13773197212628635, 'generation': 282}","{'id': 15474, 'rank': 23, 'fitness': 0.07942289029754968, 'generation': 282}","{'id': 15512, 'rank': 24, 'fitness': 0.06321905376114273, 'generation': 282}","{'id': 15542, 'rank': 25, 'fitness': 0.06290698583287069, 'generation': 282}","{'id': 15434, 'rank': 26, 'fitness': 0.05162652659702255, 'generation': 282}","{'id': 15494, 'rank': 27, 'fitness': 0.04076512468008736, 'generation': 282}","{'id': 15523, 'rank': 28, 'fitness': 0.024437427555066338, 'generation': 282}","{'id': 15523, 'rank': 29, 'fitness': 0.024437427555066338, 'generation': 282}","{'id': 15528, 'rank': 30, 'fitness': 0.01798620996209155, 'generation': 282}"
"{'id': 15540, 'rank': 1, 'fitness': 0.9820137900379085, 'generation': 283}","{'id': 14875, 'rank': 2, 'fitness': 0.9767999400364475, 'generation': 283}","{'id': 14875, 'rank': 3, 'fitness': 0.9767999400364475, 'generation': 283}","{'id': 15385, 'rank': 4, 'fitness': 0.9709556318546437, 'generation': 283}","{'id': 15558, 'rank': 5, 'fitness': 0.9330886641546549, 'generation': 283}","{'id': 15561, 'rank': 6, 'fitness': 0.9159711668343992, 'generation': 283}","{'id': 15381, 'rank': 7, 'fitness': 0.8644277324463809, 'generation': 283}","{'id': 15570, 'rank': 8, 'fitness': 0.7239313212361013, 'generation': 283}","{'id': 15563, 'rank': 9, 'fitness': 0.60526138745494, 'generation': 283}","{'id': 15586, 'rank': 10, 'fitness': 0.47205485060394775, 'generation': 283}","{'id': 15334, 'rank': 11, 'fitness': 0.4501326648370414, 'generation': 283}","{'id': 15488, 'rank': 12, 'fitness': 0.3495123749396085, 'generation': 283}","{'id': 15549, 'rank': 13, 'fitness': 0.345837322347939, 'generation': 283}","{'id': 15549, 'rank': 14, 'fitness': 0.345837322347939, 'generation': 283}","{'id': 15589, 'rank': 15, 'fitness': 0.2942188948786384, 'generation': 283}","{'id': 15596, 'rank': 16, 'fitness': 0.2757871971216081, 'generation': 283}","{'id': 15562, 'rank': 17, 'fitness': 0.2598535461725327, 'generation': 283}","{'id': 15496, 'rank': 18, 'fitness': 0.2582299823142009, 'generation': 283}","{'id': 15580, 'rank': 19, 'fitness': 0.23630730515555537, 'generation': 283}","{'id': 15577, 'rank': 20, 'fitness': 0.17532315976884627, 'generation': 283}","{'id': 15598, 'rank': 21, 'fitness': 0.17068513190652823, 'generation': 283}","{'id': 15572, 'rank': 22, 'fitness': 0.15024302847531845, 'generation': 283}","{'id': 15554, 'rank': 23, 'fitness': 0.1500385187233711, 'generation': 283}","{'id': 15581, 'rank': 24, 'fitness': 0.14586603052856123, 'generation': 283}","{'id': 15575, 'rank': 25, 'fitness': 0.11351566146064973, 'generation': 283}","{'id': 15512, 'rank': 26, 'fitness': 0.09218366979690312, 'generation': 283}","{'id': 15434, 'rank': 27, 'fitness': 0.07367348161444892, 'generation': 283}","{'id': 15494, 'rank': 28, 'fitness': 0.056619173125823596, 'generation': 283}","{'id': 15555, 'rank': 29, 'fitness': 0.03192927516547267, 'generation': 283}","{'id': 15557, 'rank': 30, 'fitness': 0.01798620996209155, 'generation': 283}"
"{'id': 15630, 'rank': 1, 'fitness': 0.9820137900379085, 'generation': 284}","{'id': 15630, 'rank': 2, 'fitness': 0.9820137900379085, 'generation': 284}","{'id': 14875, 'rank': 3, 'fitness': 0.9604781832654273, 'generation': 284}","{'id': 14875, 'rank': 4, 'fitness': 0.9604781832654273, 'generation': 284}","{'id': 15625, 'rank': 5, 'fitness': 0.9227521373906311, 'generation': 284}","{'id': 15625, 'rank': 6, 'fitness': 0.9227521373906311, 'generation': 284}","{'id': 15628, 'rank': 7, 'fitness': 0.9210988897355523, 'generation': 284}","{'id': 15561, 'rank': 8, 'fitness': 0.8738259261580313, 'generation': 284}","{'id': 15648, 'rank': 9, 'fitness': 0.8260113918223667, 'generation': 284}","{'id': 15620, 'rank': 10, 'fitness': 0.8083413940236566, 'generation': 284}","{'id': 15636, 'rank': 11, 'fitness': 0.7112921455463149, 'generation': 284}","{'id': 15610, 'rank': 12, 'fitness': 0.652211996038212, 'generation': 284}","{'id': 15610, 'rank': 13, 'fitness': 0.652211996038212, 'generation': 284}","{'id': 15570, 'rank': 14, 'fitness': 0.6483056551660358, 'generation': 284}","{'id': 15570, 'rank': 15, 'fitness': 0.6483056551660358, 'generation': 284}","{'id': 15334, 'rank': 16, 'fitness': 0.38463401683744397, 'generation': 284}","{'id': 15602, 'rank': 17, 'fitness': 0.36256383466197784, 'generation': 284}","{'id': 15634, 'rank': 18, 'fitness': 0.3512708652182768, 'generation': 284}","{'id': 15488, 'rank': 19, 'fitness': 0.2971139407827954, 'generation': 284}","{'id': 15562, 'rank': 20, 'fitness': 0.22159218253093377, 'generation': 284}","{'id': 15562, 'rank': 21, 'fitness': 0.22159218253093377, 'generation': 284}","{'id': 15613, 'rank': 22, 'fitness': 0.1891572113811012, 'generation': 284}","{'id': 15644, 'rank': 23, 'fitness': 0.15819914318061784, 'generation': 284}","{'id': 15601, 'rank': 24, 'fitness': 0.1501406187021026, 'generation': 284}","{'id': 15554, 'rank': 25, 'fitness': 0.13065683680766638, 'generation': 284}","{'id': 15575, 'rank': 26, 'fitness': 0.1003452241365097, 'generation': 284}","{'id': 15434, 'rank': 27, 'fitness': 0.06686705263501985, 'generation': 284}","{'id': 15627, 'rank': 28, 'fitness': 0.05643450655304805, 'generation': 284}","{'id': 15608, 'rank': 29, 'fitness': 0.03501405800796842, 'generation': 284}","{'id': 15557, 'rank': 30, 'fitness': 0.01798620996209155, 'generation': 284}"
"{'id': 15687, 'rank': 1, 'fitness': 0.9820137900379085, 'generation': 285}","{'id': 14875, 'rank': 2, 'fitness': 0.9590870188230757, 'generation': 285}","{'id': 15625, 'rank': 3, 'fitness': 0.9170569833050498, 'generation': 285}","{'id': 15625, 'rank': 4, 'fitness': 0.9170569833050498, 'generation': 285}","{'id': 15628, 'rank': 5, 'fitness': 0.9151894707983801, 'generation': 285}","{'id': 15696, 'rank': 6, 'fitness': 0.9111384693602524, 'generation': 285}","{'id': 15694, 'rank': 7, 'fitness': 0.874999033929177, 'generation': 285}","{'id': 15648, 'rank': 8, 'fitness': 0.8063805352910915, 'generation': 285}","{'id': 15636, 'rank': 9, 'fitness': 0.6753720495426402, 'generation': 285}","{'id': 15693, 'rank': 10, 'fitness': 0.6534941409531048, 'generation': 285}","{'id': 15653, 'rank': 11, 'fitness': 0.6312751333979705, 'generation': 285}","{'id': 15653, 'rank': 12, 'fitness': 0.6312751333979705, 'generation': 285}","{'id': 15674, 'rank': 13, 'fitness': 0.6261110387815891, 'generation': 285}","{'id': 15674, 'rank': 14, 'fitness': 0.6261110387815891, 'generation': 285}","{'id': 15610, 'rank': 15, 'fitness': 0.6091715266101924, 'generation': 285}","{'id': 15570, 'rank': 16, 'fitness': 0.6048358852121094, 'generation': 285}","{'id': 15689, 'rank': 17, 'fitness': 0.5400608231959669, 'generation': 285}","{'id': 15663, 'rank': 18, 'fitness': 0.39399919946744694, 'generation': 285}","{'id': 15602, 'rank': 19, 'fitness': 0.306073163545685, 'generation': 285}","{'id': 15602, 'rank': 20, 'fitness': 0.306073163545685, 'generation': 285}","{'id': 15634, 'rank': 21, 'fitness': 0.2951281488218757, 'generation': 285}","{'id': 15488, 'rank': 22, 'fitness': 0.24367782613565625, 'generation': 285}","{'id': 15704, 'rank': 23, 'fitness': 0.24289501715409345, 'generation': 285}","{'id': 15704, 'rank': 24, 'fitness': 0.24289501715409345, 'generation': 285}","{'id': 15562, 'rank': 25, 'fitness': 0.17495177394767336, 'generation': 285}","{'id': 15690, 'rank': 26, 'fitness': 0.13960539921540355, 'generation': 285}","{'id': 15644, 'rank': 27, 'fitness': 0.12022027744354824, 'generation': 285}","{'id': 15554, 'rank': 28, 'fitness': 0.09736865912222836, 'generation': 285}","{'id': 15703, 'rank': 29, 'fitness': 0.08064018936513312, 'generation': 285}","{'id': 15701, 'rank': 30, 'fitness': 0.01798620996209155, 'generation': 285}"
"{'id': 15687, 'rank': 1, 'fitness': 0.9820137900379085, 'generation': 286}","{'id': 15687, 'rank': 2, 'fitness': 0.9820137900379085, 'generation': 286}","{'id': 15744, 'rank': 3, 'fitness': 0.9753712124764329, 'generation': 286}","{'id': 14875, 'rank': 4, 'fitness': 0.9574485237605018, 'generation': 286}","{'id': 15625, 'rank': 5, 'fitness': 0.910976368059574, 'generation': 286}","{'id': 15625, 'rank': 6, 'fitness': 0.910976368059574, 'generation': 286}","{'id': 15694, 'rank': 7, 'fitness': 0.8636974818190783, 'generation': 286}","{'id': 15740, 'rank': 8, 'fitness': 0.8214362869618969, 'generation': 286}","{'id': 15711, 'rank': 9, 'fitness': 0.7351737076209822, 'generation': 286}","{'id': 15711, 'rank': 10, 'fitness': 0.7351737076209822, 'generation': 286}","{'id': 15741, 'rank': 11, 'fitness': 0.6925564225606419, 'generation': 286}","{'id': 15738, 'rank': 12, 'fitness': 0.6417832870596857, 'generation': 286}","{'id': 15738, 'rank': 13, 'fitness': 0.6417832870596857, 'generation': 286}","{'id': 15636, 'rank': 14, 'fitness': 0.6397369953289624, 'generation': 286}","{'id': 15693, 'rank': 15, 'fitness': 0.6156951099849772, 'generation': 286}","{'id': 15653, 'rank': 16, 'fitness': 0.5914309639289681, 'generation': 286}","{'id': 15706, 'rank': 17, 'fitness': 0.5840149529285811, 'generation': 286}","{'id': 15570, 'rank': 18, 'fitness': 0.5627718180875279, 'generation': 286}","{'id': 15602, 'rank': 19, 'fitness': 0.25882557315083704, 'generation': 286}","{'id': 15602, 'rank': 20, 'fitness': 0.25882557315083704, 'generation': 286}","{'id': 15634, 'rank': 21, 'fitness': 0.2484924147755334, 'generation': 286}","{'id': 15730, 'rank': 22, 'fitness': 0.23366552261336382, 'generation': 286}","{'id': 15723, 'rank': 23, 'fitness': 0.21054786616664523, 'generation': 286}","{'id': 15723, 'rank': 24, 'fitness': 0.21054786616664523, 'generation': 286}","{'id': 15723, 'rank': 25, 'fitness': 0.21054786616664523, 'generation': 286}","{'id': 15722, 'rank': 26, 'fitness': 0.18990244732776668, 'generation': 286}","{'id': 15729, 'rank': 27, 'fitness': 0.15489459973079256, 'generation': 286}","{'id': 15757, 'rank': 28, 'fitness': 0.13081010736802, 'generation': 286}","{'id': 15755, 'rank': 29, 'fitness': 0.12449003891233784, 'generation': 286}","{'id': 15714, 'rank': 30, 'fitness': 0.01798620996209155, 'generation': 286}"
"{'id': 15813, 'rank': 1, 'fitness': 0.9820137900379085, 'generation': 287}","{'id': 15813, 'rank': 2, 'fitness': 0.9820137900379085, 'generation': 287}","{'id': 15625, 'rank': 3, 'fitness': 0.9810638587096514, 'generation': 287}","{'id': 15803, 'rank': 4, 'fitness': 0.9631698619214957, 'generation': 287}","{'id': 15740, 'rank': 5, 'fitness': 0.9503300590911579, 'generation': 287}","{'id': 15741, 'rank': 6, 'fitness': 0.8871323017862651, 'generation': 287}","{'id': 15741, 'rank': 7, 'fitness': 0.8871323017862651, 'generation': 287}","{'id': 15738, 'rank': 8, 'fitness': 0.8552604403775513, 'generation': 287}","{'id': 15738, 'rank': 9, 'fitness': 0.8552604403775513, 'generation': 287}","{'id': 15738, 'rank': 10, 'fitness': 0.8552604403775513, 'generation': 287}","{'id': 15738, 'rank': 11, 'fitness': 0.8552604403775513, 'generation': 287}","{'id': 15570, 'rank': 12, 'fitness': 0.7964800250678523, 'generation': 287}","{'id': 15792, 'rank': 13, 'fitness': 0.7657489311751501, 'generation': 287}","{'id': 15811, 'rank': 14, 'fitness': 0.7142369327498221, 'generation': 287}","{'id': 15780, 'rank': 15, 'fitness': 0.559723015048958, 'generation': 287}","{'id': 15634, 'rank': 16, 'fitness': 0.4184993793123259, 'generation': 287}","{'id': 15730, 'rank': 17, 'fitness': 0.3941422657505741, 'generation': 287}","{'id': 15730, 'rank': 18, 'fitness': 0.3941422657505741, 'generation': 287}","{'id': 15723, 'rank': 19, 'fitness': 0.3550840368823388, 'generation': 287}","{'id': 15723, 'rank': 20, 'fitness': 0.3550840368823388, 'generation': 287}","{'id': 15723, 'rank': 21, 'fitness': 0.3550840368823388, 'generation': 287}","{'id': 15796, 'rank': 22, 'fitness': 0.3497973159899712, 'generation': 287}","{'id': 15796, 'rank': 23, 'fitness': 0.3497973159899712, 'generation': 287}","{'id': 15775, 'rank': 24, 'fitness': 0.30352109465824684, 'generation': 287}","{'id': 15767, 'rank': 25, 'fitness': 0.2531196082043844, 'generation': 287}","{'id': 15779, 'rank': 26, 'fitness': 0.23650023742356152, 'generation': 287}","{'id': 15791, 'rank': 27, 'fitness': 0.20670232611986172, 'generation': 287}","{'id': 15770, 'rank': 28, 'fitness': 0.07597173542027574, 'generation': 287}","{'id': 15807, 'rank': 29, 'fitness': 0.06701564021965478, 'generation': 287}","{'id': 15810, 'rank': 30, 'fitness': 0.01798620996209155, 'generation': 287}"
"{'id': 15813, 'rank': 1, 'fitness': 0.9820137900379085, 'generation': 288}","{'id': 15813, 'rank': 2, 'fitness': 0.9820137900379085, 'generation': 288}","{'id': 15625, 'rank': 3, 'fitness': 0.9810148615165581, 'generation': 288}","{'id': 15803, 'rank': 4, 'fitness': 0.9618354189461856, 'generation': 288}","{'id': 15857, 'rank': 5, 'fitness': 0.9492682207784373, 'generation': 288}","{'id': 15741, 'rank': 6, 'fitness': 0.8770094058870225, 'generation': 288}","{'id': 15839, 'rank': 7, 'fitness': 0.873302452299133, 'generation': 288}","{'id': 15738, 'rank': 8, 'fitness': 0.8408772043690942, 'generation': 288}","{'id': 15792, 'rank': 9, 'fitness': 0.7394323454853005, 'generation': 288}","{'id': 15792, 'rank': 10, 'fitness': 0.7394323454853005, 'generation': 288}","{'id': 15792, 'rank': 11, 'fitness': 0.7394323454853005, 'generation': 288}","{'id': 15843, 'rank': 12, 'fitness': 0.6894254310328815, 'generation': 288}","{'id': 15811, 'rank': 13, 'fitness': 0.6815984495137904, 'generation': 288}","{'id': 15817, 'rank': 14, 'fitness': 0.6795455717762839, 'generation': 288}","{'id': 15861, 'rank': 15, 'fitness': 0.6517155241227359, 'generation': 288}","{'id': 15814, 'rank': 16, 'fitness': 0.6201541801964569, 'generation': 288}","{'id': 15868, 'rank': 17, 'fitness': 0.5902450444587112, 'generation': 288}","{'id': 15780, 'rank': 18, 'fitness': 0.5127856216012489, 'generation': 288}","{'id': 15723, 'rank': 19, 'fitness': 0.3041342956611909, 'generation': 288}","{'id': 15796, 'rank': 20, 'fitness': 0.29901018299661053, 'generation': 288}","{'id': 15796, 'rank': 21, 'fitness': 0.29901018299661053, 'generation': 288}","{'id': 15867, 'rank': 22, 'fitness': 0.24214235187787841, 'generation': 288}","{'id': 15767, 'rank': 23, 'fitness': 0.20794734721324848, 'generation': 288}","{'id': 15862, 'rank': 24, 'fitness': 0.20218816917583593, 'generation': 288}","{'id': 15779, 'rank': 25, 'fitness': 0.1928213549207905, 'generation': 288}","{'id': 15822, 'rank': 26, 'fitness': 0.1253246142807048, 'generation': 288}","{'id': 15818, 'rank': 27, 'fitness': 0.11899063984964359, 'generation': 288}","{'id': 15836, 'rank': 28, 'fitness': 0.01798620996209155, 'generation': 288}","{'id': 15836, 'rank': 29, 'fitness': 0.01798620996209155, 'generation': 288}","{'id': 15836, 'rank': 30, 'fitness': 0.01798620996209155, 'generation': 288}"
"{'id': 15884, 'rank': 1, 'fitness': 0.9820137900379085, 'generation': 289}","{'id': 15909, 'rank': 2, 'fitness': 0.9794609828126076, 'generation': 289}","{'id': 15813, 'rank': 3, 'fitness': 0.9733067732576937, 'generation': 289}","{'id': 15813, 'rank': 4, 'fitness': 0.9733067732576937, 'generation': 289}","{'id': 15803, 'rank': 5, 'fitness': 0.951913470328553, 'generation': 289}","{'id': 15857, 'rank': 6, 'fitness': 0.9399232657322809, 'generation': 289}","{'id': 15908, 'rank': 7, 'fitness': 0.937400110775229, 'generation': 289}","{'id': 15839, 'rank': 8, 'fitness': 0.876653017421767, 'generation': 289}","{'id': 15792, 'rank': 9, 'fitness': 0.779010029379399, 'generation': 289}","{'id': 15792, 'rank': 10, 'fitness': 0.779010029379399, 'generation': 289}","{'id': 15792, 'rank': 11, 'fitness': 0.779010029379399, 'generation': 289}","{'id': 15817, 'rank': 12, 'fitness': 0.7368605990050119, 'generation': 289}","{'id': 15817, 'rank': 13, 'fitness': 0.7368605990050119, 'generation': 289}","{'id': 15861, 'rank': 14, 'fitness': 0.717252488000991, 'generation': 289}","{'id': 15868, 'rank': 15, 'fitness': 0.6735244001421803, 'generation': 289}","{'id': 15780, 'rank': 16, 'fitness': 0.6168521085916213, 'generation': 289}","{'id': 15886, 'rank': 17, 'fitness': 0.4602566425548057, 'generation': 289}","{'id': 15919, 'rank': 18, 'fitness': 0.4379084618131926, 'generation': 289}","{'id': 15901, 'rank': 19, 'fitness': 0.29270567444272966, 'generation': 289}","{'id': 15901, 'rank': 20, 'fitness': 0.29270567444272966, 'generation': 289}","{'id': 15902, 'rank': 21, 'fitness': 0.15268045126830765, 'generation': 289}","{'id': 15888, 'rank': 22, 'fitness': 0.1269337603590477, 'generation': 289}","{'id': 15922, 'rank': 23, 'fitness': 0.12095199500555798, 'generation': 289}","{'id': 15883, 'rank': 24, 'fitness': 0.1031755043113427, 'generation': 289}","{'id': 15897, 'rank': 25, 'fitness': 0.0843794431546106, 'generation': 289}","{'id': 15836, 'rank': 26, 'fitness': 0.06153101323804966, 'generation': 289}","{'id': 15921, 'rank': 27, 'fitness': 0.051041068337146334, 'generation': 289}","{'id': 15890, 'rank': 28, 'fitness': 0.03484098091296434, 'generation': 289}","{'id': 15916, 'rank': 29, 'fitness': 0.030387711097019987, 'generation': 289}","{'id': 15873, 'rank': 30, 'fitness': 0.01798620996209155, 'generation': 289}"
"{'id': 15969, 'rank': 1, 'fitness': 0.9820137900379085, 'generation': 290}","{'id': 15969, 'rank': 2, 'fitness': 0.9820137900379085, 'generation': 290}","{'id': 15969, 'rank': 3, 'fitness': 0.9820137900379085, 'generation': 290}","{'id': 15979, 'rank': 4, 'fitness': 0.9388876822989258, 'generation': 290}","{'id': 15908, 'rank': 5, 'fitness': 0.9359052311060816, 'generation': 290}","{'id': 15839, 'rank': 6, 'fitness': 0.8763383012171349, 'generation': 290}","{'id': 15792, 'rank': 7, 'fitness': 0.7821040855302153, 'generation': 290}","{'id': 15792, 'rank': 8, 'fitness': 0.7821040855302153, 'generation': 290}","{'id': 15792, 'rank': 9, 'fitness': 0.7821040855302153, 'generation': 290}","{'id': 15963, 'rank': 10, 'fitness': 0.7683727538729592, 'generation': 290}","{'id': 15817, 'rank': 11, 'fitness': 0.7416693029062973, 'generation': 290}","{'id': 15817, 'rank': 12, 'fitness': 0.7416693029062973, 'generation': 290}","{'id': 15868, 'rank': 13, 'fitness': 0.680974789866467, 'generation': 290}","{'id': 15868, 'rank': 14, 'fitness': 0.680974789866467, 'generation': 290}","{'id': 15931, 'rank': 15, 'fitness': 0.6654733290531029, 'generation': 290}","{'id': 15780, 'rank': 16, 'fitness': 0.6266121798766476, 'generation': 290}","{'id': 15928, 'rank': 17, 'fitness': 0.37186790342178055, 'generation': 290}","{'id': 15948, 'rank': 18, 'fitness': 0.33894330954553953, 'generation': 290}","{'id': 15934, 'rank': 19, 'fitness': 0.28152206425902765, 'generation': 290}","{'id': 15973, 'rank': 20, 'fitness': 0.2487093796173927, 'generation': 290}","{'id': 15990, 'rank': 21, 'fitness': 0.21333350282765107, 'generation': 290}","{'id': 15962, 'rank': 22, 'fitness': 0.1979172102635403, 'generation': 290}","{'id': 15959, 'rank': 23, 'fitness': 0.19719616607233298, 'generation': 290}","{'id': 15961, 'rank': 24, 'fitness': 0.11514802729366902, 'generation': 290}","{'id': 15883, 'rank': 25, 'fitness': 0.11486196134033433, 'generation': 290}","{'id': 15929, 'rank': 26, 'fitness': 0.11415575314299431, 'generation': 290}","{'id': 15916, 'rank': 27, 'fitness': 0.035449616717180554, 'generation': 290}","{'id': 15975, 'rank': 28, 'fitness': 0.01890413597926116, 'generation': 290}","{'id': 15930, 'rank': 29, 'fitness': 0.01804341114303476, 'generation': 290}","{'id': 15952, 'rank': 30, 'fitness': 0.01798620996209155, 'generation': 290}"
"{'id': 16036, 'rank': 1, 'fitness': 0.9820137900379085, 'generation': 291}","{'id': 16036, 'rank': 2, 'fitness': 0.9820137900379085, 'generation': 291}","{'id': 15969, 'rank': 3, 'fitness': 0.9698412509392346, 'generation': 291}","{'id': 15969, 'rank': 4, 'fitness': 0.9698412509392346, 'generation': 291}","{'id': 15993, 'rank': 5, 'fitness': 0.9669238342124431, 'generation': 291}","{'id': 16002, 'rank': 6, 'fitness': 0.9316994512639112, 'generation': 291}","{'id': 16002, 'rank': 7, 'fitness': 0.9316994512639112, 'generation': 291}","{'id': 15839, 'rank': 8, 'fitness': 0.8268106603539801, 'generation': 291}","{'id': 15995, 'rank': 9, 'fitness': 0.7694252608491313, 'generation': 291}","{'id': 16013, 'rank': 10, 'fitness': 0.7672177770878406, 'generation': 291}","{'id': 16003, 'rank': 11, 'fitness': 0.6874428322301399, 'generation': 291}","{'id': 15817, 'rank': 12, 'fitness': 0.6724076303079756, 'generation': 291}","{'id': 15817, 'rank': 13, 'fitness': 0.6724076303079756, 'generation': 291}","{'id': 16020, 'rank': 14, 'fitness': 0.6325077598369555, 'generation': 291}","{'id': 15931, 'rank': 15, 'fitness': 0.5929926842513549, 'generation': 291}","{'id': 16028, 'rank': 16, 'fitness': 0.38351186904426904, 'generation': 291}","{'id': 16028, 'rank': 17, 'fitness': 0.38351186904426904, 'generation': 291}","{'id': 16028, 'rank': 18, 'fitness': 0.38351186904426904, 'generation': 291}","{'id': 15928, 'rank': 19, 'fitness': 0.31953588884183787, 'generation': 291}","{'id': 15934, 'rank': 20, 'fitness': 0.24205141070579494, 'generation': 291}","{'id': 15992, 'rank': 21, 'fitness': 0.2030700091402492, 'generation': 291}","{'id': 16018, 'rank': 22, 'fitness': 0.17796403947959577, 'generation': 291}","{'id': 15959, 'rank': 23, 'fitness': 0.17111728975283974, 'generation': 291}","{'id': 16038, 'rank': 24, 'fitness': 0.14224553692642095, 'generation': 291}","{'id': 16030, 'rank': 25, 'fitness': 0.11059480054144477, 'generation': 291}","{'id': 15883, 'rank': 26, 'fitness': 0.1021234919671058, 'generation': 291}","{'id': 16025, 'rank': 27, 'fitness': 0.07756669912505787, 'generation': 291}","{'id': 16007, 'rank': 28, 'fitness': 0.060027943923763205, 'generation': 291}","{'id': 16023, 'rank': 29, 'fitness': 0.053079844927145514, 'generation': 291}","{'id': 15930, 'rank': 30, 'fitness': 0.01798620996209155, 'generation': 291}"
"{'id': 16091, 'rank': 1, 'fitness': 0.9820137900379085, 'generation': 292}","{'id': 16036, 'rank': 2, 'fitness': 0.9818395028985271, 'generation': 292}","{'id': 16036, 'rank': 3, 'fitness': 0.9818395028985271, 'generation': 292}","{'id': 16036, 'rank': 4, 'fitness': 0.9818395028985271, 'generation': 292}","{'id': 16036, 'rank': 5, 'fitness': 0.9818395028985271, 'generation': 292}","{'id': 16066, 'rank': 6, 'fitness': 0.9746079465453591, 'generation': 292}","{'id': 15969, 'rank': 7, 'fitness': 0.9689031579991241, 'generation': 292}","{'id': 16002, 'rank': 8, 'fitness': 0.9273186132873766, 'generation': 292}","{'id': 16002, 'rank': 9, 'fitness': 0.9273186132873766, 'generation': 292}","{'id': 16002, 'rank': 10, 'fitness': 0.9273186132873766, 'generation': 292}","{'id': 16057, 'rank': 11, 'fitness': 0.9218929343668474, 'generation': 292}","{'id': 16057, 'rank': 12, 'fitness': 0.9218929343668474, 'generation': 292}","{'id': 16075, 'rank': 13, 'fitness': 0.8504131621134887, 'generation': 292}","{'id': 16075, 'rank': 14, 'fitness': 0.8504131621134887, 'generation': 292}","{'id': 15839, 'rank': 15, 'fitness': 0.8104773628684268, 'generation': 292}","{'id': 15995, 'rank': 16, 'fitness': 0.7465431264997653, 'generation': 292}","{'id': 16072, 'rank': 17, 'fitness': 0.7225133245418633, 'generation': 292}","{'id': 16072, 'rank': 18, 'fitness': 0.7225133245418633, 'generation': 292}","{'id': 16089, 'rank': 19, 'fitness': 0.6649403238689003, 'generation': 292}","{'id': 16089, 'rank': 20, 'fitness': 0.6649403238689003, 'generation': 292}","{'id': 16080, 'rank': 21, 'fitness': 0.663798580889462, 'generation': 292}","{'id': 15817, 'rank': 22, 'fitness': 0.6397529032577199, 'generation': 292}","{'id': 16083, 'rank': 23, 'fitness': 0.6090567363720903, 'generation': 292}","{'id': 16076, 'rank': 24, 'fitness': 0.2544377855248491, 'generation': 292}","{'id': 15934, 'rank': 25, 'fitness': 0.20378319821998653, 'generation': 292}","{'id': 15992, 'rank': 26, 'fitness': 0.16828187009759982, 'generation': 292}","{'id': 16062, 'rank': 27, 'fitness': 0.11090722836728517, 'generation': 292}","{'id': 16055, 'rank': 28, 'fitness': 0.10474133570134736, 'generation': 292}","{'id': 16047, 'rank': 29, 'fitness': 0.0789775240268652, 'generation': 292}","{'id': 16081, 'rank': 30, 'fitness': 0.01798620996209155, 'generation': 292}"
"{'id': 16036, 'rank': 1, 'fitness': 0.9820137900379085, 'generation': 293}","{'id': 16112, 'rank': 2, 'fitness': 0.9802992596524183, 'generation': 293}","{'id': 16112, 'rank': 3, 'fitness': 0.9802992596524183, 'generation': 293}","{'id': 16002, 'rank': 4, 'fitness': 0.9349638898517865, 'generation': 293}","{'id': 15839, 'rank': 5, 'fitness': 0.8396175786799429, 'generation': 293}","{'id': 16105, 'rank': 6, 'fitness': 0.8240184573657853, 'generation': 293}","{'id': 15995, 'rank': 7, 'fitness': 0.7876492045181935, 'generation': 293}","{'id': 16072, 'rank': 8, 'fitness': 0.7679673570576021, 'generation': 293}","{'id': 16140, 'rank': 9, 'fitness': 0.7309951042574689, 'generation': 293}","{'id': 16080, 'rank': 10, 'fitness': 0.7193345733464511, 'generation': 293}","{'id': 16083, 'rank': 11, 'fitness': 0.6730947005922783, 'generation': 293}","{'id': 16106, 'rank': 12, 'fitness': 0.6378129471726001, 'generation': 293}","{'id': 16106, 'rank': 13, 'fitness': 0.6378129471726001, 'generation': 293}","{'id': 16158, 'rank': 14, 'fitness': 0.3970432562515262, 'generation': 293}","{'id': 16141, 'rank': 15, 'fitness': 0.35908401223977815, 'generation': 293}","{'id': 16141, 'rank': 16, 'fitness': 0.35908401223977815, 'generation': 293}","{'id': 16131, 'rank': 17, 'fitness': 0.3453603002877914, 'generation': 293}","{'id': 16125, 'rank': 18, 'fitness': 0.21882296500608134, 'generation': 293}","{'id': 16128, 'rank': 19, 'fitness': 0.21480054070322085, 'generation': 293}","{'id': 16156, 'rank': 20, 'fitness': 0.1895555081415713, 'generation': 293}","{'id': 16152, 'rank': 21, 'fitness': 0.18818744401377185, 'generation': 293}","{'id': 16120, 'rank': 22, 'fitness': 0.13945500107017939, 'generation': 293}","{'id': 16117, 'rank': 23, 'fitness': 0.12909659417259733, 'generation': 293}","{'id': 16132, 'rank': 24, 'fitness': 0.11758019143439391, 'generation': 293}","{'id': 16138, 'rank': 25, 'fitness': 0.11754159345637372, 'generation': 293}","{'id': 16135, 'rank': 26, 'fitness': 0.11223696828634838, 'generation': 293}","{'id': 16163, 'rank': 27, 'fitness': 0.10842119542854572, 'generation': 293}","{'id': 16134, 'rank': 28, 'fitness': 0.0767697251338364, 'generation': 293}","{'id': 16155, 'rank': 29, 'fitness': 0.05947069312474473, 'generation': 293}","{'id': 16137, 'rank': 30, 'fitness': 0.01798620996209155, 'generation': 293}"
"{'id': 16036, 'rank': 1, 'fitness': 0.9820137900379085, 'generation': 294}","{'id': 16036, 'rank': 2, 'fitness': 0.9820137900379085, 'generation': 294}","{'id': 16112, 'rank': 3, 'fitness': 0.9796165576809444, 'generation': 294}","{'id': 16112, 'rank': 4, 'fitness': 0.9796165576809444, 'generation': 294}","{'id': 16195, 'rank': 5, 'fitness': 0.9623142826213928, 'generation': 294}","{'id': 16168, 'rank': 6, 'fitness': 0.7772270718899785, 'generation': 294}","{'id': 16168, 'rank': 7, 'fitness': 0.7772270718899785, 'generation': 294}","{'id': 16168, 'rank': 8, 'fitness': 0.7772270718899785, 'generation': 294}","{'id': 16105, 'rank': 9, 'fitness': 0.6510588859729962, 'generation': 294}","{'id': 16192, 'rank': 10, 'fitness': 0.6054385778764131, 'generation': 294}","{'id': 16193, 'rank': 11, 'fitness': 0.5024800586578844, 'generation': 294}","{'id': 16140, 'rank': 12, 'fitness': 0.4689699683578924, 'generation': 294}","{'id': 16140, 'rank': 13, 'fitness': 0.4689699683578924, 'generation': 294}","{'id': 16080, 'rank': 14, 'fitness': 0.4489995432508357, 'generation': 294}","{'id': 16083, 'rank': 15, 'fitness': 0.37620631002983895, 'generation': 294}","{'id': 16197, 'rank': 16, 'fitness': 0.369432410981956, 'generation': 294}","{'id': 16106, 'rank': 17, 'fitness': 0.32726597556187553, 'generation': 294}","{'id': 16106, 'rank': 18, 'fitness': 0.32726597556187553, 'generation': 294}","{'id': 16177, 'rank': 19, 'fitness': 0.17783082315219922, 'generation': 294}","{'id': 16187, 'rank': 20, 'fitness': 0.1758612793984472, 'generation': 294}","{'id': 16210, 'rank': 21, 'fitness': 0.1154441464729305, 'generation': 294}","{'id': 16170, 'rank': 22, 'fitness': 0.10523035505117562, 'generation': 294}","{'id': 16207, 'rank': 23, 'fitness': 0.08762897043871681, 'generation': 294}","{'id': 16207, 'rank': 24, 'fitness': 0.08762897043871681, 'generation': 294}","{'id': 16131, 'rank': 25, 'fitness': 0.08490397409811407, 'generation': 294}","{'id': 16172, 'rank': 26, 'fitness': 0.05549554215742686, 'generation': 294}","{'id': 16125, 'rank': 27, 'fitness': 0.03740979394964972, 'generation': 294}","{'id': 16179, 'rank': 28, 'fitness': 0.032097193382909506, 'generation': 294}","{'id': 16205, 'rank': 29, 'fitness': 0.023868038196197927, 'generation': 294}","{'id': 16120, 'rank': 30, 'fitness': 0.01798620996209155, 'generation': 294}"
"{'id': 16112, 'rank': 1, 'fitness': 0.9820137900379085, 'generation': 295}","{'id': 16112, 'rank': 2, 'fitness': 0.9820137900379085, 'generation': 295}","{'id': 16238, 'rank': 3, 'fitness': 0.9751900684473012, 'generation': 295}","{'id': 16238, 'rank': 4, 'fitness': 0.9751900684473012, 'generation': 295}","{'id': 16238, 'rank': 5, 'fitness': 0.9751900684473012, 'generation': 295}","{'id': 16239, 'rank': 6, 'fitness': 0.9062523208756529, 'generation': 295}","{'id': 16219, 'rank': 7, 'fitness': 0.8568654678764682, 'generation': 295}","{'id': 16240, 'rank': 8, 'fitness': 0.8292267470666037, 'generation': 295}","{'id': 16168, 'rank': 9, 'fitness': 0.7714780976003006, 'generation': 295}","{'id': 16232, 'rank': 10, 'fitness': 0.752916260247806, 'generation': 295}","{'id': 16105, 'rank': 11, 'fitness': 0.6347159789323562, 'generation': 295}","{'id': 16254, 'rank': 12, 'fitness': 0.5052139030767429, 'generation': 295}","{'id': 16193, 'rank': 13, 'fitness': 0.4753139193706434, 'generation': 295}","{'id': 16193, 'rank': 14, 'fitness': 0.4753139193706434, 'generation': 295}","{'id': 16230, 'rank': 15, 'fitness': 0.4420849767623994, 'generation': 295}","{'id': 16230, 'rank': 16, 'fitness': 0.4420849767623994, 'generation': 295}","{'id': 16230, 'rank': 17, 'fitness': 0.4420849767623994, 'generation': 295}","{'id': 16230, 'rank': 18, 'fitness': 0.4420849767623994, 'generation': 295}","{'id': 16140, 'rank': 19, 'fitness': 0.4399819965167611, 'generation': 295}","{'id': 16248, 'rank': 20, 'fitness': 0.4054015321368337, 'generation': 295}","{'id': 16248, 'rank': 21, 'fitness': 0.4054015321368337, 'generation': 295}","{'id': 16083, 'rank': 22, 'fitness': 0.3438979806900845, 'generation': 295}","{'id': 16229, 'rank': 23, 'fitness': 0.2513766773822442, 'generation': 295}","{'id': 16244, 'rank': 24, 'fitness': 0.24109278825000607, 'generation': 295}","{'id': 16220, 'rank': 25, 'fitness': 0.09471201362765791, 'generation': 295}","{'id': 16220, 'rank': 26, 'fitness': 0.09471201362765791, 'generation': 295}","{'id': 16210, 'rank': 27, 'fitness': 0.09361866392359175, 'generation': 295}","{'id': 16210, 'rank': 28, 'fitness': 0.09361866392359175, 'generation': 295}","{'id': 16207, 'rank': 29, 'fitness': 0.06942042594532016, 'generation': 295}","{'id': 16262, 'rank': 30, 'fitness': 0.01798620996209155, 'generation': 295}"
"{'id': 16301, 'rank': 1, 'fitness': 0.9820137900379085, 'generation': 296}","{'id': 16112, 'rank': 2, 'fitness': 0.9695637302358981, 'generation': 296}","{'id': 16112, 'rank': 3, 'fitness': 0.9695637302358981, 'generation': 296}","{'id': 16112, 'rank': 4, 'fitness': 0.9695637302358981, 'generation': 296}","{'id': 16238, 'rank': 5, 'fitness': 0.9613331305317641, 'generation': 296}","{'id': 16297, 'rank': 6, 'fitness': 0.9471003746562905, 'generation': 296}","{'id': 16297, 'rank': 7, 'fitness': 0.9471003746562905, 'generation': 296}","{'id': 16279, 'rank': 8, 'fitness': 0.9155271348085594, 'generation': 296}","{'id': 16240, 'rank': 9, 'fitness': 0.8369778824593096, 'generation': 296}","{'id': 16267, 'rank': 10, 'fitness': 0.8273985482543028, 'generation': 296}","{'id': 16193, 'rank': 11, 'fitness': 0.5913255121917427, 'generation': 296}","{'id': 16193, 'rank': 12, 'fitness': 0.5913255121917427, 'generation': 296}","{'id': 16193, 'rank': 13, 'fitness': 0.5913255121917427, 'generation': 296}","{'id': 16230, 'rank': 14, 'fitness': 0.5667151516569237, 'generation': 296}","{'id': 16230, 'rank': 15, 'fitness': 0.5667151516569237, 'generation': 296}","{'id': 16230, 'rank': 16, 'fitness': 0.5667151516569237, 'generation': 296}","{'id': 16230, 'rank': 17, 'fitness': 0.5667151516569237, 'generation': 296}","{'id': 16140, 'rank': 18, 'fitness': 0.5651344541882249, 'generation': 296}","{'id': 16248, 'rank': 19, 'fitness': 0.5386941166595623, 'generation': 296}","{'id': 16248, 'rank': 20, 'fitness': 0.5386941166595623, 'generation': 296}","{'id': 16293, 'rank': 21, 'fitness': 0.5022041887430189, 'generation': 296}","{'id': 16311, 'rank': 22, 'fitness': 0.4021009392806594, 'generation': 296}","{'id': 16311, 'rank': 23, 'fitness': 0.4021009392806594, 'generation': 296}","{'id': 16300, 'rank': 24, 'fitness': 0.31616721243589363, 'generation': 296}","{'id': 16292, 'rank': 25, 'fitness': 0.29490115188100546, 'generation': 296}","{'id': 16310, 'rank': 26, 'fitness': 0.2215965506434785, 'generation': 296}","{'id': 16207, 'rank': 27, 'fitness': 0.18036121708553637, 'generation': 296}","{'id': 16284, 'rank': 28, 'fitness': 0.09180250539861179, 'generation': 296}","{'id': 16277, 'rank': 29, 'fitness': 0.06094376950211239, 'generation': 296}","{'id': 16281, 'rank': 30, 'fitness': 0.01798620996209155, 'generation': 296}"
"{'id': 16112, 'rank': 1, 'fitness': 0.9820137900379085, 'generation': 297}","{'id': 16112, 'rank': 2, 'fitness': 0.9820137900379085, 'generation': 297}","{'id': 16112, 'rank': 3, 'fitness': 0.9820137900379085, 'generation': 297}","{'id': 16297, 'rank': 4, 'fitness': 0.9614262790675171, 'generation': 297}","{'id': 16297, 'rank': 5, 'fitness': 0.9614262790675171, 'generation': 297}","{'id': 16332, 'rank': 6, 'fitness': 0.9469872867156374, 'generation': 297}","{'id': 16332, 'rank': 7, 'fitness': 0.9469872867156374, 'generation': 297}","{'id': 16193, 'rank': 8, 'fitness': 0.448290958147283, 'generation': 297}","{'id': 16193, 'rank': 9, 'fitness': 0.448290958147283, 'generation': 297}","{'id': 16193, 'rank': 10, 'fitness': 0.448290958147283, 'generation': 297}","{'id': 16230, 'rank': 11, 'fitness': 0.4145929024807569, 'generation': 297}","{'id': 16230, 'rank': 12, 'fitness': 0.4145929024807569, 'generation': 297}","{'id': 16248, 'rank': 13, 'fitness': 0.3777046714006708, 'generation': 297}","{'id': 16248, 'rank': 14, 'fitness': 0.3777046714006708, 'generation': 297}","{'id': 16363, 'rank': 15, 'fitness': 0.37423606226275696, 'generation': 297}","{'id': 16293, 'rank': 16, 'fitness': 0.3321758116800059, 'generation': 297}","{'id': 16311, 'rank': 17, 'fitness': 0.22265623871995321, 'generation': 297}","{'id': 16311, 'rank': 18, 'fitness': 0.22265623871995321, 'generation': 297}","{'id': 16346, 'rank': 19, 'fitness': 0.1681521206447787, 'generation': 297}","{'id': 16346, 'rank': 20, 'fitness': 0.1681521206447787, 'generation': 297}","{'id': 16346, 'rank': 21, 'fitness': 0.1681521206447787, 'generation': 297}","{'id': 16344, 'rank': 22, 'fitness': 0.10673744188196843, 'generation': 297}","{'id': 16344, 'rank': 23, 'fitness': 0.10673744188196843, 'generation': 297}","{'id': 16319, 'rank': 24, 'fitness': 0.06132496679818139, 'generation': 297}","{'id': 16207, 'rank': 25, 'fitness': 0.05893220549825451, 'generation': 297}","{'id': 16326, 'rank': 26, 'fitness': 0.05277191228739536, 'generation': 297}","{'id': 16352, 'rank': 27, 'fitness': 0.050113372360862884, 'generation': 297}","{'id': 16336, 'rank': 28, 'fitness': 0.04361014138126457, 'generation': 297}","{'id': 16321, 'rank': 29, 'fitness': 0.022248042624189557, 'generation': 297}","{'id': 16353, 'rank': 30, 'fitness': 0.01798620996209155, 'generation': 297}"
"{'id': 16112, 'rank': 1, 'fitness': 0.9820137900379085, 'generation': 298}","{'id': 16112, 'rank': 2, 'fitness': 0.9820137900379085, 'generation': 298}","{'id': 16112, 'rank': 3, 'fitness': 0.9820137900379085, 'generation': 298}","{'id': 16415, 'rank': 4, 'fitness': 0.9798526749872902, 'generation': 298}","{'id': 16297, 'rank': 5, 'fitness': 0.9701262451511494, 'generation': 298}","{'id': 16332, 'rank': 6, 'fitness': 0.9630218759238016, 'generation': 298}","{'id': 16332, 'rank': 7, 'fitness': 0.9630218759238016, 'generation': 298}","{'id': 16417, 'rank': 8, 'fitness': 0.9170711916564283, 'generation': 298}","{'id': 16386, 'rank': 9, 'fitness': 0.8922441165782196, 'generation': 298}","{'id': 16416, 'rank': 10, 'fitness': 0.8648751204605122, 'generation': 298}","{'id': 16418, 'rank': 11, 'fitness': 0.7955782505792166, 'generation': 298}","{'id': 16418, 'rank': 12, 'fitness': 0.7955782505792166, 'generation': 298}","{'id': 16230, 'rank': 13, 'fitness': 0.7542000329918961, 'generation': 298}","{'id': 16248, 'rank': 14, 'fitness': 0.7347604082596884, 'generation': 298}","{'id': 16363, 'rank': 15, 'fitness': 0.7328469934131936, 'generation': 298}","{'id': 16402, 'rank': 16, 'fitness': 0.72701279104997, 'generation': 298}","{'id': 16376, 'rank': 17, 'fitness': 0.7219822534598956, 'generation': 298}","{'id': 16380, 'rank': 18, 'fitness': 0.7009984872349972, 'generation': 298}","{'id': 16378, 'rank': 19, 'fitness': 0.4978703552407524, 'generation': 298}","{'id': 16344, 'rank': 20, 'fitness': 0.48552975684989913, 'generation': 298}","{'id': 16344, 'rank': 21, 'fitness': 0.48552975684989913, 'generation': 298}","{'id': 16387, 'rank': 22, 'fitness': 0.45315213797880183, 'generation': 298}","{'id': 16387, 'rank': 23, 'fitness': 0.45315213797880183, 'generation': 298}","{'id': 16403, 'rank': 24, 'fitness': 0.4207703427957248, 'generation': 298}","{'id': 16207, 'rank': 25, 'fitness': 0.38083768618402597, 'generation': 298}","{'id': 16336, 'rank': 26, 'fitness': 0.3326569303105702, 'generation': 298}","{'id': 16423, 'rank': 27, 'fitness': 0.3291301417817085, 'generation': 298}","{'id': 16405, 'rank': 28, 'fitness': 0.22809777547754073, 'generation': 298}","{'id': 16405, 'rank': 29, 'fitness': 0.22809777547754073, 'generation': 298}","{'id': 16384, 'rank': 30, 'fitness': 0.01798620996209155, 'generation': 298}"
"{'id': 16112, 'rank': 1, 'fitness': 0.9820137900379085, 'generation': 299}","{'id': 16415, 'rank': 2, 'fitness': 0.9796144083412806, 'generation': 299}","{'id': 16297, 'rank': 3, 'fitness': 0.9685239144710878, 'generation': 299}","{'id': 16332, 'rank': 4, 'fitness': 0.9601877001207841, 'generation': 299}","{'id': 16477, 'rank': 5, 'fitness': 0.9572102567997202, 'generation': 299}","{'id': 16477, 'rank': 6, 'fitness': 0.9572102567997202, 'generation': 299}","{'id': 16417, 'rank': 7, 'fitness': 0.9035706752239148, 'generation': 299}","{'id': 16417, 'rank': 8, 'fitness': 0.9035706752239148, 'generation': 299}","{'id': 16417, 'rank': 9, 'fitness': 0.9035706752239148, 'generation': 299}","{'id': 16417, 'rank': 10, 'fitness': 0.9035706752239148, 'generation': 299}","{'id': 16418, 'rank': 11, 'fitness': 0.7474169766457801, 'generation': 299}","{'id': 16230, 'rank': 12, 'fitness': 0.6947612963609123, 'generation': 299}","{'id': 16248, 'rank': 13, 'fitness': 0.6703215977968071, 'generation': 299}","{'id': 16402, 'rank': 14, 'fitness': 0.6606431174222219, 'generation': 299}","{'id': 16380, 'rank': 15, 'fitness': 0.6284273400538527, 'generation': 299}","{'id': 16459, 'rank': 16, 'fitness': 0.36483046506286476, 'generation': 299}","{'id': 16403, 'rank': 17, 'fitness': 0.31696668864990274, 'generation': 299}","{'id': 16207, 'rank': 18, 'fitness': 0.278605268417891, 'generation': 299}","{'id': 16470, 'rank': 19, 'fitness': 0.27825797412560244, 'generation': 299}","{'id': 16471, 'rank': 20, 'fitness': 0.2761807336039362, 'generation': 299}","{'id': 16336, 'rank': 21, 'fitness': 0.23444218604232192, 'generation': 299}","{'id': 16462, 'rank': 22, 'fitness': 0.1514525973919253, 'generation': 299}","{'id': 16438, 'rank': 23, 'fitness': 0.13757195521614507, 'generation': 299}","{'id': 16433, 'rank': 24, 'fitness': 0.12273493740445873, 'generation': 299}","{'id': 16443, 'rank': 25, 'fitness': 0.0833433136581313, 'generation': 299}","{'id': 16443, 'rank': 26, 'fitness': 0.0833433136581313, 'generation': 299}","{'id': 16440, 'rank': 27, 'fitness': 0.07954188900889658, 'generation': 299}","{'id': 16441, 'rank': 28, 'fitness': 0.05424736414965636, 'generation': 299}","{'id': 16428, 'rank': 29, 'fitness': 0.041174903546542574, 'generation': 299}","{'id': 16457, 'rank': 30, 'fitness': 0.01798620996209155, 'generation': 299}"
"{'id': 16415, 'rank': 1, 'fitness': 0.9820137900379085, 'generation': 300}","{'id': 16535, 'rank': 2, 'fitness': 0.9578689311997814, 'generation': 300}","{'id': 16535, 'rank': 3, 'fitness': 0.9578689311997814, 'generation': 300}","{'id': 16477, 'rank': 4, 'fitness': 0.9570737806198549, 'generation': 300}","{'id': 16417, 'rank': 5, 'fitness': 0.8894497759642167, 'generation': 300}","{'id': 16417, 'rank': 6, 'fitness': 0.8894497759642167, 'generation': 300}","{'id': 16516, 'rank': 7, 'fitness': 0.7455556822318654, 'generation': 300}","{'id': 16516, 'rank': 8, 'fitness': 0.7455556822318654, 'generation': 300}","{'id': 16533, 'rank': 9, 'fitness': 0.7067937128659846, 'generation': 300}","{'id': 16533, 'rank': 10, 'fitness': 0.7067937128659846, 'generation': 300}","{'id': 16418, 'rank': 11, 'fitness': 0.6758998856818212, 'generation': 300}","{'id': 16248, 'rank': 12, 'fitness': 0.5733324467048626, 'generation': 300}","{'id': 16491, 'rank': 13, 'fitness': 0.5185342870480961, 'generation': 300}","{'id': 16507, 'rank': 14, 'fitness': 0.48031296522597, 'generation': 300}","{'id': 16540, 'rank': 15, 'fitness': 0.37903124618932227, 'generation': 300}","{'id': 16403, 'rank': 16, 'fitness': 0.19231461614023582, 'generation': 300}","{'id': 16505, 'rank': 17, 'fitness': 0.16438511825224184, 'generation': 300}","{'id': 16520, 'rank': 18, 'fitness': 0.13498053990856312, 'generation': 300}","{'id': 16520, 'rank': 19, 'fitness': 0.13498053990856312, 'generation': 300}","{'id': 16520, 'rank': 20, 'fitness': 0.13498053990856312, 'generation': 300}","{'id': 16531, 'rank': 21, 'fitness': 0.1311105495677679, 'generation': 300}","{'id': 16336, 'rank': 22, 'fitness': 0.12764985879279656, 'generation': 300}","{'id': 16538, 'rank': 23, 'fitness': 0.10387873385276403, 'generation': 300}","{'id': 16433, 'rank': 24, 'fitness': 0.05522661455641892, 'generation': 300}","{'id': 16510, 'rank': 25, 'fitness': 0.03389031411261756, 'generation': 300}","{'id': 16440, 'rank': 26, 'fitness': 0.032175324059605714, 'generation': 300}","{'id': 16502, 'rank': 27, 'fitness': 0.03103120895650885, 'generation': 300}","{'id': 16500, 'rank': 28, 'fitness': 0.02229803577399314, 'generation': 300}","{'id': 16521, 'rank': 29, 'fitness': 0.019689395126253784, 'generation': 300}","{'id': 16519, 'rank': 30, 'fitness': 0.01798620996209155, 'generation': 300}"
"{'id': 16572, 'rank': 1, 'fitness': 0.9820137900379085, 'generation': 301}","{'id': 16563, 'rank': 2, 'fitness': 0.9708350158609833, 'generation': 301}","{'id': 16563, 'rank': 3, 'fitness': 0.9708350158609833, 'generation': 301}","{'id': 16563, 'rank': 4, 'fitness': 0.9708350158609833, 'generation': 301}","{'id': 16586, 'rank': 5, 'fitness': 0.9451728006325777, 'generation': 301}","{'id': 16562, 'rank': 6, 'fitness': 0.942022060761625, 'generation': 301}","{'id': 16561, 'rank': 7, 'fitness': 0.9173539878257453, 'generation': 301}","{'id': 16535, 'rank': 8, 'fitness': 0.9003035105721027, 'generation': 301}","{'id': 16535, 'rank': 9, 'fitness': 0.9003035105721027, 'generation': 301}","{'id': 16477, 'rank': 10, 'fitness': 0.899075951812907, 'generation': 301}","{'id': 16477, 'rank': 11, 'fitness': 0.899075951812907, 'generation': 301}","{'id': 16560, 'rank': 12, 'fitness': 0.8366724837093246, 'generation': 301}","{'id': 16560, 'rank': 13, 'fitness': 0.8366724837093246, 'generation': 301}","{'id': 16417, 'rank': 14, 'fitness': 0.8141230127537504, 'generation': 301}","{'id': 16417, 'rank': 15, 'fitness': 0.8141230127537504, 'generation': 301}","{'id': 16569, 'rank': 16, 'fitness': 0.7719103075007782, 'generation': 301}","{'id': 16533, 'rank': 17, 'fitness': 0.654185887768166, 'generation': 301}","{'id': 16533, 'rank': 18, 'fitness': 0.654185887768166, 'generation': 301}","{'id': 16567, 'rank': 19, 'fitness': 0.5887157251975839, 'generation': 301}","{'id': 16248, 'rank': 20, 'fitness': 0.5573521332537289, 'generation': 301}","{'id': 16491, 'rank': 21, 'fitness': 0.5190614052027993, 'generation': 301}","{'id': 16491, 'rank': 22, 'fitness': 0.5190614052027993, 'generation': 301}","{'id': 16580, 'rank': 23, 'fitness': 0.4919461370625661, 'generation': 301}","{'id': 16581, 'rank': 24, 'fitness': 0.4274542759011846, 'generation': 301}","{'id': 16505, 'rank': 25, 'fitness': 0.2482536732006188, 'generation': 301}","{'id': 16336, 'rank': 26, 'fitness': 0.21180344201962248, 'generation': 301}","{'id': 16538, 'rank': 27, 'fitness': 0.1859790188768466, 'generation': 301}","{'id': 16549, 'rank': 28, 'fitness': 0.07282467086136007, 'generation': 301}","{'id': 16554, 'rank': 29, 'fitness': 0.05973784611818078, 'generation': 301}","{'id': 16583, 'rank': 30, 'fitness': 0.01798620996209155, 'generation': 301}"
"{'id': 16613, 'rank': 1, 'fitness': 0.9820137900379085, 'generation': 302}","{'id': 16572, 'rank': 2, 'fitness': 0.9765509162411663, 'generation': 302}","{'id': 16572, 'rank': 3, 'fitness': 0.9765509162411663, 'generation': 302}","{'id': 16563, 'rank': 4, 'fitness': 0.9596697477548731, 'generation': 302}","{'id': 16586, 'rank': 5, 'fitness': 0.9187274982232418, 'generation': 302}","{'id': 16561, 'rank': 6, 'fitness': 0.8729377212115578, 'generation': 302}","{'id': 16561, 'rank': 7, 'fitness': 0.8729377212115578, 'generation': 302}","{'id': 16535, 'rank': 8, 'fitness': 0.8447234279750546, 'generation': 302}","{'id': 16656, 'rank': 9, 'fitness': 0.8085399341753176, 'generation': 302}","{'id': 16560, 'rank': 10, 'fitness': 0.7412587770105734, 'generation': 302}","{'id': 16560, 'rank': 11, 'fitness': 0.7412587770105734, 'generation': 302}","{'id': 16533, 'rank': 12, 'fitness': 0.48142959675416797, 'generation': 302}","{'id': 16641, 'rank': 13, 'fitness': 0.45094775360055833, 'generation': 302}","{'id': 16641, 'rank': 14, 'fitness': 0.45094775360055833, 'generation': 302}","{'id': 16641, 'rank': 15, 'fitness': 0.45094775360055833, 'generation': 302}","{'id': 16611, 'rank': 16, 'fitness': 0.2936943299771453, 'generation': 302}","{'id': 16636, 'rank': 17, 'fitness': 0.2276691288098452, 'generation': 302}","{'id': 16636, 'rank': 18, 'fitness': 0.2276691288098452, 'generation': 302}","{'id': 16636, 'rank': 19, 'fitness': 0.2276691288098452, 'generation': 302}","{'id': 16648, 'rank': 20, 'fitness': 0.2184648247911805, 'generation': 302}","{'id': 16615, 'rank': 21, 'fitness': 0.09850137563713912, 'generation': 302}","{'id': 16593, 'rank': 22, 'fitness': 0.07947343507665616, 'generation': 302}","{'id': 16594, 'rank': 23, 'fitness': 0.07907011870882363, 'generation': 302}","{'id': 16594, 'rank': 24, 'fitness': 0.07907011870882363, 'generation': 302}","{'id': 16638, 'rank': 25, 'fitness': 0.07668248342839656, 'generation': 302}","{'id': 16632, 'rank': 26, 'fitness': 0.06006879295863243, 'generation': 302}","{'id': 16614, 'rank': 27, 'fitness': 0.04186913052765495, 'generation': 302}","{'id': 16549, 'rank': 28, 'fitness': 0.024766967600378442, 'generation': 302}","{'id': 16621, 'rank': 29, 'fitness': 0.02329528334035208, 'generation': 302}","{'id': 16600, 'rank': 30, 'fitness': 0.01798620996209155, 'generation': 302}"
"{'id': 16572, 'rank': 1, 'fitness': 0.9820137900379085, 'generation': 303}","{'id': 16677, 'rank': 2, 'fitness': 0.9788966276975741, 'generation': 303}","{'id': 16563, 'rank': 3, 'fitness': 0.9672713478052831, 'generation': 303}","{'id': 16561, 'rank': 4, 'fitness': 0.8832868198267861, 'generation': 303}","{'id': 16561, 'rank': 5, 'fitness': 0.8832868198267861, 'generation': 303}","{'id': 16561, 'rank': 6, 'fitness': 0.8832868198267861, 'generation': 303}","{'id': 16535, 'rank': 7, 'fitness': 0.8542089878280801, 'generation': 303}","{'id': 16535, 'rank': 8, 'fitness': 0.8542089878280801, 'generation': 303}","{'id': 16656, 'rank': 9, 'fitness': 0.8161216394409949, 'generation': 303}","{'id': 16698, 'rank': 10, 'fitness': 0.7517921901640853, 'generation': 303}","{'id': 16698, 'rank': 11, 'fitness': 0.7517921901640853, 'generation': 303}","{'id': 16698, 'rank': 12, 'fitness': 0.7517921901640853, 'generation': 303}","{'id': 16560, 'rank': 13, 'fitness': 0.7436026996820311, 'generation': 303}","{'id': 16560, 'rank': 14, 'fitness': 0.7436026996820311, 'generation': 303}","{'id': 16560, 'rank': 15, 'fitness': 0.7436026996820311, 'generation': 303}","{'id': 16707, 'rank': 16, 'fitness': 0.7005546876229105, 'generation': 303}","{'id': 16678, 'rank': 17, 'fitness': 0.6933394205518768, 'generation': 303}","{'id': 16533, 'rank': 18, 'fitness': 0.4573780077455051, 'generation': 303}","{'id': 16694, 'rank': 19, 'fitness': 0.4423332344731905, 'generation': 303}","{'id': 16641, 'rank': 20, 'fitness': 0.4242711128093075, 'generation': 303}","{'id': 16641, 'rank': 21, 'fitness': 0.4242711128093075, 'generation': 303}","{'id': 16641, 'rank': 22, 'fitness': 0.4242711128093075, 'generation': 303}","{'id': 16664, 'rank': 23, 'fitness': 0.19627511972545253, 'generation': 303}","{'id': 16689, 'rank': 24, 'fitness': 0.12357708965243175, 'generation': 303}","{'id': 16676, 'rank': 25, 'fitness': 0.08584934689726531, 'generation': 303}","{'id': 16696, 'rank': 26, 'fitness': 0.07184687293908076, 'generation': 303}","{'id': 16666, 'rank': 27, 'fitness': 0.03989725467118671, 'generation': 303}","{'id': 16681, 'rank': 28, 'fitness': 0.026902399291652668, 'generation': 303}","{'id': 16669, 'rank': 29, 'fitness': 0.022346890293578003, 'generation': 303}","{'id': 16662, 'rank': 30, 'fitness': 0.01798620996209155, 'generation': 303}"
"{'id': 16572, 'rank': 1, 'fitness': 0.9820137900379085, 'generation': 304}","{'id': 16758, 'rank': 2, 'fitness': 0.9450739936592454, 'generation': 304}","{'id': 16561, 'rank': 3, 'fitness': 0.8859612720932415, 'generation': 304}","{'id': 16561, 'rank': 4, 'fitness': 0.8859612720932415, 'generation': 304}","{'id': 16561, 'rank': 5, 'fitness': 0.8859612720932415, 'generation': 304}","{'id': 16535, 'rank': 6, 'fitness': 0.8578565586914595, 'generation': 304}","{'id': 16698, 'rank': 7, 'fitness': 0.7588786977175601, 'generation': 304}","{'id': 16560, 'rank': 8, 'fitness': 0.7509532221416584, 'generation': 304}","{'id': 16560, 'rank': 9, 'fitness': 0.7509532221416584, 'generation': 304}","{'id': 16723, 'rank': 10, 'fitness': 0.7098152487533859, 'generation': 304}","{'id': 16723, 'rank': 11, 'fitness': 0.7098152487533859, 'generation': 304}","{'id': 16723, 'rank': 12, 'fitness': 0.7098152487533859, 'generation': 304}","{'id': 16728, 'rank': 13, 'fitness': 0.5354113103852717, 'generation': 304}","{'id': 16728, 'rank': 14, 'fitness': 0.5354113103852717, 'generation': 304}","{'id': 16533, 'rank': 15, 'fitness': 0.4711340225572849, 'generation': 304}","{'id': 16641, 'rank': 16, 'fitness': 0.43827344638694427, 'generation': 304}","{'id': 16736, 'rank': 17, 'fitness': 0.35481556797611025, 'generation': 304}","{'id': 16730, 'rank': 18, 'fitness': 0.24849950903870488, 'generation': 304}","{'id': 16664, 'rank': 19, 'fitness': 0.20783895428341248, 'generation': 304}","{'id': 16664, 'rank': 20, 'fitness': 0.20783895428341248, 'generation': 304}","{'id': 16727, 'rank': 21, 'fitness': 0.18071084962190975, 'generation': 304}","{'id': 16727, 'rank': 22, 'fitness': 0.18071084962190975, 'generation': 304}","{'id': 16752, 'rank': 23, 'fitness': 0.17296392430747615, 'generation': 304}","{'id': 16709, 'rank': 24, 'fitness': 0.11428194355446397, 'generation': 304}","{'id': 16718, 'rank': 25, 'fitness': 0.11376224485821673, 'generation': 304}","{'id': 16718, 'rank': 26, 'fitness': 0.11376224485821673, 'generation': 304}","{'id': 16716, 'rank': 27, 'fitness': 0.0925251581407871, 'generation': 304}","{'id': 16681, 'rank': 28, 'fitness': 0.02966593534928258, 'generation': 304}","{'id': 16669, 'rank': 29, 'fitness': 0.024715043527576586, 'generation': 304}","{'id': 16745, 'rank': 30, 'fitness': 0.01798620996209155, 'generation': 304}"
"{'id': 16572, 'rank': 1, 'fitness': 0.9820137900379085, 'generation': 305}","{'id': 16572, 'rank': 2, 'fitness': 0.9820137900379085, 'generation': 305}","{'id': 16572, 'rank': 3, 'fitness': 0.9820137900379085, 'generation': 305}","{'id': 16758, 'rank': 4, 'fitness': 0.9463890301263429, 'generation': 305}","{'id': 16758, 'rank': 5, 'fitness': 0.9463890301263429, 'generation': 305}","{'id': 16561, 'rank': 6, 'fitness': 0.8902603612897357, 'generation': 305}","{'id': 16561, 'rank': 7, 'fitness': 0.8902603612897357, 'generation': 305}","{'id': 16561, 'rank': 8, 'fitness': 0.8902603612897357, 'generation': 305}","{'id': 16803, 'rank': 9, 'fitness': 0.8591854259426743, 'generation': 305}","{'id': 16560, 'rank': 10, 'fitness': 0.7627783373440069, 'generation': 305}","{'id': 16560, 'rank': 11, 'fitness': 0.7627783373440069, 'generation': 305}","{'id': 16723, 'rank': 12, 'fitness': 0.723801897999066, 'generation': 305}","{'id': 16723, 'rank': 13, 'fitness': 0.723801897999066, 'generation': 305}","{'id': 16728, 'rank': 14, 'fitness': 0.5566299153317795, 'generation': 305}","{'id': 16728, 'rank': 15, 'fitness': 0.5566299153317795, 'generation': 305}","{'id': 16773, 'rank': 16, 'fitness': 0.5020789986943756, 'generation': 305}","{'id': 16533, 'rank': 17, 'fitness': 0.49393379941467586, 'generation': 305}","{'id': 16533, 'rank': 18, 'fitness': 0.49393379941467586, 'generation': 305}","{'id': 16774, 'rank': 19, 'fitness': 0.47002131916358725, 'generation': 305}","{'id': 16641, 'rank': 20, 'fitness': 0.4615998403235692, 'generation': 305}","{'id': 16759, 'rank': 21, 'fitness': 0.3777785521482049, 'generation': 305}","{'id': 16770, 'rank': 22, 'fitness': 0.34367143328993743, 'generation': 305}","{'id': 16762, 'rank': 23, 'fitness': 0.19303042028844292, 'generation': 305}","{'id': 16752, 'rank': 24, 'fitness': 0.1913470316712388, 'generation': 305}","{'id': 16802, 'rank': 25, 'fitness': 0.11744814181101815, 'generation': 305}","{'id': 16802, 'rank': 26, 'fitness': 0.11744814181101815, 'generation': 305}","{'id': 16790, 'rank': 27, 'fitness': 0.10038729650149442, 'generation': 305}","{'id': 16798, 'rank': 28, 'fitness': 0.06918005608497324, 'generation': 305}","{'id': 16785, 'rank': 29, 'fitness': 0.06636721260928719, 'generation': 305}","{'id': 16780, 'rank': 30, 'fitness': 0.01798620996209155, 'generation': 305}"
"{'id': 16572, 'rank': 1, 'fitness': 0.9820137900379085, 'generation': 306}","{'id': 16758, 'rank': 2, 'fitness': 0.9481501404668172, 'generation': 306}","{'id': 16758, 'rank': 3, 'fitness': 0.9481501404668172, 'generation': 306}","{'id': 16561, 'rank': 4, 'fitness': 0.8959435966234586, 'generation': 306}","{'id': 16561, 'rank': 5, 'fitness': 0.8959435966234586, 'generation': 306}","{'id': 16561, 'rank': 6, 'fitness': 0.8959435966234586, 'generation': 306}","{'id': 16856, 'rank': 7, 'fitness': 0.8173290657389268, 'generation': 306}","{'id': 16728, 'rank': 8, 'fitness': 0.585479122183608, 'generation': 306}","{'id': 16533, 'rank': 9, 'fitness': 0.5253302172418525, 'generation': 306}","{'id': 16774, 'rank': 10, 'fitness': 0.5021516007096046, 'generation': 306}","{'id': 16774, 'rank': 11, 'fitness': 0.5021516007096046, 'generation': 306}","{'id': 16774, 'rank': 12, 'fitness': 0.5021516007096046, 'generation': 306}","{'id': 16641, 'rank': 13, 'fitness': 0.49395489991588887, 'generation': 306}","{'id': 16770, 'rank': 14, 'fitness': 0.37710478600313757, 'generation': 306}","{'id': 16864, 'rank': 15, 'fitness': 0.358468137405769, 'generation': 306}","{'id': 16834, 'rank': 16, 'fitness': 0.2642161006831628, 'generation': 306}","{'id': 16870, 'rank': 17, 'fitness': 0.24583003542879683, 'generation': 306}","{'id': 16870, 'rank': 18, 'fitness': 0.24583003542879683, 'generation': 306}","{'id': 16870, 'rank': 19, 'fitness': 0.24583003542879683, 'generation': 306}","{'id': 16802, 'rank': 20, 'fitness': 0.1383667963633397, 'generation': 306}","{'id': 16802, 'rank': 21, 'fitness': 0.1383667963633397, 'generation': 306}","{'id': 16857, 'rank': 22, 'fitness': 0.13105991820460794, 'generation': 306}","{'id': 16790, 'rank': 23, 'fitness': 0.11925228856161413, 'generation': 306}","{'id': 16831, 'rank': 24, 'fitness': 0.0662826297442426, 'generation': 306}","{'id': 16848, 'rank': 25, 'fitness': 0.0631445825928435, 'generation': 306}","{'id': 16854, 'rank': 26, 'fitness': 0.032289666685749674, 'generation': 306}","{'id': 16858, 'rank': 27, 'fitness': 0.030878614148300787, 'generation': 306}","{'id': 16838, 'rank': 28, 'fitness': 0.028039422547529114, 'generation': 306}","{'id': 16849, 'rank': 29, 'fitness': 0.026682803278042344, 'generation': 306}","{'id': 16819, 'rank': 30, 'fitness': 0.01798620996209155, 'generation': 306}"
"{'id': 16917, 'rank': 1, 'fitness': 0.9820137900379085, 'generation': 307}","{'id': 16914, 'rank': 2, 'fitness': 0.9691111041953484, 'generation': 307}","{'id': 16914, 'rank': 3, 'fitness': 0.9691111041953484, 'generation': 307}","{'id': 16914, 'rank': 4, 'fitness': 0.9691111041953484, 'generation': 307}","{'id': 16758, 'rank': 5, 'fitness': 0.9640755722126821, 'generation': 307}","{'id': 16875, 'rank': 6, 'fitness': 0.9633337204660177, 'generation': 307}","{'id': 16901, 'rank': 7, 'fitness': 0.9506977225720026, 'generation': 307}","{'id': 16561, 'rank': 8, 'fitness': 0.9187440894930133, 'generation': 307}","{'id': 16561, 'rank': 9, 'fitness': 0.9187440894930133, 'generation': 307}","{'id': 16561, 'rank': 10, 'fitness': 0.9187440894930133, 'generation': 307}","{'id': 16561, 'rank': 11, 'fitness': 0.9187440894930133, 'generation': 307}","{'id': 16884, 'rank': 12, 'fitness': 0.9080143636568191, 'generation': 307}","{'id': 16884, 'rank': 13, 'fitness': 0.9080143636568191, 'generation': 307}","{'id': 16913, 'rank': 14, 'fitness': 0.7676327372937959, 'generation': 307}","{'id': 16898, 'rank': 15, 'fitness': 0.6712332650831003, 'generation': 307}","{'id': 16878, 'rank': 16, 'fitness': 0.6086404923021019, 'generation': 307}","{'id': 16728, 'rank': 17, 'fitness': 0.5868752065348499, 'generation': 307}","{'id': 16728, 'rank': 18, 'fitness': 0.5868752065348499, 'generation': 307}","{'id': 16899, 'rank': 19, 'fitness': 0.5409080678288664, 'generation': 307}","{'id': 16774, 'rank': 20, 'fitness': 0.49117189232870123, 'generation': 307}","{'id': 16774, 'rank': 21, 'fitness': 0.49117189232870123, 'generation': 307}","{'id': 16641, 'rank': 22, 'fitness': 0.4817726350098305, 'generation': 307}","{'id': 16641, 'rank': 23, 'fitness': 0.4817726350098305, 'generation': 307}","{'id': 16877, 'rank': 24, 'fitness': 0.4475064522560932, 'generation': 307}","{'id': 16890, 'rank': 25, 'fitness': 0.2676382477016847, 'generation': 307}","{'id': 16834, 'rank': 26, 'fitness': 0.22785364655759072, 'generation': 307}","{'id': 16870, 'rank': 27, 'fitness': 0.20890107284796994, 'generation': 307}","{'id': 16886, 'rank': 28, 'fitness': 0.1765516204110274, 'generation': 307}","{'id': 16918, 'rank': 29, 'fitness': 0.07198992176707308, 'generation': 307}","{'id': 16858, 'rank': 30, 'fitness': 0.01798620996209155, 'generation': 307}"
"{'id': 16914, 'rank': 1, 'fitness': 0.9820137900379085, 'generation': 308}","{'id': 16914, 'rank': 2, 'fitness': 0.9820137900379085, 'generation': 308}","{'id': 16914, 'rank': 3, 'fitness': 0.9820137900379085, 'generation': 308}","{'id': 16914, 'rank': 4, 'fitness': 0.9820137900379085, 'generation': 308}","{'id': 16758, 'rank': 5, 'fitness': 0.9791906466748248, 'generation': 308}","{'id': 16875, 'rank': 6, 'fitness': 0.9787753630632643, 'generation': 308}","{'id': 16950, 'rank': 7, 'fitness': 0.9597981211977121, 'generation': 308}","{'id': 16561, 'rank': 8, 'fitness': 0.9538570224149033, 'generation': 308}","{'id': 16561, 'rank': 9, 'fitness': 0.9538570224149033, 'generation': 308}","{'id': 16561, 'rank': 10, 'fitness': 0.9538570224149033, 'generation': 308}","{'id': 16561, 'rank': 11, 'fitness': 0.9538570224149033, 'generation': 308}","{'id': 16969, 'rank': 12, 'fitness': 0.7849911238561681, 'generation': 308}","{'id': 16878, 'rank': 13, 'fitness': 0.7578426075268156, 'generation': 308}","{'id': 16927, 'rank': 14, 'fitness': 0.7294399765716193, 'generation': 308}","{'id': 16641, 'rank': 15, 'fitness': 0.6572862967671445, 'generation': 308}","{'id': 16641, 'rank': 16, 'fitness': 0.6572862967671445, 'generation': 308}","{'id': 16944, 'rank': 17, 'fitness': 0.5991643043570325, 'generation': 308}","{'id': 16974, 'rank': 18, 'fitness': 0.5572210077882994, 'generation': 308}","{'id': 16890, 'rank': 19, 'fitness': 0.4409454743139002, 'generation': 308}","{'id': 16976, 'rank': 20, 'fitness': 0.2901373482980074, 'generation': 308}","{'id': 16934, 'rank': 21, 'fitness': 0.28596530227105654, 'generation': 308}","{'id': 16966, 'rank': 22, 'fitness': 0.23105115356139805, 'generation': 308}","{'id': 16966, 'rank': 23, 'fitness': 0.23105115356139805, 'generation': 308}","{'id': 16928, 'rank': 24, 'fitness': 0.15958600788331473, 'generation': 308}","{'id': 16933, 'rank': 25, 'fitness': 0.1087149696279579, 'generation': 308}","{'id': 16940, 'rank': 26, 'fitness': 0.05676321771507775, 'generation': 308}","{'id': 16940, 'rank': 27, 'fitness': 0.05676321771507775, 'generation': 308}","{'id': 16956, 'rank': 28, 'fitness': 0.024636390660545238, 'generation': 308}","{'id': 16963, 'rank': 29, 'fitness': 0.020133778925047974, 'generation': 308}","{'id': 16936, 'rank': 30, 'fitness': 0.01798620996209155, 'generation': 308}"
"{'id': 16914, 'rank': 1, 'fitness': 0.9820137900379085, 'generation': 309}","{'id': 16914, 'rank': 2, 'fitness': 0.9820137900379085, 'generation': 309}","{'id': 16875, 'rank': 3, 'fitness': 0.9787753630632643, 'generation': 309}","{'id': 16561, 'rank': 4, 'fitness': 0.9538570224149033, 'generation': 309}","{'id': 16561, 'rank': 5, 'fitness': 0.9538570224149033, 'generation': 309}","{'id': 17021, 'rank': 6, 'fitness': 0.9245161196560256, 'generation': 309}","{'id': 16878, 'rank': 7, 'fitness': 0.7578426075268156, 'generation': 309}","{'id': 16878, 'rank': 8, 'fitness': 0.7578426075268156, 'generation': 309}","{'id': 16985, 'rank': 9, 'fitness': 0.7225526576687598, 'generation': 309}","{'id': 16985, 'rank': 10, 'fitness': 0.7225526576687598, 'generation': 309}","{'id': 16641, 'rank': 11, 'fitness': 0.6572862967671445, 'generation': 309}","{'id': 16982, 'rank': 12, 'fitness': 0.6342726946984598, 'generation': 309}","{'id': 16982, 'rank': 13, 'fitness': 0.6342726946984598, 'generation': 309}","{'id': 17033, 'rank': 14, 'fitness': 0.4787656176250584, 'generation': 309}","{'id': 16890, 'rank': 15, 'fitness': 0.4409454743139002, 'generation': 309}","{'id': 17005, 'rank': 16, 'fitness': 0.379434568742179, 'generation': 309}","{'id': 17030, 'rank': 17, 'fitness': 0.30276923477306894, 'generation': 309}","{'id': 16976, 'rank': 18, 'fitness': 0.2901373482980074, 'generation': 309}","{'id': 16934, 'rank': 19, 'fitness': 0.28596530227105654, 'generation': 309}","{'id': 16934, 'rank': 20, 'fitness': 0.28596530227105654, 'generation': 309}","{'id': 17023, 'rank': 21, 'fitness': 0.24398863621259376, 'generation': 309}","{'id': 17027, 'rank': 22, 'fitness': 0.17134041300889014, 'generation': 309}","{'id': 16928, 'rank': 23, 'fitness': 0.15958600788331473, 'generation': 309}","{'id': 17017, 'rank': 24, 'fitness': 0.1398234978011625, 'generation': 309}","{'id': 17013, 'rank': 25, 'fitness': 0.13831645730979436, 'generation': 309}","{'id': 17020, 'rank': 26, 'fitness': 0.09668916362549013, 'generation': 309}","{'id': 17025, 'rank': 27, 'fitness': 0.09303429003413377, 'generation': 309}","{'id': 17014, 'rank': 28, 'fitness': 0.07473901179143855, 'generation': 309}","{'id': 17028, 'rank': 29, 'fitness': 0.0372006867144094, 'generation': 309}","{'id': 16936, 'rank': 30, 'fitness': 0.01798620996209155, 'generation': 309}"
"{'id': 16914, 'rank': 1, 'fitness': 0.9820137900379085, 'generation': 310}","{'id': 16875, 'rank': 2, 'fitness': 0.978884710092718, 'generation': 310}","{'id': 16875, 'rank': 3, 'fitness': 0.978884710092718, 'generation': 310}","{'id': 16875, 'rank': 4, 'fitness': 0.978884710092718, 'generation': 310}","{'id': 16561, 'rank': 5, 'fitness': 0.9551746403303828, 'generation': 310}","{'id': 16561, 'rank': 6, 'fitness': 0.9551746403303828, 'generation': 310}","{'id': 17021, 'rank': 7, 'fitness': 0.9277117452808776, 'generation': 310}","{'id': 17065, 'rank': 8, 'fitness': 0.8009846683034516, 'generation': 310}","{'id': 16878, 'rank': 9, 'fitness': 0.7738598075150703, 'generation': 310}","{'id': 16878, 'rank': 10, 'fitness': 0.7738598075150703, 'generation': 310}","{'id': 16878, 'rank': 11, 'fitness': 0.7738598075150703, 'generation': 310}","{'id': 16985, 'rank': 12, 'fitness': 0.7412064340620517, 'generation': 310}","{'id': 16985, 'rank': 13, 'fitness': 0.7412064340620517, 'generation': 310}","{'id': 17041, 'rank': 14, 'fitness': 0.6939161611224426, 'generation': 310}","{'id': 16641, 'rank': 15, 'fitness': 0.6804572922429777, 'generation': 310}","{'id': 16641, 'rank': 16, 'fitness': 0.6804572922429777, 'generation': 310}","{'id': 17077, 'rank': 17, 'fitness': 0.6391143920603093, 'generation': 310}","{'id': 17077, 'rank': 18, 'fitness': 0.6391143920603093, 'generation': 310}","{'id': 17066, 'rank': 19, 'fitness': 0.5355052423324563, 'generation': 310}","{'id': 17066, 'rank': 20, 'fitness': 0.5355052423324563, 'generation': 310}","{'id': 17045, 'rank': 21, 'fitness': 0.48145396224929665, 'generation': 310}","{'id': 16890, 'rank': 22, 'fitness': 0.4737968828891684, 'generation': 310}","{'id': 17075, 'rank': 23, 'fitness': 0.43177322126906725, 'generation': 310}","{'id': 17037, 'rank': 24, 'fitness': 0.38514145328737304, 'generation': 310}","{'id': 16934, 'rank': 25, 'fitness': 0.3183283875935456, 'generation': 310}","{'id': 17085, 'rank': 26, 'fitness': 0.2731762945146596, 'generation': 310}","{'id': 17079, 'rank': 27, 'fitness': 0.1030063253454841, 'generation': 310}","{'id': 17090, 'rank': 28, 'fitness': 0.050773210162925575, 'generation': 310}","{'id': 17083, 'rank': 29, 'fitness': 0.02508764977172473, 'generation': 310}","{'id': 17078, 'rank': 30, 'fitness': 0.01798620996209155, 'generation': 310}"
"{'id': 16914, 'rank': 1, 'fitness': 0.9820137900379085, 'generation': 311}","{'id': 16875, 'rank': 2, 'fitness': 0.9789586070577557, 'generation': 311}","{'id': 16875, 'rank': 3, 'fitness': 0.9789586070577557, 'generation': 311}","{'id': 17125, 'rank': 4, 'fitness': 0.9757631408017525, 'generation': 311}","{'id': 17125, 'rank': 5, 'fitness': 0.9757631408017525, 'generation': 311}","{'id': 16561, 'rank': 6, 'fitness': 0.9560483670497769, 'generation': 311}","{'id': 16561, 'rank': 7, 'fitness': 0.9560483670497769, 'generation': 311}","{'id': 16561, 'rank': 8, 'fitness': 0.9560483670497769, 'generation': 311}","{'id': 17120, 'rank': 9, 'fitness': 0.9528525218437797, 'generation': 311}","{'id': 17120, 'rank': 10, 'fitness': 0.9528525218437797, 'generation': 311}","{'id': 17021, 'rank': 11, 'fitness': 0.9298089941985354, 'generation': 311}","{'id': 16985, 'rank': 12, 'fitness': 0.7533915580970256, 'generation': 311}","{'id': 16985, 'rank': 13, 'fitness': 0.7533915580970256, 'generation': 311}","{'id': 16985, 'rank': 14, 'fitness': 0.7533915580970256, 'generation': 311}","{'id': 17041, 'rank': 15, 'fitness': 0.7085071131588974, 'generation': 311}","{'id': 16641, 'rank': 16, 'fitness': 0.6956985038075625, 'generation': 311}","{'id': 17077, 'rank': 17, 'fitness': 0.6562397431113742, 'generation': 311}","{'id': 17132, 'rank': 18, 'fitness': 0.6405350688080366, 'generation': 311}","{'id': 17132, 'rank': 19, 'fitness': 0.6405350688080366, 'generation': 311}","{'id': 17113, 'rank': 20, 'fitness': 0.37250824960419965, 'generation': 311}","{'id': 17124, 'rank': 21, 'fitness': 0.3491039640301423, 'generation': 311}","{'id': 16934, 'rank': 22, 'fitness': 0.3413638563764808, 'generation': 311}","{'id': 17153, 'rank': 23, 'fitness': 0.21666779435271727, 'generation': 311}","{'id': 17138, 'rank': 24, 'fitness': 0.15282376494844457, 'generation': 311}","{'id': 17079, 'rank': 25, 'fitness': 0.11616025704889277, 'generation': 311}","{'id': 17150, 'rank': 26, 'fitness': 0.08924599989956183, 'generation': 311}","{'id': 17145, 'rank': 27, 'fitness': 0.07185559617891762, 'generation': 311}","{'id': 17147, 'rank': 28, 'fitness': 0.060993017596216004, 'generation': 311}","{'id': 17143, 'rank': 29, 'fitness': 0.02108878142693965, 'generation': 311}","{'id': 17093, 'rank': 30, 'fitness': 0.01798620996209155, 'generation': 311}"
"{'id': 16914, 'rank': 1, 'fitness': 0.9820137900379085, 'generation': 312}","{'id': 16914, 'rank': 2, 'fitness': 0.9820137900379085, 'generation': 312}","{'id': 16875, 'rank': 3, 'fitness': 0.9788469221051836, 'generation': 312}","{'id': 17125, 'rank': 4, 'fitness': 0.97551842493861, 'generation': 312}","{'id': 16561, 'rank': 5, 'fitness': 0.9547226551941614, 'generation': 312}","{'id': 17120, 'rank': 6, 'fitness': 0.9513203336934475, 'generation': 312}","{'id': 17120, 'rank': 7, 'fitness': 0.9513203336934475, 'generation': 312}","{'id': 17210, 'rank': 8, 'fitness': 0.8923405797973049, 'generation': 312}","{'id': 17210, 'rank': 9, 'fitness': 0.8923405797973049, 'generation': 312}","{'id': 17196, 'rank': 10, 'fitness': 0.815158882780355, 'generation': 312}","{'id': 16985, 'rank': 11, 'fitness': 0.734842709090493, 'generation': 312}","{'id': 16985, 'rank': 12, 'fitness': 0.734842709090493, 'generation': 312}","{'id': 17132, 'rank': 13, 'fitness': 0.6134923946150495, 'generation': 312}","{'id': 17132, 'rank': 14, 'fitness': 0.6134923946150495, 'generation': 312}","{'id': 17132, 'rank': 15, 'fitness': 0.6134923946150495, 'generation': 312}","{'id': 17172, 'rank': 16, 'fitness': 0.6059779800668367, 'generation': 312}","{'id': 17180, 'rank': 17, 'fitness': 0.529901189475873, 'generation': 312}","{'id': 17208, 'rank': 18, 'fitness': 0.4516442108387249, 'generation': 312}","{'id': 17201, 'rank': 19, 'fitness': 0.36899530820388715, 'generation': 312}","{'id': 17113, 'rank': 20, 'fitness': 0.33753628189089624, 'generation': 312}","{'id': 17124, 'rank': 21, 'fitness': 0.3144853216836817, 'generation': 312}","{'id': 17157, 'rank': 22, 'fitness': 0.21783488899255005, 'generation': 312}","{'id': 17175, 'rank': 23, 'fitness': 0.20596263916562196, 'generation': 312}","{'id': 17193, 'rank': 24, 'fitness': 0.13799293457827833, 'generation': 312}","{'id': 17138, 'rank': 25, 'fitness': 0.12946418729983272, 'generation': 312}","{'id': 17181, 'rank': 26, 'fitness': 0.0987806743089591, 'generation': 312}","{'id': 17203, 'rank': 27, 'fitness': 0.09681454044472193, 'generation': 312}","{'id': 17188, 'rank': 28, 'fitness': 0.0724365068597157, 'generation': 312}","{'id': 17182, 'rank': 29, 'fitness': 0.02644525296919914, 'generation': 312}","{'id': 17163, 'rank': 30, 'fitness': 0.01798620996209155, 'generation': 312}"
"{'id': 17229, 'rank': 1, 'fitness': 0.9820137900379085, 'generation': 313}","{'id': 16875, 'rank': 2, 'fitness': 0.9707820957043194, 'generation': 313}","{'id': 16561, 'rank': 3, 'fitness': 0.942569153372349, 'generation': 313}","{'id': 16561, 'rank': 4, 'fitness': 0.942569153372349, 'generation': 313}","{'id': 17120, 'rank': 5, 'fitness': 0.9387627584083695, 'generation': 313}","{'id': 17120, 'rank': 6, 'fitness': 0.9387627584083695, 'generation': 313}","{'id': 17196, 'rank': 7, 'fitness': 0.8012180724428843, 'generation': 313}","{'id': 17264, 'rank': 8, 'fitness': 0.7809714948517078, 'generation': 313}","{'id': 16985, 'rank': 9, 'fitness': 0.7265243935442862, 'generation': 313}","{'id': 16985, 'rank': 10, 'fitness': 0.7265243935442862, 'generation': 313}","{'id': 17276, 'rank': 11, 'fitness': 0.7211753849709311, 'generation': 313}","{'id': 17260, 'rank': 12, 'fitness': 0.599268271694392, 'generation': 313}","{'id': 17233, 'rank': 13, 'fitness': 0.5350814527787979, 'generation': 313}","{'id': 17253, 'rank': 14, 'fitness': 0.41396892704302757, 'generation': 313}","{'id': 17253, 'rank': 15, 'fitness': 0.41396892704302757, 'generation': 313}","{'id': 17280, 'rank': 16, 'fitness': 0.3966197370937038, 'generation': 313}","{'id': 17124, 'rank': 17, 'fitness': 0.34595280850451404, 'generation': 313}","{'id': 17251, 'rank': 18, 'fitness': 0.331996537805913, 'generation': 313}","{'id': 17235, 'rank': 19, 'fitness': 0.26140898435111276, 'generation': 313}","{'id': 17248, 'rank': 20, 'fitness': 0.24855656782004382, 'generation': 313}","{'id': 17232, 'rank': 21, 'fitness': 0.22172326330483044, 'generation': 313}","{'id': 17283, 'rank': 22, 'fitness': 0.162540884493103, 'generation': 313}","{'id': 17138, 'rank': 23, 'fitness': 0.1614182895146145, 'generation': 313}","{'id': 17138, 'rank': 24, 'fitness': 0.1614182895146145, 'generation': 313}","{'id': 17246, 'rank': 25, 'fitness': 0.15879576206519536, 'generation': 313}","{'id': 17222, 'rank': 26, 'fitness': 0.13952164846826715, 'generation': 313}","{'id': 17223, 'rank': 27, 'fitness': 0.11479032682633927, 'generation': 313}","{'id': 17239, 'rank': 28, 'fitness': 0.034382715676744446, 'generation': 313}","{'id': 17245, 'rank': 29, 'fitness': 0.03084365158432162, 'generation': 313}","{'id': 17262, 'rank': 30, 'fitness': 0.01798620996209155, 'generation': 313}"
"{'id': 16561, 'rank': 1, 'fitness': 0.9820137900379085, 'generation': 314}","{'id': 16561, 'rank': 2, 'fitness': 0.9820137900379085, 'generation': 314}","{'id': 16561, 'rank': 3, 'fitness': 0.9820137900379085, 'generation': 314}","{'id': 17292, 'rank': 4, 'fitness': 0.9817365989376927, 'generation': 314}","{'id': 17295, 'rank': 5, 'fitness': 0.977056027808505, 'generation': 314}","{'id': 17300, 'rank': 6, 'fitness': 0.9590611890948213, 'generation': 314}","{'id': 17300, 'rank': 7, 'fitness': 0.9590611890948213, 'generation': 314}","{'id': 17196, 'rank': 8, 'fitness': 0.8861388243343727, 'generation': 314}","{'id': 17196, 'rank': 9, 'fitness': 0.8861388243343727, 'generation': 314}","{'id': 17264, 'rank': 10, 'fitness': 0.8678189307054964, 'generation': 314}","{'id': 17341, 'rank': 11, 'fitness': 0.6826342163682031, 'generation': 314}","{'id': 17260, 'rank': 12, 'fitness': 0.662898533807553, 'generation': 314}","{'id': 17333, 'rank': 13, 'fitness': 0.5446371838918648, 'generation': 314}","{'id': 17293, 'rank': 14, 'fitness': 0.5326459517296692, 'generation': 314}","{'id': 17253, 'rank': 15, 'fitness': 0.40990949792249426, 'generation': 314}","{'id': 17124, 'rank': 16, 'fitness': 0.3174059358774878, 'generation': 314}","{'id': 17248, 'rank': 17, 'fitness': 0.19512454900709436, 'generation': 314}","{'id': 17336, 'rank': 18, 'fitness': 0.12804922587245138, 'generation': 314}","{'id': 17336, 'rank': 19, 'fitness': 0.12804922587245138, 'generation': 314}","{'id': 17323, 'rank': 20, 'fitness': 0.11153340719044191, 'generation': 314}","{'id': 17323, 'rank': 21, 'fitness': 0.11153340719044191, 'generation': 314}","{'id': 17323, 'rank': 22, 'fitness': 0.11153340719044191, 'generation': 314}","{'id': 17332, 'rank': 23, 'fitness': 0.1069521707832527, 'generation': 314}","{'id': 17283, 'rank': 24, 'fitness': 0.1037052089982074, 'generation': 314}","{'id': 17283, 'rank': 25, 'fitness': 0.1037052089982074, 'generation': 314}","{'id': 17222, 'rank': 26, 'fitness': 0.08270005522028967, 'generation': 314}","{'id': 17290, 'rank': 27, 'fitness': 0.07015695021628887, 'generation': 314}","{'id': 17223, 'rank': 28, 'fitness': 0.062022109386175805, 'generation': 314}","{'id': 17335, 'rank': 29, 'fitness': 0.03288154663975307, 'generation': 314}","{'id': 17304, 'rank': 30, 'fitness': 0.01798620996209155, 'generation': 314}"
"{'id': 17387, 'rank': 1, 'fitness': 0.9820137900379085, 'generation': 315}","{'id': 16561, 'rank': 2, 'fitness': 0.9775984200562637, 'generation': 315}","{'id': 16561, 'rank': 3, 'fitness': 0.9775984200562637, 'generation': 315}","{'id': 16561, 'rank': 4, 'fitness': 0.9775984200562637, 'generation': 315}","{'id': 17292, 'rank': 5, 'fitness': 0.9773110820445473, 'generation': 315}","{'id': 17365, 'rank': 6, 'fitness': 0.9761155378351445, 'generation': 315}","{'id': 17365, 'rank': 7, 'fitness': 0.9761155378351445, 'generation': 315}","{'id': 17365, 'rank': 8, 'fitness': 0.9761155378351445, 'generation': 315}","{'id': 17295, 'rank': 9, 'fitness': 0.9725600819957807, 'generation': 315}","{'id': 17390, 'rank': 10, 'fitness': 0.971553347359477, 'generation': 315}","{'id': 17300, 'rank': 11, 'fitness': 0.9555387825632189, 'generation': 315}","{'id': 17300, 'rank': 12, 'fitness': 0.9555387825632189, 'generation': 315}","{'id': 17386, 'rank': 13, 'fitness': 0.9436971456724802, 'generation': 315}","{'id': 17196, 'rank': 14, 'fitness': 0.8952159325803376, 'generation': 315}","{'id': 17196, 'rank': 15, 'fitness': 0.8952159325803376, 'generation': 315}","{'id': 17260, 'rank': 16, 'fitness': 0.7297925730235721, 'generation': 315}","{'id': 17260, 'rank': 17, 'fitness': 0.7297925730235721, 'generation': 315}","{'id': 17333, 'rank': 18, 'fitness': 0.6404556666374569, 'generation': 315}","{'id': 17293, 'rank': 19, 'fitness': 0.6311018389193879, 'generation': 315}","{'id': 17354, 'rank': 20, 'fitness': 0.5868528861551827, 'generation': 315}","{'id': 17346, 'rank': 21, 'fitness': 0.4547394970950835, 'generation': 315}","{'id': 17336, 'rank': 22, 'fitness': 0.2353414884429083, 'generation': 315}","{'id': 17323, 'rank': 23, 'fitness': 0.2125373211216498, 'generation': 315}","{'id': 17323, 'rank': 24, 'fitness': 0.2125373211216498, 'generation': 315}","{'id': 17358, 'rank': 25, 'fitness': 0.20024575280373708, 'generation': 315}","{'id': 17364, 'rank': 26, 'fitness': 0.19588541259326459, 'generation': 315}","{'id': 17348, 'rank': 27, 'fitness': 0.13845350437086834, 'generation': 315}","{'id': 17352, 'rank': 28, 'fitness': 0.10572709162752414, 'generation': 315}","{'id': 17382, 'rank': 29, 'fitness': 0.01798620996209155, 'generation': 315}","{'id': 17382, 'rank': 30, 'fitness': 0.01798620996209155, 'generation': 315}"
"{'id': 16561, 'rank': 1, 'fitness': 0.9820137900379085, 'generation': 316}","{'id': 16561, 'rank': 2, 'fitness': 0.9820137900379085, 'generation': 316}","{'id': 16561, 'rank': 3, 'fitness': 0.9820137900379085, 'generation': 316}","{'id': 17292, 'rank': 4, 'fitness': 0.9817471796403213, 'generation': 316}","{'id': 17458, 'rank': 5, 'fitness': 0.9816902964770403, 'generation': 316}","{'id': 17365, 'rank': 6, 'fitness': 0.980632269774917, 'generation': 316}","{'id': 17365, 'rank': 7, 'fitness': 0.980632269774917, 'generation': 316}","{'id': 17295, 'rank': 8, 'fitness': 0.9772662059363842, 'generation': 316}","{'id': 17429, 'rank': 9, 'fitness': 0.9686050733712066, 'generation': 316}","{'id': 17429, 'rank': 10, 'fitness': 0.9686050733712066, 'generation': 316}","{'id': 17196, 'rank': 11, 'fitness': 0.8933780862807088, 'generation': 316}","{'id': 17435, 'rank': 12, 'fitness': 0.8261804138756093, 'generation': 316}","{'id': 17260, 'rank': 13, 'fitness': 0.690444493227085, 'generation': 316}","{'id': 17398, 'rank': 14, 'fitness': 0.6433546509758372, 'generation': 316}","{'id': 17398, 'rank': 15, 'fitness': 0.6433546509758372, 'generation': 316}","{'id': 17354, 'rank': 16, 'fitness': 0.5159095317549005, 'generation': 316}","{'id': 17354, 'rank': 17, 'fitness': 0.5159095317549005, 'generation': 316}","{'id': 17354, 'rank': 18, 'fitness': 0.5159095317549005, 'generation': 316}","{'id': 17453, 'rank': 19, 'fitness': 0.4911017381527087, 'generation': 316}","{'id': 17447, 'rank': 20, 'fitness': 0.12910656629006845, 'generation': 316}","{'id': 17450, 'rank': 21, 'fitness': 0.11076257324690986, 'generation': 316}","{'id': 17405, 'rank': 22, 'fitness': 0.0875231548046782, 'generation': 316}","{'id': 17449, 'rank': 23, 'fitness': 0.059202832661283566, 'generation': 316}","{'id': 17439, 'rank': 24, 'fitness': 0.0545756397512816, 'generation': 316}","{'id': 17432, 'rank': 25, 'fitness': 0.052560342083473655, 'generation': 316}","{'id': 17399, 'rank': 26, 'fitness': 0.04023564451982786, 'generation': 316}","{'id': 17419, 'rank': 27, 'fitness': 0.03798329641629905, 'generation': 316}","{'id': 17413, 'rank': 28, 'fitness': 0.022056072695492368, 'generation': 316}","{'id': 17413, 'rank': 29, 'fitness': 0.022056072695492368, 'generation': 316}","{'id': 17454, 'rank': 30, 'fitness': 0.01798620996209155, 'generation': 316}"
"{'id': 17495, 'rank': 1, 'fitness': 0.9820137900379085, 'generation': 317}","{'id': 17491, 'rank': 2, 'fitness': 0.9818831088290572, 'generation': 317}","{'id': 17499, 'rank': 3, 'fitness': 0.9791445894315689, 'generation': 317}","{'id': 16561, 'rank': 4, 'fitness': 0.9642601925676195, 'generation': 317}","{'id': 16561, 'rank': 5, 'fitness': 0.9642601925676195, 'generation': 317}","{'id': 16561, 'rank': 6, 'fitness': 0.9642601925676195, 'generation': 317}","{'id': 16561, 'rank': 7, 'fitness': 0.9642601925676195, 'generation': 317}","{'id': 17292, 'rank': 8, 'fitness': 0.9638203392220048, 'generation': 317}","{'id': 17504, 'rank': 9, 'fitness': 0.9632428959317748, 'generation': 317}","{'id': 17504, 'rank': 10, 'fitness': 0.9632428959317748, 'generation': 317}","{'id': 17295, 'rank': 11, 'fitness': 0.9565889261380021, 'generation': 317}","{'id': 17429, 'rank': 12, 'fitness': 0.9433110747560872, 'generation': 317}","{'id': 17429, 'rank': 13, 'fitness': 0.9433110747560872, 'generation': 317}","{'id': 17464, 'rank': 14, 'fitness': 0.8978552413490001, 'generation': 317}","{'id': 17459, 'rank': 15, 'fitness': 0.8954706121706268, 'generation': 317}","{'id': 17460, 'rank': 16, 'fitness': 0.8101555804857083, 'generation': 317}","{'id': 17435, 'rank': 17, 'fitness': 0.7734971500300218, 'generation': 317}","{'id': 17497, 'rank': 18, 'fitness': 0.7556792960838543, 'generation': 317}","{'id': 17492, 'rank': 19, 'fitness': 0.6218511315822687, 'generation': 317}","{'id': 17492, 'rank': 20, 'fitness': 0.6218511315822687, 'generation': 317}","{'id': 17354, 'rank': 21, 'fitness': 0.4905649778863702, 'generation': 317}","{'id': 17354, 'rank': 22, 'fitness': 0.4905649778863702, 'generation': 317}","{'id': 17475, 'rank': 23, 'fitness': 0.21443474133024437, 'generation': 317}","{'id': 17466, 'rank': 24, 'fitness': 0.18533310447472223, 'generation': 317}","{'id': 17439, 'rank': 25, 'fitness': 0.07540869712328008, 'generation': 317}","{'id': 17469, 'rank': 26, 'fitness': 0.07220041965094781, 'generation': 317}","{'id': 17413, 'rank': 27, 'fitness': 0.0354971921881595, 'generation': 317}","{'id': 17413, 'rank': 28, 'fitness': 0.0354971921881595, 'generation': 317}","{'id': 17473, 'rank': 29, 'fitness': 0.02788075529243006, 'generation': 317}","{'id': 17509, 'rank': 30, 'fitness': 0.01798620996209155, 'generation': 317}"
"{'id': 17565, 'rank': 1, 'fitness': 0.9820137900379085, 'generation': 318}","{'id': 17565, 'rank': 2, 'fitness': 0.9820137900379085, 'generation': 318}","{'id': 17491, 'rank': 3, 'fitness': 0.9742246906679273, 'generation': 318}","{'id': 16561, 'rank': 4, 'fitness': 0.9516197339869206, 'generation': 318}","{'id': 16561, 'rank': 5, 'fitness': 0.9516197339869206, 'generation': 318}","{'id': 16561, 'rank': 6, 'fitness': 0.9516197339869206, 'generation': 318}","{'id': 17292, 'rank': 7, 'fitness': 0.9510697948388298, 'generation': 318}","{'id': 17292, 'rank': 8, 'fitness': 0.9510697948388298, 'generation': 318}","{'id': 17292, 'rank': 9, 'fitness': 0.9510697948388298, 'generation': 318}","{'id': 17579, 'rank': 10, 'fitness': 0.8895628519908985, 'generation': 318}","{'id': 17579, 'rank': 11, 'fitness': 0.8895628519908985, 'generation': 318}","{'id': 17567, 'rank': 12, 'fitness': 0.7938725075096517, 'generation': 318}","{'id': 17435, 'rank': 13, 'fitness': 0.739553542716078, 'generation': 318}","{'id': 17497, 'rank': 14, 'fitness': 0.721300351098384, 'generation': 318}","{'id': 17497, 'rank': 15, 'fitness': 0.721300351098384, 'generation': 318}","{'id': 17573, 'rank': 16, 'fitness': 0.6054888898443606, 'generation': 318}","{'id': 17573, 'rank': 17, 'fitness': 0.6054888898443606, 'generation': 318}","{'id': 17354, 'rank': 18, 'fitness': 0.4646299679028231, 'generation': 318}","{'id': 17519, 'rank': 19, 'fitness': 0.40724992182730435, 'generation': 318}","{'id': 17583, 'rank': 20, 'fitness': 0.16919580253124689, 'generation': 318}","{'id': 17583, 'rank': 21, 'fitness': 0.16919580253124689, 'generation': 318}","{'id': 17532, 'rank': 22, 'fitness': 0.13677971977592396, 'generation': 318}","{'id': 17568, 'rank': 23, 'fitness': 0.09680875237005726, 'generation': 318}","{'id': 17529, 'rank': 24, 'fitness': 0.08314174452386286, 'generation': 318}","{'id': 17517, 'rank': 25, 'fitness': 0.07710458948503174, 'generation': 318}","{'id': 17517, 'rank': 26, 'fitness': 0.07710458948503174, 'generation': 318}","{'id': 17564, 'rank': 27, 'fitness': 0.06968438327658266, 'generation': 318}","{'id': 17577, 'rank': 28, 'fitness': 0.043735373046556836, 'generation': 318}","{'id': 17563, 'rank': 29, 'fitness': 0.024584322305744533, 'generation': 318}","{'id': 17536, 'rank': 30, 'fitness': 0.01798620996209155, 'generation': 318}"
"{'id': 17607, 'rank': 1, 'fitness': 0.9820137900379085, 'generation': 319}","{'id': 17629, 'rank': 2, 'fitness': 0.8232791600057123, 'generation': 319}","{'id': 17292, 'rank': 3, 'fitness': 0.78426924561735, 'generation': 319}","{'id': 17579, 'rank': 4, 'fitness': 0.6320859483173653, 'generation': 319}","{'id': 17624, 'rank': 5, 'fitness': 0.4839449672056686, 'generation': 319}","{'id': 17624, 'rank': 6, 'fitness': 0.4839449672056686, 'generation': 319}","{'id': 17567, 'rank': 7, 'fitness': 0.47835144401313845, 'generation': 319}","{'id': 17609, 'rank': 8, 'fitness': 0.43262399351701575, 'generation': 319}","{'id': 17497, 'rank': 9, 'fitness': 0.3953500693754754, 'generation': 319}","{'id': 17573, 'rank': 10, 'fitness': 0.2953607292525009, 'generation': 319}","{'id': 17573, 'rank': 11, 'fitness': 0.2953607292525009, 'generation': 319}","{'id': 17573, 'rank': 12, 'fitness': 0.2953607292525009, 'generation': 319}","{'id': 17613, 'rank': 13, 'fitness': 0.26637068744180886, 'generation': 319}","{'id': 17354, 'rank': 14, 'fitness': 0.20512285176884476, 'generation': 319}","{'id': 17635, 'rank': 15, 'fitness': 0.15243088281927125, 'generation': 319}","{'id': 17591, 'rank': 16, 'fitness': 0.1258215580681683, 'generation': 319}","{'id': 17644, 'rank': 17, 'fitness': 0.08470479601672287, 'generation': 319}","{'id': 17583, 'rank': 18, 'fitness': 0.06991293576357355, 'generation': 319}","{'id': 17583, 'rank': 19, 'fitness': 0.06991293576357355, 'generation': 319}","{'id': 17594, 'rank': 20, 'fitness': 0.057856342197384225, 'generation': 319}","{'id': 17620, 'rank': 21, 'fitness': 0.04061481095525182, 'generation': 319}","{'id': 17620, 'rank': 22, 'fitness': 0.04061481095525182, 'generation': 319}","{'id': 17623, 'rank': 23, 'fitness': 0.039756202820674436, 'generation': 319}","{'id': 17623, 'rank': 24, 'fitness': 0.039756202820674436, 'generation': 319}","{'id': 17517, 'rank': 25, 'fitness': 0.03402073210351336, 'generation': 319}","{'id': 17626, 'rank': 26, 'fitness': 0.031733772951048456, 'generation': 319}","{'id': 17640, 'rank': 27, 'fitness': 0.026479293093018386, 'generation': 319}","{'id': 17640, 'rank': 28, 'fitness': 0.026479293093018386, 'generation': 319}","{'id': 17625, 'rank': 29, 'fitness': 0.0232445826684064, 'generation': 319}","{'id': 17598, 'rank': 30, 'fitness': 0.01798620996209155, 'generation': 319}"
"{'id': 17649, 'rank': 1, 'fitness': 0.9820137900379085, 'generation': 320}","{'id': 17673, 'rank': 2, 'fitness': 0.8678156603159566, 'generation': 320}","{'id': 17673, 'rank': 3, 'fitness': 0.8678156603159566, 'generation': 320}","{'id': 17673, 'rank': 4, 'fitness': 0.8678156603159566, 'generation': 320}","{'id': 17662, 'rank': 5, 'fitness': 0.8283814849441518, 'generation': 320}","{'id': 17662, 'rank': 6, 'fitness': 0.8283814849441518, 'generation': 320}","{'id': 17668, 'rank': 7, 'fitness': 0.7535435478234818, 'generation': 320}","{'id': 17579, 'rank': 8, 'fitness': 0.7313334020855808, 'generation': 320}","{'id': 17665, 'rank': 9, 'fitness': 0.690429584253418, 'generation': 320}","{'id': 17665, 'rank': 10, 'fitness': 0.690429584253418, 'generation': 320}","{'id': 17567, 'rank': 11, 'fitness': 0.5096793609371947, 'generation': 320}","{'id': 17609, 'rank': 12, 'fitness': 0.43925438087883034, 'generation': 320}","{'id': 17497, 'rank': 13, 'fitness': 0.3822750558162973, 'generation': 320}","{'id': 17675, 'rank': 14, 'fitness': 0.3706180299322357, 'generation': 320}","{'id': 17647, 'rank': 15, 'fitness': 0.3629135441982002, 'generation': 320}","{'id': 17677, 'rank': 16, 'fitness': 0.2674421701431665, 'generation': 320}","{'id': 17677, 'rank': 17, 'fitness': 0.2674421701431665, 'generation': 320}","{'id': 17650, 'rank': 18, 'fitness': 0.26677178981502986, 'generation': 320}","{'id': 17650, 'rank': 19, 'fitness': 0.26677178981502986, 'generation': 320}","{'id': 17650, 'rank': 20, 'fitness': 0.26677178981502986, 'generation': 320}","{'id': 17573, 'rank': 21, 'fitness': 0.23836806367619096, 'generation': 320}","{'id': 17613, 'rank': 22, 'fitness': 0.20070766528048023, 'generation': 320}","{'id': 17652, 'rank': 23, 'fitness': 0.17372730410075993, 'generation': 320}","{'id': 17354, 'rank': 24, 'fitness': 0.1294916274285431, 'generation': 320}","{'id': 17354, 'rank': 25, 'fitness': 0.1294916274285431, 'generation': 320}","{'id': 17663, 'rank': 26, 'fitness': 0.0729557903660425, 'generation': 320}","{'id': 17671, 'rank': 27, 'fitness': 0.06867356644598555, 'generation': 320}","{'id': 17591, 'rank': 28, 'fitness': 0.05728660133035096, 'generation': 320}","{'id': 17644, 'rank': 29, 'fitness': 0.029947405490484136, 'generation': 320}","{'id': 17646, 'rank': 30, 'fitness': 0.01798620996209155, 'generation': 320}"
"{'id': 17649, 'rank': 1, 'fitness': 0.9820137900379085, 'generation': 321}","{'id': 17649, 'rank': 2, 'fitness': 0.9820137900379085, 'generation': 321}","{'id': 17649, 'rank': 3, 'fitness': 0.9820137900379085, 'generation': 321}","{'id': 17708, 'rank': 4, 'fitness': 0.9439782823984637, 'generation': 321}","{'id': 17727, 'rank': 5, 'fitness': 0.9360921858014906, 'generation': 321}","{'id': 17673, 'rank': 6, 'fitness': 0.8915271167681598, 'generation': 321}","{'id': 17579, 'rank': 7, 'fitness': 0.7890858038391464, 'generation': 321}","{'id': 17665, 'rank': 8, 'fitness': 0.7579160333434753, 'generation': 321}","{'id': 17665, 'rank': 9, 'fitness': 0.7579160333434753, 'generation': 321}","{'id': 17665, 'rank': 10, 'fitness': 0.7579160333434753, 'generation': 321}","{'id': 17717, 'rank': 11, 'fitness': 0.743814818367117, 'generation': 321}","{'id': 17679, 'rank': 12, 'fitness': 0.7180183159239645, 'generation': 321}","{'id': 17567, 'rank': 13, 'fitness': 0.6127406398498305, 'generation': 321}","{'id': 17694, 'rank': 14, 'fitness': 0.6112017996139595, 'generation': 321}","{'id': 17729, 'rank': 15, 'fitness': 0.5822170177104166, 'generation': 321}","{'id': 17497, 'rank': 16, 'fitness': 0.49880655764247656, 'generation': 321}","{'id': 17711, 'rank': 17, 'fitness': 0.4973473448352216, 'generation': 321}","{'id': 17675, 'rank': 18, 'fitness': 0.4877099622666602, 'generation': 321}","{'id': 17677, 'rank': 19, 'fitness': 0.38306966643979384, 'generation': 321}","{'id': 17677, 'rank': 20, 'fitness': 0.38306966643979384, 'generation': 321}","{'id': 17573, 'rank': 21, 'fitness': 0.35109854235957977, 'generation': 321}","{'id': 17715, 'rank': 22, 'fitness': 0.3005532491328626, 'generation': 321}","{'id': 17725, 'rank': 23, 'fitness': 0.23204530103046062, 'generation': 321}","{'id': 17354, 'rank': 24, 'fitness': 0.2176965966267535, 'generation': 321}","{'id': 17682, 'rank': 25, 'fitness': 0.1648020760895657, 'generation': 321}","{'id': 17686, 'rank': 26, 'fitness': 0.14331119233294676, 'generation': 321}","{'id': 17686, 'rank': 27, 'fitness': 0.14331119233294676, 'generation': 321}","{'id': 17684, 'rank': 28, 'fitness': 0.04486985694976153, 'generation': 321}","{'id': 17683, 'rank': 29, 'fitness': 0.02442545446398897, 'generation': 321}","{'id': 17696, 'rank': 30, 'fitness': 0.01798620996209155, 'generation': 321}"
"{'id': 17649, 'rank': 1, 'fitness': 0.9820137900379085, 'generation': 322}","{'id': 17649, 'rank': 2, 'fitness': 0.9820137900379085, 'generation': 322}","{'id': 17649, 'rank': 3, 'fitness': 0.9820137900379085, 'generation': 322}","{'id': 17649, 'rank': 4, 'fitness': 0.9820137900379085, 'generation': 322}","{'id': 17708, 'rank': 5, 'fitness': 0.9519078407028303, 'generation': 322}","{'id': 17768, 'rank': 6, 'fitness': 0.9336329426082763, 'generation': 322}","{'id': 17768, 'rank': 7, 'fitness': 0.9336329426082763, 'generation': 322}","{'id': 17673, 'rank': 8, 'fitness': 0.9141764534949263, 'generation': 322}","{'id': 17579, 'rank': 9, 'fitness': 0.8437616658105889, 'generation': 322}","{'id': 17665, 'rank': 10, 'fitness': 0.8224075409857269, 'generation': 322}","{'id': 17717, 'rank': 11, 'fitness': 0.8127033843091227, 'generation': 322}","{'id': 17793, 'rank': 12, 'fitness': 0.8102656958952067, 'generation': 322}","{'id': 17793, 'rank': 13, 'fitness': 0.8102656958952067, 'generation': 322}","{'id': 17567, 'rank': 14, 'fitness': 0.7198572477280312, 'generation': 322}","{'id': 17694, 'rank': 15, 'fitness': 0.7187279675215318, 'generation': 322}","{'id': 17497, 'rank': 16, 'fitness': 0.6326537728178386, 'generation': 322}","{'id': 17767, 'rank': 17, 'fitness': 0.435669200897009, 'generation': 322}","{'id': 17725, 'rank': 18, 'fitness': 0.38103053909459894, 'generation': 322}","{'id': 17354, 'rank': 19, 'fitness': 0.3644171799687138, 'generation': 322}","{'id': 17736, 'rank': 20, 'fitness': 0.3333192499075339, 'generation': 322}","{'id': 17682, 'rank': 21, 'fitness': 0.298814296672176, 'generation': 322}","{'id': 17787, 'rank': 22, 'fitness': 0.2944652615995774, 'generation': 322}","{'id': 17787, 'rank': 23, 'fitness': 0.2944652615995774, 'generation': 322}","{'id': 17686, 'rank': 24, 'fitness': 0.26983283812180303, 'generation': 322}","{'id': 17774, 'rank': 25, 'fitness': 0.09234785792298184, 'generation': 322}","{'id': 17774, 'rank': 26, 'fitness': 0.09234785792298184, 'generation': 322}","{'id': 17771, 'rank': 27, 'fitness': 0.08369200163698587, 'generation': 322}","{'id': 17771, 'rank': 28, 'fitness': 0.08369200163698587, 'generation': 322}","{'id': 17696, 'rank': 29, 'fitness': 0.05193043640237066, 'generation': 322}","{'id': 17763, 'rank': 30, 'fitness': 0.01798620996209155, 'generation': 322}"
"{'id': 17811, 'rank': 1, 'fitness': 0.9820137900379085, 'generation': 323}","{'id': 17811, 'rank': 2, 'fitness': 0.9820137900379085, 'generation': 323}","{'id': 17811, 'rank': 3, 'fitness': 0.9820137900379085, 'generation': 323}","{'id': 17649, 'rank': 4, 'fitness': 0.9673737540207716, 'generation': 323}","{'id': 17649, 'rank': 5, 'fitness': 0.9673737540207716, 'generation': 323}","{'id': 17649, 'rank': 6, 'fitness': 0.9673737540207716, 'generation': 323}","{'id': 17708, 'rank': 7, 'fitness': 0.9133522892521839, 'generation': 323}","{'id': 17708, 'rank': 8, 'fitness': 0.9133522892521839, 'generation': 323}","{'id': 17768, 'rank': 9, 'fitness': 0.8815537461241783, 'generation': 323}","{'id': 17768, 'rank': 10, 'fitness': 0.8815537461241783, 'generation': 323}","{'id': 17768, 'rank': 11, 'fitness': 0.8815537461241783, 'generation': 323}","{'id': 17840, 'rank': 12, 'fitness': 0.7421211344551837, 'generation': 323}","{'id': 17567, 'rank': 13, 'fitness': 0.5681597881360823, 'generation': 323}","{'id': 17847, 'rank': 14, 'fitness': 0.5211511905772751, 'generation': 323}","{'id': 17825, 'rank': 15, 'fitness': 0.3629699077241817, 'generation': 323}","{'id': 17825, 'rank': 16, 'fitness': 0.3629699077241817, 'generation': 323}","{'id': 17820, 'rank': 17, 'fitness': 0.3309816138506192, 'generation': 323}","{'id': 17354, 'rank': 18, 'fitness': 0.22191435849451152, 'generation': 323}","{'id': 17736, 'rank': 19, 'fitness': 0.19874589747959215, 'generation': 323}","{'id': 17682, 'rank': 20, 'fitness': 0.1740821358547192, 'generation': 323}","{'id': 17787, 'rank': 21, 'fitness': 0.17104855145222242, 'generation': 323}","{'id': 17787, 'rank': 22, 'fitness': 0.17104855145222242, 'generation': 323}","{'id': 17836, 'rank': 23, 'fitness': 0.12383837123174124, 'generation': 323}","{'id': 17827, 'rank': 24, 'fitness': 0.1052930792576181, 'generation': 323}","{'id': 17831, 'rank': 25, 'fitness': 0.06874950750110465, 'generation': 323}","{'id': 17839, 'rank': 26, 'fitness': 0.0607510784157409, 'generation': 323}","{'id': 17809, 'rank': 27, 'fitness': 0.052363955997826506, 'generation': 323}","{'id': 17771, 'rank': 28, 'fitness': 0.042011283447837, 'generation': 323}","{'id': 17851, 'rank': 29, 'fitness': 0.01932662149519271, 'generation': 323}","{'id': 17801, 'rank': 30, 'fitness': 0.01798620996209155, 'generation': 323}"
"{'id': 17811, 'rank': 1, 'fitness': 0.9820137900379085, 'generation': 324}","{'id': 17811, 'rank': 2, 'fitness': 0.9820137900379085, 'generation': 324}","{'id': 17649, 'rank': 3, 'fitness': 0.9704222857655922, 'generation': 324}","{'id': 17649, 'rank': 4, 'fitness': 0.9704222857655922, 'generation': 324}","{'id': 17649, 'rank': 5, 'fitness': 0.9704222857655922, 'generation': 324}","{'id': 17649, 'rank': 6, 'fitness': 0.9704222857655922, 'generation': 324}","{'id': 17649, 'rank': 7, 'fitness': 0.9704222857655922, 'generation': 324}","{'id': 17857, 'rank': 8, 'fitness': 0.9390254529753763, 'generation': 324}","{'id': 17857, 'rank': 9, 'fitness': 0.9390254529753763, 'generation': 324}","{'id': 17708, 'rank': 10, 'fitness': 0.9326426660329541, 'generation': 324}","{'id': 17708, 'rank': 11, 'fitness': 0.9326426660329541, 'generation': 324}","{'id': 17768, 'rank': 12, 'fitness': 0.9119500416715934, 'generation': 324}","{'id': 17881, 'rank': 13, 'fitness': 0.8671032342902331, 'generation': 324}","{'id': 17865, 'rank': 14, 'fitness': 0.779451812348273, 'generation': 324}","{'id': 17863, 'rank': 15, 'fitness': 0.6429910033808838, 'generation': 324}","{'id': 17863, 'rank': 16, 'fitness': 0.6429910033808838, 'generation': 324}","{'id': 17863, 'rank': 17, 'fitness': 0.6429910033808838, 'generation': 324}","{'id': 17856, 'rank': 18, 'fitness': 0.6110701677447811, 'generation': 324}","{'id': 17825, 'rank': 19, 'fitness': 0.5483694889927987, 'generation': 324}","{'id': 17909, 'rank': 20, 'fitness': 0.5310235137654254, 'generation': 324}","{'id': 17900, 'rank': 21, 'fitness': 0.40549866819316627, 'generation': 324}","{'id': 17860, 'rank': 22, 'fitness': 0.3657121477884979, 'generation': 324}","{'id': 17827, 'rank': 23, 'fitness': 0.24571149249135937, 'generation': 324}","{'id': 17858, 'rank': 24, 'fitness': 0.1902146884040513, 'generation': 324}","{'id': 17831, 'rank': 25, 'fitness': 0.18084980014712837, 'generation': 324}","{'id': 17839, 'rank': 26, 'fitness': 0.16507951589539815, 'generation': 324}","{'id': 17905, 'rank': 27, 'fitness': 0.07720607461699247, 'generation': 324}","{'id': 17871, 'rank': 28, 'fitness': 0.05863238349219835, 'generation': 324}","{'id': 17874, 'rank': 29, 'fitness': 0.041645453850436776, 'generation': 324}","{'id': 17876, 'rank': 30, 'fitness': 0.01798620996209155, 'generation': 324}"
"{'id': 17649, 'rank': 1, 'fitness': 0.9820137900379085, 'generation': 325}","{'id': 17957, 'rank': 2, 'fitness': 0.9789406407961577, 'generation': 325}","{'id': 17708, 'rank': 3, 'fitness': 0.9496195389435331, 'generation': 325}","{'id': 17915, 'rank': 4, 'fitness': 0.9188561998397208, 'generation': 325}","{'id': 17881, 'rank': 5, 'fitness': 0.8817245603403701, 'generation': 325}","{'id': 17881, 'rank': 6, 'fitness': 0.8817245603403701, 'generation': 325}","{'id': 17865, 'rank': 7, 'fitness': 0.7778216121022876, 'generation': 325}","{'id': 17863, 'rank': 8, 'fitness': 0.6039559021094464, 'generation': 325}","{'id': 17825, 'rank': 9, 'fitness': 0.48398015502998665, 'generation': 325}","{'id': 17825, 'rank': 10, 'fitness': 0.48398015502998665, 'generation': 325}","{'id': 17953, 'rank': 11, 'fitness': 0.38877681711160983, 'generation': 325}","{'id': 17917, 'rank': 12, 'fitness': 0.3750671122600027, 'generation': 325}","{'id': 17917, 'rank': 13, 'fitness': 0.3750671122600027, 'generation': 325}","{'id': 17937, 'rank': 14, 'fitness': 0.3391994913559538, 'generation': 325}","{'id': 17937, 'rank': 15, 'fitness': 0.3391994913559538, 'generation': 325}","{'id': 17937, 'rank': 16, 'fitness': 0.3391994913559538, 'generation': 325}","{'id': 17860, 'rank': 17, 'fitness': 0.2724508655228409, 'generation': 325}","{'id': 17943, 'rank': 18, 'fitness': 0.2437618293575211, 'generation': 325}","{'id': 17969, 'rank': 19, 'fitness': 0.2038920527991469, 'generation': 325}","{'id': 17969, 'rank': 20, 'fitness': 0.2038920527991469, 'generation': 325}","{'id': 17950, 'rank': 21, 'fitness': 0.15305294450223234, 'generation': 325}","{'id': 17960, 'rank': 22, 'fitness': 0.14751867547238984, 'generation': 325}","{'id': 17960, 'rank': 23, 'fitness': 0.14751867547238984, 'generation': 325}","{'id': 17958, 'rank': 24, 'fitness': 0.13630961526223268, 'generation': 325}","{'id': 17921, 'rank': 25, 'fitness': 0.1181717716458518, 'generation': 325}","{'id': 17921, 'rank': 26, 'fitness': 0.1181717716458518, 'generation': 325}","{'id': 17831, 'rank': 27, 'fitness': 0.10287792267659546, 'generation': 325}","{'id': 17839, 'rank': 28, 'fitness': 0.09098738817280205, 'generation': 325}","{'id': 17946, 'rank': 29, 'fitness': 0.048603727696171106, 'generation': 325}","{'id': 17922, 'rank': 30, 'fitness': 0.01798620996209155, 'generation': 325}"
"{'id': 17957, 'rank': 1, 'fitness': 0.9820137900379085, 'generation': 326}","{'id': 18014, 'rank': 2, 'fitness': 0.9663518101808816, 'generation': 326}","{'id': 18009, 'rank': 3, 'fitness': 0.9383887394487784, 'generation': 326}","{'id': 18009, 'rank': 4, 'fitness': 0.9383887394487784, 'generation': 326}","{'id': 17915, 'rank': 5, 'fitness': 0.9281624424260522, 'generation': 326}","{'id': 17915, 'rank': 6, 'fitness': 0.9281624424260522, 'generation': 326}","{'id': 17915, 'rank': 7, 'fitness': 0.9281624424260522, 'generation': 326}","{'id': 17915, 'rank': 8, 'fitness': 0.9281624424260522, 'generation': 326}","{'id': 17881, 'rank': 9, 'fitness': 0.8939915121170284, 'generation': 326}","{'id': 17881, 'rank': 10, 'fitness': 0.8939915121170284, 'generation': 326}","{'id': 17990, 'rank': 11, 'fitness': 0.7098176664615947, 'generation': 326}","{'id': 17825, 'rank': 12, 'fitness': 0.5041676424494143, 'generation': 326}","{'id': 17993, 'rank': 13, 'fitness': 0.4454620349351486, 'generation': 326}","{'id': 17991, 'rank': 14, 'fitness': 0.4159748978718255, 'generation': 326}","{'id': 17953, 'rank': 15, 'fitness': 0.4062102896382479, 'generation': 326}","{'id': 17953, 'rank': 16, 'fitness': 0.4062102896382479, 'generation': 326}","{'id': 17917, 'rank': 17, 'fitness': 0.39199624780447373, 'generation': 326}","{'id': 17988, 'rank': 18, 'fitness': 0.37955162540157894, 'generation': 326}","{'id': 17988, 'rank': 19, 'fitness': 0.37955162540157894, 'generation': 326}","{'id': 18011, 'rank': 20, 'fitness': 0.29476817955080103, 'generation': 326}","{'id': 17977, 'rank': 21, 'fitness': 0.2796315613520792, 'generation': 326}","{'id': 18000, 'rank': 22, 'fitness': 0.2274253192433877, 'generation': 326}","{'id': 17969, 'rank': 23, 'fitness': 0.21282000559899228, 'generation': 326}","{'id': 17992, 'rank': 24, 'fitness': 0.15369323852628047, 'generation': 326}","{'id': 17960, 'rank': 25, 'fitness': 0.15340924192802213, 'generation': 326}","{'id': 17958, 'rank': 26, 'fitness': 0.14159719679401095, 'generation': 326}","{'id': 17831, 'rank': 27, 'fitness': 0.10640458621314386, 'generation': 326}","{'id': 18002, 'rank': 28, 'fitness': 0.1051598037554351, 'generation': 326}","{'id': 17839, 'rank': 29, 'fitness': 0.09391147893271756, 'generation': 326}","{'id': 17922, 'rank': 30, 'fitness': 0.01798620996209155, 'generation': 326}"
"{'id': 18044, 'rank': 1, 'fitness': 0.9820137900379085, 'generation': 327}","{'id': 18009, 'rank': 2, 'fitness': 0.9165127091306173, 'generation': 327}","{'id': 17915, 'rank': 3, 'fitness': 0.900892100303764, 'generation': 327}","{'id': 17915, 'rank': 4, 'fitness': 0.900892100303764, 'generation': 327}","{'id': 17915, 'rank': 5, 'fitness': 0.900892100303764, 'generation': 327}","{'id': 17881, 'rank': 6, 'fitness': 0.8478503601833267, 'generation': 327}","{'id': 18069, 'rank': 7, 'fitness': 0.8349793521558582, 'generation': 327}","{'id': 18069, 'rank': 8, 'fitness': 0.8349793521558582, 'generation': 327}","{'id': 17990, 'rank': 9, 'fitness': 0.574007214824135, 'generation': 327}","{'id': 17990, 'rank': 10, 'fitness': 0.574007214824135, 'generation': 327}","{'id': 18021, 'rank': 11, 'fitness': 0.5617156539827023, 'generation': 327}","{'id': 18058, 'rank': 12, 'fitness': 0.42007393095267576, 'generation': 327}","{'id': 18058, 'rank': 13, 'fitness': 0.42007393095267576, 'generation': 327}","{'id': 18047, 'rank': 14, 'fitness': 0.41084908500962036, 'generation': 327}","{'id': 17825, 'rank': 15, 'fitness': 0.32989701137628474, 'generation': 327}","{'id': 17825, 'rank': 16, 'fitness': 0.32989701137628474, 'generation': 327}","{'id': 17953, 'rank': 17, 'fitness': 0.23807963134312538, 'generation': 327}","{'id': 17917, 'rank': 18, 'fitness': 0.2259671164264498, 'generation': 327}","{'id': 17988, 'rank': 19, 'fitness': 0.21560429335873144, 'generation': 327}","{'id': 18060, 'rank': 20, 'fitness': 0.14843815803329352, 'generation': 327}","{'id': 18046, 'rank': 21, 'fitness': 0.14126536579799565, 'generation': 327}","{'id': 18000, 'rank': 22, 'fitness': 0.1061723309597643, 'generation': 327}","{'id': 18019, 'rank': 23, 'fitness': 0.08318968606815624, 'generation': 327}","{'id': 18019, 'rank': 24, 'fitness': 0.08318968606815624, 'generation': 327}","{'id': 18026, 'rank': 25, 'fitness': 0.05111795610715464, 'generation': 327}","{'id': 18024, 'rank': 26, 'fitness': 0.03813390692366847, 'generation': 327}","{'id': 17839, 'rank': 27, 'fitness': 0.03463038599157475, 'generation': 327}","{'id': 18036, 'rank': 28, 'fitness': 0.029070369274041163, 'generation': 327}","{'id': 18062, 'rank': 29, 'fitness': 0.026524781093790528, 'generation': 327}","{'id': 18051, 'rank': 30, 'fitness': 0.01798620996209155, 'generation': 327}"
"{'id': 18103, 'rank': 1, 'fitness': 0.9820137900379085, 'generation': 328}","{'id': 18103, 'rank': 2, 'fitness': 0.9820137900379085, 'generation': 328}","{'id': 18044, 'rank': 3, 'fitness': 0.9742695445044529, 'generation': 328}","{'id': 18095, 'rank': 4, 'fitness': 0.9684876084606948, 'generation': 328}","{'id': 18118, 'rank': 5, 'fitness': 0.9260998598671197, 'generation': 328}","{'id': 18085, 'rank': 6, 'fitness': 0.9103296272829454, 'generation': 328}","{'id': 18085, 'rank': 7, 'fitness': 0.9103296272829454, 'generation': 328}","{'id': 18085, 'rank': 8, 'fitness': 0.9103296272829454, 'generation': 328}","{'id': 18085, 'rank': 9, 'fitness': 0.9103296272829454, 'generation': 328}","{'id': 18009, 'rank': 10, 'fitness': 0.9032676329486347, 'generation': 328}","{'id': 18009, 'rank': 11, 'fitness': 0.9032676329486347, 'generation': 328}","{'id': 18009, 'rank': 12, 'fitness': 0.9032676329486347, 'generation': 328}","{'id': 17915, 'rank': 13, 'fitness': 0.8878917160182396, 'generation': 328}","{'id': 17915, 'rank': 14, 'fitness': 0.8878917160182396, 'generation': 328}","{'id': 17881, 'rank': 15, 'fitness': 0.8378520036199755, 'generation': 328}","{'id': 18117, 'rank': 16, 'fitness': 0.523113953826044, 'generation': 328}","{'id': 17953, 'rank': 17, 'fitness': 0.29483142983365807, 'generation': 328}","{'id': 18089, 'rank': 18, 'fitness': 0.27913424995790065, 'generation': 328}","{'id': 18089, 'rank': 19, 'fitness': 0.27913424995790065, 'generation': 328}","{'id': 18091, 'rank': 20, 'fitness': 0.2687150520822659, 'generation': 328}","{'id': 18102, 'rank': 21, 'fitness': 0.19830654086003863, 'generation': 328}","{'id': 18102, 'rank': 22, 'fitness': 0.19830654086003863, 'generation': 328}","{'id': 18102, 'rank': 23, 'fitness': 0.19830654086003863, 'generation': 328}","{'id': 18072, 'rank': 24, 'fitness': 0.14080475990485997, 'generation': 328}","{'id': 18097, 'rank': 25, 'fitness': 0.13182546707617587, 'generation': 328}","{'id': 18019, 'rank': 26, 'fitness': 0.12442439820564405, 'generation': 328}","{'id': 18019, 'rank': 27, 'fitness': 0.12442439820564405, 'generation': 328}","{'id': 18090, 'rank': 28, 'fitness': 0.039070644600346205, 'generation': 328}","{'id': 18075, 'rank': 29, 'fitness': 0.0196828777015976, 'generation': 328}","{'id': 18114, 'rank': 30, 'fitness': 0.01798620996209155, 'generation': 328}"
"{'id': 18103, 'rank': 1, 'fitness': 0.9820137900379085, 'generation': 329}","{'id': 18164, 'rank': 2, 'fitness': 0.9675811349196596, 'generation': 329}","{'id': 18131, 'rank': 3, 'fitness': 0.9121606746043449, 'generation': 329}","{'id': 18085, 'rank': 4, 'fitness': 0.909565323343231, 'generation': 329}","{'id': 18085, 'rank': 5, 'fitness': 0.909565323343231, 'generation': 329}","{'id': 18009, 'rank': 6, 'fitness': 0.9024087770483131, 'generation': 329}","{'id': 18009, 'rank': 7, 'fitness': 0.9024087770483131, 'generation': 329}","{'id': 18009, 'rank': 8, 'fitness': 0.9024087770483131, 'generation': 329}","{'id': 18009, 'rank': 9, 'fitness': 0.9024087770483131, 'generation': 329}","{'id': 17881, 'rank': 10, 'fitness': 0.8360683042599908, 'generation': 329}","{'id': 17881, 'rank': 11, 'fitness': 0.8360683042599908, 'generation': 329}","{'id': 17881, 'rank': 12, 'fitness': 0.8360683042599908, 'generation': 329}","{'id': 18163, 'rank': 13, 'fitness': 0.7432315302342524, 'generation': 329}","{'id': 17953, 'rank': 14, 'fitness': 0.2892467971905083, 'generation': 329}","{'id': 18089, 'rank': 15, 'fitness': 0.2736469702291262, 'generation': 329}","{'id': 18089, 'rank': 16, 'fitness': 0.2736469702291262, 'generation': 329}","{'id': 18091, 'rank': 17, 'fitness': 0.26330141811868824, 'generation': 329}","{'id': 18091, 'rank': 18, 'fitness': 0.26330141811868824, 'generation': 329}","{'id': 18102, 'rank': 19, 'fitness': 0.19359242930639708, 'generation': 329}","{'id': 18147, 'rank': 20, 'fitness': 0.12448706247183211, 'generation': 329}","{'id': 18019, 'rank': 21, 'fitness': 0.1208741478463386, 'generation': 329}","{'id': 18154, 'rank': 22, 'fitness': 0.09367495368480117, 'generation': 329}","{'id': 18158, 'rank': 23, 'fitness': 0.07794288171274161, 'generation': 329}","{'id': 18158, 'rank': 24, 'fitness': 0.07794288171274161, 'generation': 329}","{'id': 18133, 'rank': 25, 'fitness': 0.05302976673562737, 'generation': 329}","{'id': 18139, 'rank': 26, 'fitness': 0.05204386508617692, 'generation': 329}","{'id': 18090, 'rank': 27, 'fitness': 0.03759869304629554, 'generation': 329}","{'id': 18167, 'rank': 28, 'fitness': 0.030366754260776396, 'generation': 329}","{'id': 18141, 'rank': 29, 'fitness': 0.020016188768055665, 'generation': 329}","{'id': 18172, 'rank': 30, 'fitness': 0.01798620996209155, 'generation': 329}"
"{'id': 18103, 'rank': 1, 'fitness': 0.9820137900379085, 'generation': 330}","{'id': 18164, 'rank': 2, 'fitness': 0.9697642909037234, 'generation': 330}","{'id': 18194, 'rank': 3, 'fitness': 0.9685418779977697, 'generation': 330}","{'id': 18187, 'rank': 4, 'fitness': 0.9344187967817219, 'generation': 330}","{'id': 18085, 'rank': 5, 'fitness': 0.9248351166005885, 'generation': 330}","{'id': 18085, 'rank': 6, 'fitness': 0.9248351166005885, 'generation': 330}","{'id': 18009, 'rank': 7, 'fitness': 0.9195234344842698, 'generation': 330}","{'id': 18009, 'rank': 8, 'fitness': 0.9195234344842698, 'generation': 330}","{'id': 18009, 'rank': 9, 'fitness': 0.9195234344842698, 'generation': 330}","{'id': 18009, 'rank': 10, 'fitness': 0.9195234344842698, 'generation': 330}","{'id': 18200, 'rank': 11, 'fitness': 0.9001213163056669, 'generation': 330}","{'id': 17881, 'rank': 12, 'fitness': 0.8712186935642188, 'generation': 330}","{'id': 18212, 'rank': 13, 'fitness': 0.6297547830930041, 'generation': 330}","{'id': 18186, 'rank': 14, 'fitness': 0.5082914273543456, 'generation': 330}","{'id': 17953, 'rank': 15, 'fitness': 0.42183761980105056, 'generation': 330}","{'id': 18089, 'rank': 16, 'fitness': 0.4053571233160493, 'generation': 330}","{'id': 18227, 'rank': 17, 'fitness': 0.3804935227758442, 'generation': 330}","{'id': 18227, 'rank': 18, 'fitness': 0.3804935227758442, 'generation': 330}","{'id': 18215, 'rank': 19, 'fitness': 0.36318836205088767, 'generation': 330}","{'id': 18215, 'rank': 20, 'fitness': 0.36318836205088767, 'generation': 330}","{'id': 18102, 'rank': 21, 'fitness': 0.31429233467925227, 'generation': 330}","{'id': 18225, 'rank': 22, 'fitness': 0.258964150529021, 'generation': 330}","{'id': 18225, 'rank': 23, 'fitness': 0.258964150529021, 'generation': 330}","{'id': 18158, 'rank': 24, 'fitness': 0.15452573357907873, 'generation': 330}","{'id': 18158, 'rank': 25, 'fitness': 0.15452573357907873, 'generation': 330}","{'id': 18213, 'rank': 26, 'fitness': 0.12134454782428694, 'generation': 330}","{'id': 18205, 'rank': 27, 'fitness': 0.10432953138525414, 'generation': 330}","{'id': 18167, 'rank': 28, 'fitness': 0.07082079630418259, 'generation': 330}","{'id': 18172, 'rank': 29, 'fitness': 0.04536215252568254, 'generation': 330}","{'id': 18207, 'rank': 30, 'fitness': 0.01798620996209155, 'generation': 330}"
"{'id': 18164, 'rank': 1, 'fitness': 0.9820137900379085, 'generation': 331}","{'id': 18164, 'rank': 2, 'fitness': 0.9820137900379085, 'generation': 331}","{'id': 18194, 'rank': 3, 'fitness': 0.9812188222540827, 'generation': 331}","{'id': 18085, 'rank': 4, 'fitness': 0.9510959934106318, 'generation': 331}","{'id': 18085, 'rank': 5, 'fitness': 0.9510959934106318, 'generation': 331}","{'id': 18009, 'rank': 6, 'fitness': 0.9472492277299143, 'generation': 331}","{'id': 18009, 'rank': 7, 'fitness': 0.9472492277299143, 'generation': 331}","{'id': 18009, 'rank': 8, 'fitness': 0.9472492277299143, 'generation': 331}","{'id': 18200, 'rank': 9, 'fitness': 0.9329117641916141, 'generation': 331}","{'id': 18296, 'rank': 10, 'fitness': 0.8985524147926907, 'generation': 331}","{'id': 18290, 'rank': 11, 'fitness': 0.7507502806289583, 'generation': 331}","{'id': 18212, 'rank': 12, 'fitness': 0.6975914210598689, 'generation': 331}","{'id': 18292, 'rank': 13, 'fitness': 0.6176013558774707, 'generation': 331}","{'id': 18257, 'rank': 14, 'fitness': 0.4951774108461111, 'generation': 331}","{'id': 18089, 'rank': 15, 'fitness': 0.46275308171565444, 'generation': 331}","{'id': 18225, 'rank': 16, 'fitness': 0.2954333300954371, 'generation': 331}","{'id': 18225, 'rank': 17, 'fitness': 0.2954333300954371, 'generation': 331}","{'id': 18288, 'rank': 18, 'fitness': 0.2533309029809666, 'generation': 331}","{'id': 18298, 'rank': 19, 'fitness': 0.21495166429368462, 'generation': 331}","{'id': 18298, 'rank': 20, 'fitness': 0.21495166429368462, 'generation': 331}","{'id': 18236, 'rank': 21, 'fitness': 0.193416424237436, 'generation': 331}","{'id': 18237, 'rank': 22, 'fitness': 0.19168070688859085, 'generation': 331}","{'id': 18158, 'rank': 23, 'fitness': 0.1725760317019996, 'generation': 331}","{'id': 18239, 'rank': 24, 'fitness': 0.10240509011596077, 'generation': 331}","{'id': 18240, 'rank': 25, 'fitness': 0.09845562692300502, 'generation': 331}","{'id': 18240, 'rank': 26, 'fitness': 0.09845562692300502, 'generation': 331}","{'id': 18276, 'rank': 27, 'fitness': 0.08430964201586394, 'generation': 331}","{'id': 18245, 'rank': 28, 'fitness': 0.08417107409360663, 'generation': 331}","{'id': 18280, 'rank': 29, 'fitness': 0.03795502188083577, 'generation': 331}","{'id': 18261, 'rank': 30, 'fitness': 0.01798620996209155, 'generation': 331}"
"{'id': 18164, 'rank': 1, 'fitness': 0.9820137900379085, 'generation': 332}","{'id': 18194, 'rank': 2, 'fitness': 0.981157331895601, 'generation': 332}","{'id': 18194, 'rank': 3, 'fitness': 0.981157331895601, 'generation': 332}","{'id': 18009, 'rank': 4, 'fitness': 0.9428864263390305, 'generation': 332}","{'id': 18009, 'rank': 5, 'fitness': 0.9428864263390305, 'generation': 332}","{'id': 18009, 'rank': 6, 'fitness': 0.9428864263390305, 'generation': 332}","{'id': 18331, 'rank': 7, 'fitness': 0.8988814528144802, 'generation': 332}","{'id': 18331, 'rank': 8, 'fitness': 0.8988814528144802, 'generation': 332}","{'id': 18325, 'rank': 9, 'fitness': 0.7995811152099215, 'generation': 332}","{'id': 18302, 'rank': 10, 'fitness': 0.716434764814834, 'generation': 332}","{'id': 18290, 'rank': 11, 'fitness': 0.707556517337576, 'generation': 332}","{'id': 18212, 'rank': 12, 'fitness': 0.6448809908100409, 'generation': 332}","{'id': 18212, 'rank': 13, 'fitness': 0.6448809908100409, 'generation': 332}","{'id': 18212, 'rank': 14, 'fitness': 0.6448809908100409, 'generation': 332}","{'id': 18315, 'rank': 15, 'fitness': 0.6372774086195909, 'generation': 332}","{'id': 18346, 'rank': 16, 'fitness': 0.6175050822023508, 'generation': 332}","{'id': 18346, 'rank': 17, 'fitness': 0.6175050822023508, 'generation': 332}","{'id': 18347, 'rank': 18, 'fitness': 0.6005146708512193, 'generation': 332}","{'id': 18225, 'rank': 19, 'fitness': 0.22490691768470145, 'generation': 332}","{'id': 18351, 'rank': 20, 'fitness': 0.18231290005513456, 'generation': 332}","{'id': 18338, 'rank': 21, 'fitness': 0.17752156890211052, 'generation': 332}","{'id': 18352, 'rank': 22, 'fitness': 0.1436291290051342, 'generation': 332}","{'id': 18237, 'rank': 23, 'fitness': 0.13582832401315859, 'generation': 332}","{'id': 18158, 'rank': 24, 'fitness': 0.12042224727139972, 'generation': 332}","{'id': 18358, 'rank': 25, 'fitness': 0.1036060957724187, 'generation': 332}","{'id': 18303, 'rank': 26, 'fitness': 0.08521988998435343, 'generation': 332}","{'id': 18309, 'rank': 27, 'fitness': 0.07644983611644329, 'generation': 332}","{'id': 18348, 'rank': 28, 'fitness': 0.05538783610854381, 'generation': 332}","{'id': 18276, 'rank': 29, 'fitness': 0.053759972943825785, 'generation': 332}","{'id': 18355, 'rank': 30, 'fitness': 0.01798620996209155, 'generation': 332}"
"{'id': 18389, 'rank': 1, 'fitness': 0.9820137900379085, 'generation': 333}","{'id': 18194, 'rank': 2, 'fitness': 0.8166221306062573, 'generation': 333}","{'id': 18380, 'rank': 3, 'fitness': 0.7519887981531936, 'generation': 333}","{'id': 18380, 'rank': 4, 'fitness': 0.7519887981531936, 'generation': 333}","{'id': 18331, 'rank': 5, 'fitness': 0.5580073816722114, 'generation': 333}","{'id': 18331, 'rank': 6, 'fitness': 0.5580073816722114, 'generation': 333}","{'id': 18331, 'rank': 7, 'fitness': 0.5580073816722114, 'generation': 333}","{'id': 18331, 'rank': 8, 'fitness': 0.5580073816722114, 'generation': 333}","{'id': 18386, 'rank': 9, 'fitness': 0.508249953065398, 'generation': 333}","{'id': 18412, 'rank': 10, 'fitness': 0.49823970812606144, 'generation': 333}","{'id': 18413, 'rank': 11, 'fitness': 0.44909033130580467, 'generation': 333}","{'id': 18212, 'rank': 12, 'fitness': 0.28916004478175905, 'generation': 333}","{'id': 18212, 'rank': 13, 'fitness': 0.28916004478175905, 'generation': 333}","{'id': 18346, 'rank': 14, 'fitness': 0.27222670925610204, 'generation': 333}","{'id': 18407, 'rank': 15, 'fitness': 0.12090001951778173, 'generation': 333}","{'id': 18407, 'rank': 16, 'fitness': 0.12090001951778173, 'generation': 333}","{'id': 18408, 'rank': 17, 'fitness': 0.09644945872012789, 'generation': 333}","{'id': 18338, 'rank': 18, 'fitness': 0.08179414476892183, 'generation': 333}","{'id': 18420, 'rank': 19, 'fitness': 0.07533174607760851, 'generation': 333}","{'id': 18375, 'rank': 20, 'fitness': 0.06702257700376602, 'generation': 333}","{'id': 18395, 'rank': 21, 'fitness': 0.06587058999613127, 'generation': 333}","{'id': 18359, 'rank': 22, 'fitness': 0.06463183973844178, 'generation': 333}","{'id': 18417, 'rank': 23, 'fitness': 0.06437136384926662, 'generation': 333}","{'id': 18158, 'rank': 24, 'fitness': 0.06049369134745952, 'generation': 333}","{'id': 18372, 'rank': 25, 'fitness': 0.057975324201622436, 'generation': 333}","{'id': 18376, 'rank': 26, 'fitness': 0.056682618430528076, 'generation': 333}","{'id': 18406, 'rank': 27, 'fitness': 0.0529843327288374, 'generation': 333}","{'id': 18365, 'rank': 28, 'fitness': 0.04777776719980725, 'generation': 333}","{'id': 18368, 'rank': 29, 'fitness': 0.027407740766144828, 'generation': 333}","{'id': 18394, 'rank': 30, 'fitness': 0.01798620996209155, 'generation': 333}"
"{'id': 18194, 'rank': 1, 'fitness': 0.9820137900379085, 'generation': 334}","{'id': 18194, 'rank': 2, 'fitness': 0.9820137900379085, 'generation': 334}","{'id': 18380, 'rank': 3, 'fitness': 0.9639383792402205, 'generation': 334}","{'id': 18331, 'rank': 4, 'fitness': 0.8399455946283929, 'generation': 334}","{'id': 18331, 'rank': 5, 'fitness': 0.8399455946283929, 'generation': 334}","{'id': 18442, 'rank': 6, 'fitness': 0.8034349238947007, 'generation': 334}","{'id': 18412, 'rank': 7, 'fitness': 0.7705934620958073, 'generation': 334}","{'id': 18413, 'rank': 8, 'fitness': 0.699529694083713, 'generation': 334}","{'id': 18457, 'rank': 9, 'fitness': 0.5658628531932949, 'generation': 334}","{'id': 18457, 'rank': 10, 'fitness': 0.5658628531932949, 'generation': 334}","{'id': 18457, 'rank': 11, 'fitness': 0.5658628531932949, 'generation': 334}","{'id': 18440, 'rank': 12, 'fitness': 0.538613308045667, 'generation': 334}","{'id': 18430, 'rank': 13, 'fitness': 0.4733007355809695, 'generation': 334}","{'id': 18425, 'rank': 14, 'fitness': 0.4304076841296618, 'generation': 334}","{'id': 18441, 'rank': 15, 'fitness': 0.42906435753502403, 'generation': 334}","{'id': 18441, 'rank': 16, 'fitness': 0.42906435753502403, 'generation': 334}","{'id': 18458, 'rank': 17, 'fitness': 0.423949696771332, 'generation': 334}","{'id': 18453, 'rank': 18, 'fitness': 0.42234132348184505, 'generation': 334}","{'id': 18212, 'rank': 19, 'fitness': 0.39018927913286194, 'generation': 334}","{'id': 18454, 'rank': 20, 'fitness': 0.3807483086764225, 'generation': 334}","{'id': 18443, 'rank': 21, 'fitness': 0.2186369256230531, 'generation': 334}","{'id': 18407, 'rank': 22, 'fitness': 0.07859987380538991, 'generation': 334}","{'id': 18435, 'rank': 23, 'fitness': 0.06355324481186536, 'generation': 334}","{'id': 18459, 'rank': 24, 'fitness': 0.04187616499148361, 'generation': 334}","{'id': 18422, 'rank': 25, 'fitness': 0.035746329705412305, 'generation': 334}","{'id': 18431, 'rank': 26, 'fitness': 0.03539011586834245, 'generation': 334}","{'id': 18420, 'rank': 27, 'fitness': 0.031237421610280647, 'generation': 334}","{'id': 18455, 'rank': 28, 'fitness': 0.031219561568098242, 'generation': 334}","{'id': 18359, 'rank': 29, 'fitness': 0.023193311136396, 'generation': 334}","{'id': 18376, 'rank': 30, 'fitness': 0.01798620996209155, 'generation': 334}"
"{'id': 18492, 'rank': 1, 'fitness': 0.9820137900379085, 'generation': 335}","{'id': 18380, 'rank': 2, 'fitness': 0.9568228923483455, 'generation': 335}","{'id': 18380, 'rank': 3, 'fitness': 0.9568228923483455, 'generation': 335}","{'id': 18468, 'rank': 4, 'fitness': 0.9429330419506514, 'generation': 335}","{'id': 18468, 'rank': 5, 'fitness': 0.9429330419506514, 'generation': 335}","{'id': 18464, 'rank': 6, 'fitness': 0.9307476856767254, 'generation': 335}","{'id': 18464, 'rank': 7, 'fitness': 0.9307476856767254, 'generation': 335}","{'id': 18467, 'rank': 8, 'fitness': 0.8991389819567018, 'generation': 335}","{'id': 18467, 'rank': 9, 'fitness': 0.8991389819567018, 'generation': 335}","{'id': 18465, 'rank': 10, 'fitness': 0.8973158500378224, 'generation': 335}","{'id': 18465, 'rank': 11, 'fitness': 0.8973158500378224, 'generation': 335}","{'id': 18499, 'rank': 12, 'fitness': 0.8103322408268959, 'generation': 335}","{'id': 18499, 'rank': 13, 'fitness': 0.8103322408268959, 'generation': 335}","{'id': 18491, 'rank': 14, 'fitness': 0.80543615761888, 'generation': 335}","{'id': 18457, 'rank': 15, 'fitness': 0.7403085961188349, 'generation': 335}","{'id': 18457, 'rank': 16, 'fitness': 0.7403085961188349, 'generation': 335}","{'id': 18457, 'rank': 17, 'fitness': 0.7403085961188349, 'generation': 335}","{'id': 18440, 'rank': 18, 'fitness': 0.725665574110995, 'generation': 335}","{'id': 18458, 'rank': 19, 'fitness': 0.6591594055781625, 'generation': 335}","{'id': 18453, 'rank': 20, 'fitness': 0.658153706322095, 'generation': 335}","{'id': 18453, 'rank': 21, 'fitness': 0.658153706322095, 'generation': 335}","{'id': 18212, 'rank': 22, 'fitness': 0.6375050911662679, 'generation': 335}","{'id': 18454, 'rank': 23, 'fitness': 0.6312293586508, 'generation': 335}","{'id': 18490, 'rank': 24, 'fitness': 0.5661883947388643, 'generation': 335}","{'id': 18497, 'rank': 25, 'fitness': 0.5589453633198311, 'generation': 335}","{'id': 18500, 'rank': 26, 'fitness': 0.4673208905007594, 'generation': 335}","{'id': 18420, 'rank': 27, 'fitness': 0.18788163053175072, 'generation': 335}","{'id': 18376, 'rank': 28, 'fitness': 0.13613130732219336, 'generation': 335}","{'id': 18504, 'rank': 29, 'fitness': 0.03387121031613205, 'generation': 335}","{'id': 18482, 'rank': 30, 'fitness': 0.01798620996209155, 'generation': 335}"
"{'id': 18492, 'rank': 1, 'fitness': 0.9820137900379085, 'generation': 336}","{'id': 18380, 'rank': 2, 'fitness': 0.9523860064326739, 'generation': 336}","{'id': 18380, 'rank': 3, 'fitness': 0.9523860064326739, 'generation': 336}","{'id': 18528, 'rank': 4, 'fitness': 0.9266561154496913, 'generation': 336}","{'id': 18464, 'rank': 5, 'fitness': 0.9197489681362772, 'generation': 336}","{'id': 18467, 'rank': 6, 'fitness': 0.8788678022685743, 'generation': 336}","{'id': 18467, 'rank': 7, 'fitness': 0.8788678022685743, 'generation': 336}","{'id': 18465, 'rank': 8, 'fitness': 0.8764833449116161, 'generation': 336}","{'id': 18491, 'rank': 9, 'fitness': 0.7553800311896091, 'generation': 336}","{'id': 18453, 'rank': 10, 'fitness': 0.568314011850136, 'generation': 336}","{'id': 18534, 'rank': 11, 'fitness': 0.5273609623240451, 'generation': 336}","{'id': 18490, 'rank': 12, 'fitness': 0.46059138447646725, 'generation': 336}","{'id': 18497, 'rank': 13, 'fitness': 0.45245896067348795, 'generation': 336}","{'id': 18566, 'rank': 14, 'fitness': 0.40515699648225745, 'generation': 336}","{'id': 18552, 'rank': 15, 'fitness': 0.2463071034436332, 'generation': 336}","{'id': 18554, 'rank': 16, 'fitness': 0.2244391106665598, 'generation': 336}","{'id': 18535, 'rank': 17, 'fitness': 0.1847475010126745, 'generation': 336}","{'id': 18535, 'rank': 18, 'fitness': 0.1847475010126745, 'generation': 336}","{'id': 18551, 'rank': 19, 'fitness': 0.16566281029457108, 'generation': 336}","{'id': 18550, 'rank': 20, 'fitness': 0.11297309571654068, 'generation': 336}","{'id': 18550, 'rank': 21, 'fitness': 0.11297309571654068, 'generation': 336}","{'id': 18420, 'rank': 22, 'fitness': 0.11059095542329311, 'generation': 336}","{'id': 18540, 'rank': 23, 'fitness': 0.08314193756390637, 'generation': 336}","{'id': 18540, 'rank': 24, 'fitness': 0.08314193756390637, 'generation': 336}","{'id': 18553, 'rank': 25, 'fitness': 0.07946892410476536, 'generation': 336}","{'id': 18548, 'rank': 26, 'fitness': 0.06865806740741132, 'generation': 336}","{'id': 18532, 'rank': 27, 'fitness': 0.06204088455861312, 'generation': 336}","{'id': 18509, 'rank': 28, 'fitness': 0.040754887394058914, 'generation': 336}","{'id': 18562, 'rank': 29, 'fitness': 0.01798620996209155, 'generation': 336}","{'id': 18562, 'rank': 30, 'fitness': 0.01798620996209155, 'generation': 336}"
"{'id': 18583, 'rank': 1, 'fitness': 0.9820137900379085, 'generation': 337}","{'id': 18528, 'rank': 2, 'fitness': 0.9686759926119346, 'generation': 337}","{'id': 18618, 'rank': 3, 'fitness': 0.9660080395660935, 'generation': 337}","{'id': 18618, 'rank': 4, 'fitness': 0.9660080395660935, 'generation': 337}","{'id': 18464, 'rank': 5, 'fitness': 0.9656526163865067, 'generation': 337}","{'id': 18467, 'rank': 6, 'fitness': 0.9473238569592919, 'generation': 337}","{'id': 18465, 'rank': 7, 'fitness': 0.9462301417635902, 'generation': 337}","{'id': 18602, 'rank': 8, 'fitness': 0.9366704403906856, 'generation': 337}","{'id': 18585, 'rank': 9, 'fitness': 0.9314411978140331, 'generation': 337}","{'id': 18491, 'rank': 10, 'fitness': 0.8864169565858647, 'generation': 337}","{'id': 18491, 'rank': 11, 'fitness': 0.8864169565858647, 'generation': 337}","{'id': 18453, 'rank': 12, 'fitness': 0.7723251150245144, 'generation': 337}","{'id': 18453, 'rank': 13, 'fitness': 0.7723251150245144, 'generation': 337}","{'id': 18615, 'rank': 14, 'fitness': 0.7560183904389881, 'generation': 337}","{'id': 18581, 'rank': 15, 'fitness': 0.7491851285219321, 'generation': 337}","{'id': 18581, 'rank': 16, 'fitness': 0.7491851285219321, 'generation': 337}","{'id': 18490, 'rank': 17, 'fitness': 0.6896293980812563, 'generation': 337}","{'id': 18600, 'rank': 18, 'fitness': 0.4710020609835138, 'generation': 337}","{'id': 18588, 'rank': 19, 'fitness': 0.42505453892999717, 'generation': 337}","{'id': 18535, 'rank': 20, 'fitness': 0.37800751150934286, 'generation': 337}","{'id': 18535, 'rank': 21, 'fitness': 0.37800751150934286, 'generation': 337}","{'id': 18535, 'rank': 22, 'fitness': 0.37800751150934286, 'generation': 337}","{'id': 18619, 'rank': 23, 'fitness': 0.2613630128223576, 'generation': 337}","{'id': 18619, 'rank': 24, 'fitness': 0.2613630128223576, 'generation': 337}","{'id': 18550, 'rank': 25, 'fitness': 0.2570920982497786, 'generation': 337}","{'id': 18550, 'rank': 26, 'fitness': 0.2570920982497786, 'generation': 337}","{'id': 18420, 'rank': 27, 'fitness': 0.2526391776803138, 'generation': 337}","{'id': 18605, 'rank': 28, 'fitness': 0.17739875648273223, 'generation': 337}","{'id': 18610, 'rank': 29, 'fitness': 0.12938899125370412, 'generation': 337}","{'id': 18577, 'rank': 30, 'fitness': 0.01798620996209155, 'generation': 337}"
"{'id': 18618, 'rank': 1, 'fitness': 0.9820137900379085, 'generation': 338}","{'id': 18464, 'rank': 2, 'fitness': 0.9818389788593218, 'generation': 338}","{'id': 18467, 'rank': 3, 'fitness': 0.9729197669208974, 'generation': 338}","{'id': 18465, 'rank': 4, 'fitness': 0.9723917789423904, 'generation': 338}","{'id': 18453, 'rank': 5, 'fitness': 0.8865443669636635, 'generation': 338}","{'id': 18615, 'rank': 6, 'fitness': 0.8779472655042069, 'generation': 338}","{'id': 18581, 'rank': 7, 'fitness': 0.8743043573592164, 'generation': 338}","{'id': 18635, 'rank': 8, 'fitness': 0.8716305533245053, 'generation': 338}","{'id': 18535, 'rank': 9, 'fitness': 0.6185101808530691, 'generation': 338}","{'id': 18535, 'rank': 10, 'fitness': 0.6185101808530691, 'generation': 338}","{'id': 18535, 'rank': 11, 'fitness': 0.6185101808530691, 'generation': 338}","{'id': 18656, 'rank': 12, 'fitness': 0.6078031577983924, 'generation': 338}","{'id': 18679, 'rank': 13, 'fitness': 0.5549239004505822, 'generation': 338}","{'id': 18674, 'rank': 14, 'fitness': 0.5055065615799461, 'generation': 338}","{'id': 18550, 'rank': 15, 'fitness': 0.4920469866930429, 'generation': 338}","{'id': 18682, 'rank': 16, 'fitness': 0.4912123234006281, 'generation': 338}","{'id': 18661, 'rank': 17, 'fitness': 0.41540263831464713, 'generation': 338}","{'id': 18668, 'rank': 18, 'fitness': 0.36958346931064023, 'generation': 338}","{'id': 18668, 'rank': 19, 'fitness': 0.36958346931064023, 'generation': 338}","{'id': 18610, 'rank': 20, 'fitness': 0.30898199602519894, 'generation': 338}","{'id': 18610, 'rank': 21, 'fitness': 0.30898199602519894, 'generation': 338}","{'id': 18639, 'rank': 22, 'fitness': 0.2876155537628343, 'generation': 338}","{'id': 18637, 'rank': 23, 'fitness': 0.23058221222749264, 'generation': 338}","{'id': 18630, 'rank': 24, 'fitness': 0.2220260370338722, 'generation': 338}","{'id': 18647, 'rank': 25, 'fitness': 0.09792428826833677, 'generation': 338}","{'id': 18626, 'rank': 26, 'fitness': 0.09113737817615392, 'generation': 338}","{'id': 18626, 'rank': 27, 'fitness': 0.09113737817615392, 'generation': 338}","{'id': 18660, 'rank': 28, 'fitness': 0.07219661201628957, 'generation': 338}","{'id': 18623, 'rank': 29, 'fitness': 0.06892258325654999, 'generation': 338}","{'id': 18659, 'rank': 30, 'fitness': 0.01798620996209155, 'generation': 338}"
"{'id': 18730, 'rank': 1, 'fitness': 0.9820137900379085, 'generation': 339}","{'id': 18618, 'rank': 2, 'fitness': 0.8847655094781991, 'generation': 339}","{'id': 18464, 'rank': 3, 'fitness': 0.8837870347244736, 'generation': 339}","{'id': 18465, 'rank': 4, 'fitness': 0.8338045829683866, 'generation': 339}","{'id': 18737, 'rank': 5, 'fitness': 0.8176618140818246, 'generation': 339}","{'id': 18729, 'rank': 6, 'fitness': 0.5904212068468943, 'generation': 339}","{'id': 18453, 'rank': 7, 'fitness': 0.5377281253053592, 'generation': 339}","{'id': 18702, 'rank': 8, 'fitness': 0.5351591951816485, 'generation': 339}","{'id': 18615, 'rank': 9, 'fitness': 0.517702117095031, 'generation': 339}","{'id': 18709, 'rank': 10, 'fitness': 0.29458915083384185, 'generation': 339}","{'id': 18535, 'rank': 11, 'fitness': 0.20174266985207828, 'generation': 339}","{'id': 18656, 'rank': 12, 'fitness': 0.19477786183356643, 'generation': 339}","{'id': 18656, 'rank': 13, 'fitness': 0.19477786183356643, 'generation': 339}","{'id': 18656, 'rank': 14, 'fitness': 0.19477786183356643, 'generation': 339}","{'id': 18712, 'rank': 15, 'fitness': 0.17656807937170504, 'generation': 339}","{'id': 18724, 'rank': 16, 'fitness': 0.15363092788263744, 'generation': 339}","{'id': 18724, 'rank': 17, 'fitness': 0.15363092788263744, 'generation': 339}","{'id': 18674, 'rank': 18, 'fitness': 0.13905808055246732, 'generation': 339}","{'id': 18550, 'rank': 19, 'fitness': 0.1329180620556739, 'generation': 339}","{'id': 18682, 'rank': 20, 'fitness': 0.13254488634865436, 'generation': 339}","{'id': 18717, 'rank': 21, 'fitness': 0.10806883324680316, 'generation': 339}","{'id': 18725, 'rank': 22, 'fitness': 0.10678398745263373, 'generation': 339}","{'id': 18725, 'rank': 23, 'fitness': 0.10678398745263373, 'generation': 339}","{'id': 18731, 'rank': 24, 'fitness': 0.09654128065620171, 'generation': 339}","{'id': 18697, 'rank': 25, 'fitness': 0.08872062906836281, 'generation': 339}","{'id': 18668, 'rank': 26, 'fitness': 0.08604705451308309, 'generation': 339}","{'id': 18735, 'rank': 27, 'fitness': 0.06892966089649455, 'generation': 339}","{'id': 18610, 'rank': 28, 'fitness': 0.06749433358579021, 'generation': 339}","{'id': 18693, 'rank': 29, 'fitness': 0.029064103376783224, 'generation': 339}","{'id': 18647, 'rank': 30, 'fitness': 0.01798620996209155, 'generation': 339}"
"{'id': 18730, 'rank': 1, 'fitness': 0.9820137900379085, 'generation': 340}","{'id': 18763, 'rank': 2, 'fitness': 0.9598970123393895, 'generation': 340}","{'id': 18618, 'rank': 3, 'fitness': 0.8363773021480181, 'generation': 340}","{'id': 18464, 'rank': 4, 'fitness': 0.8347912337408205, 'generation': 340}","{'id': 18464, 'rank': 5, 'fitness': 0.8347912337408205, 'generation': 340}","{'id': 18465, 'rank': 6, 'fitness': 0.7535705967231414, 'generation': 340}","{'id': 18770, 'rank': 7, 'fitness': 0.7013630181747442, 'generation': 340}","{'id': 18770, 'rank': 8, 'fitness': 0.7013630181747442, 'generation': 340}","{'id': 18771, 'rank': 9, 'fitness': 0.6151627801900614, 'generation': 340}","{'id': 18751, 'rank': 10, 'fitness': 0.572714745554454, 'generation': 340}","{'id': 18754, 'rank': 11, 'fitness': 0.45220577781913496, 'generation': 340}","{'id': 18729, 'rank': 12, 'fitness': 0.4041917334819264, 'generation': 340}","{'id': 18729, 'rank': 13, 'fitness': 0.4041917334819264, 'generation': 340}","{'id': 18729, 'rank': 14, 'fitness': 0.4041917334819264, 'generation': 340}","{'id': 18759, 'rank': 15, 'fitness': 0.3829009465387324, 'generation': 340}","{'id': 18759, 'rank': 16, 'fitness': 0.3829009465387324, 'generation': 340}","{'id': 18702, 'rank': 17, 'fitness': 0.34085249552494035, 'generation': 340}","{'id': 18615, 'rank': 18, 'fitness': 0.32211852696700544, 'generation': 340}","{'id': 18615, 'rank': 19, 'fitness': 0.32211852696700544, 'generation': 340}","{'id': 18755, 'rank': 20, 'fitness': 0.25003293401860055, 'generation': 340}","{'id': 18772, 'rank': 21, 'fitness': 0.15158816713024403, 'generation': 340}","{'id': 18758, 'rank': 22, 'fitness': 0.11641142182702224, 'generation': 340}","{'id': 18749, 'rank': 23, 'fitness': 0.06815483849213133, 'generation': 340}","{'id': 18749, 'rank': 24, 'fitness': 0.06815483849213133, 'generation': 340}","{'id': 18674, 'rank': 25, 'fitness': 0.04605243382517754, 'generation': 340}","{'id': 18550, 'rank': 26, 'fitness': 0.04335820994003764, 'generation': 340}","{'id': 18765, 'rank': 27, 'fitness': 0.03378433033697992, 'generation': 340}","{'id': 18725, 'rank': 28, 'fitness': 0.03247987825319687, 'generation': 340}","{'id': 18610, 'rank': 29, 'fitness': 0.01798620996209155, 'generation': 340}","{'id': 18610, 'rank': 30, 'fitness': 0.01798620996209155, 'generation': 340}"
"{'id': 18763, 'rank': 1, 'fitness': 0.9820137900379085, 'generation': 341}","{'id': 18821, 'rank': 2, 'fitness': 0.9218804211477455, 'generation': 341}","{'id': 18770, 'rank': 3, 'fitness': 0.8530239482852132, 'generation': 341}","{'id': 18801, 'rank': 4, 'fitness': 0.8440371306641765, 'generation': 341}","{'id': 18801, 'rank': 5, 'fitness': 0.8440371306641765, 'generation': 341}","{'id': 18828, 'rank': 6, 'fitness': 0.8320128097343722, 'generation': 341}","{'id': 18819, 'rank': 7, 'fitness': 0.8315026007308982, 'generation': 341}","{'id': 18819, 'rank': 8, 'fitness': 0.8315026007308982, 'generation': 341}","{'id': 18811, 'rank': 9, 'fitness': 0.8063261312816705, 'generation': 341}","{'id': 18814, 'rank': 10, 'fitness': 0.805490311941312, 'generation': 341}","{'id': 18814, 'rank': 11, 'fitness': 0.805490311941312, 'generation': 341}","{'id': 18751, 'rank': 12, 'fitness': 0.7715364344219839, 'generation': 341}","{'id': 18729, 'rank': 13, 'fitness': 0.6363450547065551, 'generation': 341}","{'id': 18729, 'rank': 14, 'fitness': 0.6363450547065551, 'generation': 341}","{'id': 18759, 'rank': 15, 'fitness': 0.6161858367049824, 'generation': 341}","{'id': 18759, 'rank': 16, 'fitness': 0.6161858367049824, 'generation': 341}","{'id': 18759, 'rank': 17, 'fitness': 0.6161858367049824, 'generation': 341}","{'id': 18615, 'rank': 18, 'fitness': 0.5537404274223365, 'generation': 341}","{'id': 18755, 'rank': 19, 'fitness': 0.46845146668175364, 'generation': 341}","{'id': 18804, 'rank': 20, 'fitness': 0.38291090398678307, 'generation': 341}","{'id': 18772, 'rank': 21, 'fitness': 0.32550118104456116, 'generation': 341}","{'id': 18813, 'rank': 22, 'fitness': 0.32482821661136746, 'generation': 341}","{'id': 18815, 'rank': 23, 'fitness': 0.24608207316260972, 'generation': 341}","{'id': 18815, 'rank': 24, 'fitness': 0.24608207316260972, 'generation': 341}","{'id': 18817, 'rank': 25, 'fitness': 0.05341415564729529, 'generation': 341}","{'id': 18610, 'rank': 26, 'fitness': 0.05079537065788636, 'generation': 341}","{'id': 18805, 'rank': 27, 'fitness': 0.028390336116855652, 'generation': 341}","{'id': 18809, 'rank': 28, 'fitness': 0.028366064458683893, 'generation': 341}","{'id': 18809, 'rank': 29, 'fitness': 0.028366064458683893, 'generation': 341}","{'id': 18784, 'rank': 30, 'fitness': 0.01798620996209155, 'generation': 341}"
"{'id': 18868, 'rank': 1, 'fitness': 0.9820137900379085, 'generation': 342}","{'id': 18770, 'rank': 2, 'fitness': 0.9791874769095135, 'generation': 342}","{'id': 18828, 'rank': 3, 'fitness': 0.9742677423714867, 'generation': 342}","{'id': 18819, 'rank': 4, 'fitness': 0.9741422178090307, 'generation': 342}","{'id': 18819, 'rank': 5, 'fitness': 0.9741422178090307, 'generation': 342}","{'id': 18819, 'rank': 6, 'fitness': 0.9741422178090307, 'generation': 342}","{'id': 18811, 'rank': 7, 'fitness': 0.9675805538853404, 'generation': 342}","{'id': 18811, 'rank': 8, 'fitness': 0.9675805538853404, 'generation': 342}","{'id': 18814, 'rank': 9, 'fitness': 0.967350130209147, 'generation': 342}","{'id': 18814, 'rank': 10, 'fitness': 0.967350130209147, 'generation': 342}","{'id': 18834, 'rank': 11, 'fitness': 0.9653469709442736, 'generation': 342}","{'id': 18859, 'rank': 12, 'fitness': 0.9595905451406679, 'generation': 342}","{'id': 18859, 'rank': 13, 'fitness': 0.9595905451406679, 'generation': 342}","{'id': 18861, 'rank': 14, 'fitness': 0.9091590086852727, 'generation': 342}","{'id': 18729, 'rank': 15, 'fitness': 0.9010136181664616, 'generation': 342}","{'id': 18729, 'rank': 16, 'fitness': 0.9010136181664616, 'generation': 342}","{'id': 18759, 'rank': 17, 'fitness': 0.8899780775377444, 'generation': 342}","{'id': 18759, 'rank': 18, 'fitness': 0.8899780775377444, 'generation': 342}","{'id': 18615, 'rank': 19, 'fitness': 0.8503828589119011, 'generation': 342}","{'id': 18838, 'rank': 20, 'fitness': 0.7563072177891715, 'generation': 342}","{'id': 18877, 'rank': 21, 'fitness': 0.38431693080837764, 'generation': 342}","{'id': 18879, 'rank': 22, 'fitness': 0.10848614511894578, 'generation': 342}","{'id': 18869, 'rank': 23, 'fitness': 0.1012548978739286, 'generation': 342}","{'id': 18817, 'rank': 24, 'fitness': 0.07610029387971856, 'generation': 342}","{'id': 18871, 'rank': 25, 'fitness': 0.04924848382799857, 'generation': 342}","{'id': 18805, 'rank': 26, 'fitness': 0.03235213173071211, 'generation': 342}","{'id': 18805, 'rank': 27, 'fitness': 0.03235213173071211, 'generation': 342}","{'id': 18851, 'rank': 28, 'fitness': 0.0305993329109166, 'generation': 342}","{'id': 18840, 'rank': 29, 'fitness': 0.01798620996209155, 'generation': 342}","{'id': 18840, 'rank': 30, 'fitness': 0.01798620996209155, 'generation': 342}"
"{'id': 18955, 'rank': 1, 'fitness': 0.9820137900379085, 'generation': 343}","{'id': 18955, 'rank': 2, 'fitness': 0.9820137900379085, 'generation': 343}","{'id': 18960, 'rank': 3, 'fitness': 0.9455224842193714, 'generation': 343}","{'id': 18819, 'rank': 4, 'fitness': 0.9177848443921325, 'generation': 343}","{'id': 18814, 'rank': 5, 'fitness': 0.9067270864310992, 'generation': 343}","{'id': 18814, 'rank': 6, 'fitness': 0.9067270864310992, 'generation': 343}","{'id': 18941, 'rank': 7, 'fitness': 0.894437061525414, 'generation': 343}","{'id': 18939, 'rank': 8, 'fitness': 0.8525478473384147, 'generation': 343}","{'id': 18729, 'rank': 9, 'fitness': 0.8312924984982918, 'generation': 343}","{'id': 18759, 'rank': 10, 'fitness': 0.8215470212782974, 'generation': 343}","{'id': 18934, 'rank': 11, 'fitness': 0.5579790763051626, 'generation': 343}","{'id': 18877, 'rank': 12, 'fitness': 0.5129728227673142, 'generation': 343}","{'id': 18929, 'rank': 13, 'fitness': 0.45738827379741764, 'generation': 343}","{'id': 18953, 'rank': 14, 'fitness': 0.44133246894562767, 'generation': 343}","{'id': 18916, 'rank': 15, 'fitness': 0.3233708004521352, 'generation': 343}","{'id': 18916, 'rank': 16, 'fitness': 0.3233708004521352, 'generation': 343}","{'id': 18916, 'rank': 17, 'fitness': 0.3233708004521352, 'generation': 343}","{'id': 18916, 'rank': 18, 'fitness': 0.3233708004521352, 'generation': 343}","{'id': 18935, 'rank': 19, 'fitness': 0.31790273528159596, 'generation': 343}","{'id': 18869, 'rank': 20, 'fitness': 0.28214528715219367, 'generation': 343}","{'id': 18933, 'rank': 21, 'fitness': 0.24785501682520394, 'generation': 343}","{'id': 18940, 'rank': 22, 'fitness': 0.21282745807113823, 'generation': 343}","{'id': 18940, 'rank': 23, 'fitness': 0.21282745807113823, 'generation': 343}","{'id': 18851, 'rank': 24, 'fitness': 0.1589043226186399, 'generation': 343}","{'id': 18840, 'rank': 25, 'fitness': 0.12134152488262206, 'generation': 343}","{'id': 18943, 'rank': 26, 'fitness': 0.08694560073922969, 'generation': 343}","{'id': 18905, 'rank': 27, 'fitness': 0.06846395251620546, 'generation': 343}","{'id': 18897, 'rank': 28, 'fitness': 0.06662010777709865, 'generation': 343}","{'id': 18907, 'rank': 29, 'fitness': 0.04321705755771321, 'generation': 343}","{'id': 18932, 'rank': 30, 'fitness': 0.01798620996209155, 'generation': 343}"
"{'id': 18955, 'rank': 1, 'fitness': 0.9820137900379085, 'generation': 344}","{'id': 18955, 'rank': 2, 'fitness': 0.9820137900379085, 'generation': 344}","{'id': 18997, 'rank': 3, 'fitness': 0.943192131015342, 'generation': 344}","{'id': 18960, 'rank': 4, 'fitness': 0.9217790222589322, 'generation': 344}","{'id': 19008, 'rank': 5, 'fitness': 0.8905418480574497, 'generation': 344}","{'id': 19008, 'rank': 6, 'fitness': 0.8905418480574497, 'generation': 344}","{'id': 18981, 'rank': 7, 'fitness': 0.878263495229996, 'generation': 344}","{'id': 18819, 'rank': 8, 'fitness': 0.8671905796105516, 'generation': 344}","{'id': 18819, 'rank': 9, 'fitness': 0.8671905796105516, 'generation': 344}","{'id': 18965, 'rank': 10, 'fitness': 0.864800256184344, 'generation': 344}","{'id': 18814, 'rank': 11, 'fitness': 0.8443956779011438, 'generation': 344}","{'id': 18939, 'rank': 12, 'fitness': 0.7303071602936226, 'generation': 344}","{'id': 18729, 'rank': 13, 'fitness': 0.6861642017236417, 'generation': 344}","{'id': 18985, 'rank': 14, 'fitness': 0.5339416557088134, 'generation': 344}","{'id': 18970, 'rank': 15, 'fitness': 0.5124547750656785, 'generation': 344}","{'id': 19009, 'rank': 16, 'fitness': 0.48729193115703356, 'generation': 344}","{'id': 19007, 'rank': 17, 'fitness': 0.4752069708730923, 'generation': 344}","{'id': 19007, 'rank': 18, 'fitness': 0.4752069708730923, 'generation': 344}","{'id': 18877, 'rank': 19, 'fitness': 0.2172230368541353, 'generation': 344}","{'id': 18994, 'rank': 20, 'fitness': 0.174432651959879, 'generation': 344}","{'id': 18929, 'rank': 21, 'fitness': 0.1708030992286913, 'generation': 344}","{'id': 18972, 'rank': 22, 'fitness': 0.15890563032952731, 'generation': 344}","{'id': 18953, 'rank': 23, 'fitness': 0.15885597355241082, 'generation': 344}","{'id': 18998, 'rank': 24, 'fitness': 0.1027367607901622, 'generation': 344}","{'id': 18916, 'rank': 25, 'fitness': 0.08793444739938278, 'generation': 344}","{'id': 18935, 'rank': 26, 'fitness': 0.08527796814040878, 'generation': 344}","{'id': 18933, 'rank': 27, 'fitness': 0.055384532167066236, 'generation': 344}","{'id': 18940, 'rank': 28, 'fitness': 0.043057365430759165, 'generation': 344}","{'id': 19002, 'rank': 29, 'fitness': 0.02519528662196291, 'generation': 344}","{'id': 18840, 'rank': 30, 'fitness': 0.01798620996209155, 'generation': 344}"
"{'id': 18955, 'rank': 1, 'fitness': 0.9820137900379085, 'generation': 345}","{'id': 18955, 'rank': 2, 'fitness': 0.9820137900379085, 'generation': 345}","{'id': 18955, 'rank': 3, 'fitness': 0.9820137900379085, 'generation': 345}","{'id': 18960, 'rank': 4, 'fitness': 0.9379870187156218, 'generation': 345}","{'id': 18960, 'rank': 5, 'fitness': 0.9379870187156218, 'generation': 345}","{'id': 19008, 'rank': 6, 'fitness': 0.917301150274183, 'generation': 345}","{'id': 19008, 'rank': 7, 'fitness': 0.917301150274183, 'generation': 345}","{'id': 19049, 'rank': 8, 'fitness': 0.8825764126981709, 'generation': 345}","{'id': 19007, 'rank': 9, 'fitness': 0.6383347332469643, 'generation': 345}","{'id': 19065, 'rank': 10, 'fitness': 0.5913715285513726, 'generation': 345}","{'id': 19036, 'rank': 11, 'fitness': 0.4097293750244254, 'generation': 345}","{'id': 19071, 'rank': 12, 'fitness': 0.3267807953313716, 'generation': 345}","{'id': 19016, 'rank': 13, 'fitness': 0.25887001499238504, 'generation': 345}","{'id': 18998, 'rank': 14, 'fitness': 0.2381036914097826, 'generation': 345}","{'id': 18998, 'rank': 15, 'fitness': 0.2381036914097826, 'generation': 345}","{'id': 18916, 'rank': 16, 'fitness': 0.21298064402709904, 'generation': 345}","{'id': 19056, 'rank': 17, 'fitness': 0.2033614882794434, 'generation': 345}","{'id': 19027, 'rank': 18, 'fitness': 0.19984900862917598, 'generation': 345}","{'id': 19058, 'rank': 19, 'fitness': 0.1934786948389044, 'generation': 345}","{'id': 19061, 'rank': 20, 'fitness': 0.16724368023430602, 'generation': 345}","{'id': 19017, 'rank': 21, 'fitness': 0.13169243072958603, 'generation': 345}","{'id': 19043, 'rank': 22, 'fitness': 0.09420752949828198, 'generation': 345}","{'id': 19043, 'rank': 23, 'fitness': 0.09420752949828198, 'generation': 345}","{'id': 19067, 'rank': 24, 'fitness': 0.0870143686720235, 'generation': 345}","{'id': 19067, 'rank': 25, 'fitness': 0.0870143686720235, 'generation': 345}","{'id': 19067, 'rank': 26, 'fitness': 0.0870143686720235, 'generation': 345}","{'id': 19002, 'rank': 27, 'fitness': 0.08247539411382876, 'generation': 345}","{'id': 19026, 'rank': 28, 'fitness': 0.059912837184272094, 'generation': 345}","{'id': 19057, 'rank': 29, 'fitness': 0.02727868437026809, 'generation': 345}","{'id': 19066, 'rank': 30, 'fitness': 0.01798620996209155, 'generation': 345}"
"{'id': 18955, 'rank': 1, 'fitness': 0.9820137900379085, 'generation': 346}","{'id': 18955, 'rank': 2, 'fitness': 0.9820137900379085, 'generation': 346}","{'id': 18955, 'rank': 3, 'fitness': 0.9820137900379085, 'generation': 346}","{'id': 18955, 'rank': 4, 'fitness': 0.9820137900379085, 'generation': 346}","{'id': 18955, 'rank': 5, 'fitness': 0.9820137900379085, 'generation': 346}","{'id': 19100, 'rank': 6, 'fitness': 0.9752904032065359, 'generation': 346}","{'id': 18960, 'rank': 7, 'fitness': 0.939770106663004, 'generation': 346}","{'id': 18960, 'rank': 8, 'fitness': 0.939770106663004, 'generation': 346}","{'id': 19115, 'rank': 9, 'fitness': 0.933477006773418, 'generation': 346}","{'id': 19102, 'rank': 10, 'fitness': 0.929647802507125, 'generation': 346}","{'id': 19008, 'rank': 11, 'fitness': 0.9201812910986976, 'generation': 346}","{'id': 19049, 'rank': 12, 'fitness': 0.8874606726735983, 'generation': 346}","{'id': 19049, 'rank': 13, 'fitness': 0.8874606726735983, 'generation': 346}","{'id': 19080, 'rank': 14, 'fitness': 0.797144555153164, 'generation': 346}","{'id': 19080, 'rank': 15, 'fitness': 0.797144555153164, 'generation': 346}","{'id': 19099, 'rank': 16, 'fitness': 0.7525195570621444, 'generation': 346}","{'id': 19007, 'rank': 17, 'fitness': 0.6572861257038366, 'generation': 346}","{'id': 19007, 'rank': 18, 'fitness': 0.6572861257038366, 'generation': 346}","{'id': 19081, 'rank': 19, 'fitness': 0.6444830985513909, 'generation': 346}","{'id': 19065, 'rank': 20, 'fitness': 0.6124264993403877, 'generation': 346}","{'id': 19095, 'rank': 21, 'fitness': 0.6115933551817753, 'generation': 346}","{'id': 19071, 'rank': 22, 'fitness': 0.35241278085445293, 'generation': 346}","{'id': 19116, 'rank': 23, 'fitness': 0.3179382674856982, 'generation': 346}","{'id': 19116, 'rank': 24, 'fitness': 0.3179382674856982, 'generation': 346}","{'id': 18998, 'rank': 25, 'fitness': 0.26151413561148235, 'generation': 346}","{'id': 19061, 'rank': 26, 'fitness': 0.1870043367828883, 'generation': 346}","{'id': 19017, 'rank': 27, 'fitness': 0.14885824048951124, 'generation': 346}","{'id': 19107, 'rank': 28, 'fitness': 0.11705723808223989, 'generation': 346}","{'id': 19043, 'rank': 29, 'fitness': 0.10796625138147165, 'generation': 346}","{'id': 19093, 'rank': 30, 'fitness': 0.01798620996209155, 'generation': 346}"
"{'id': 18955, 'rank': 1, 'fitness': 0.9820137900379085, 'generation': 347}","{'id': 18955, 'rank': 2, 'fitness': 0.9820137900379085, 'generation': 347}","{'id': 19100, 'rank': 3, 'fitness': 0.9738367359799673, 'generation': 347}","{'id': 18960, 'rank': 4, 'fitness': 0.925602996763268, 'generation': 347}","{'id': 18960, 'rank': 5, 'fitness': 0.925602996763268, 'generation': 347}","{'id': 19008, 'rank': 6, 'fitness': 0.8969385014918821, 'generation': 347}","{'id': 19008, 'rank': 7, 'fitness': 0.8969385014918821, 'generation': 347}","{'id': 19148, 'rank': 8, 'fitness': 0.8599459701482677, 'generation': 347}","{'id': 19152, 'rank': 9, 'fitness': 0.8561472455308492, 'generation': 347}","{'id': 19152, 'rank': 10, 'fitness': 0.8561472455308492, 'generation': 347}","{'id': 19180, 'rank': 11, 'fitness': 0.5245287299479293, 'generation': 347}","{'id': 19007, 'rank': 12, 'fitness': 0.5114534341715872, 'generation': 347}","{'id': 19081, 'rank': 13, 'fitness': 0.4948220200997017, 'generation': 347}","{'id': 19147, 'rank': 14, 'fitness': 0.4463578053483258, 'generation': 347}","{'id': 19129, 'rank': 15, 'fitness': 0.1702102539554567, 'generation': 347}","{'id': 19129, 'rank': 16, 'fitness': 0.1702102539554567, 'generation': 347}","{'id': 19116, 'rank': 17, 'fitness': 0.16460173347276968, 'generation': 347}","{'id': 18998, 'rank': 18, 'fitness': 0.12467130315350744, 'generation': 347}","{'id': 18998, 'rank': 19, 'fitness': 0.12467130315350744, 'generation': 347}","{'id': 19140, 'rank': 20, 'fitness': 0.12290072916490569, 'generation': 347}","{'id': 19178, 'rank': 21, 'fitness': 0.09348566778944956, 'generation': 347}","{'id': 19061, 'rank': 22, 'fitness': 0.0788261916044502, 'generation': 347}","{'id': 19061, 'rank': 23, 'fitness': 0.0788261916044502, 'generation': 347}","{'id': 19135, 'rank': 24, 'fitness': 0.06149529613997401, 'generation': 347}","{'id': 19135, 'rank': 25, 'fitness': 0.06149529613997401, 'generation': 347}","{'id': 19133, 'rank': 26, 'fitness': 0.02803671577814021, 'generation': 347}","{'id': 19133, 'rank': 27, 'fitness': 0.02803671577814021, 'generation': 347}","{'id': 19131, 'rank': 28, 'fitness': 0.02401430657672049, 'generation': 347}","{'id': 19162, 'rank': 29, 'fitness': 0.022974173941207154, 'generation': 347}","{'id': 19172, 'rank': 30, 'fitness': 0.01798620996209155, 'generation': 347}"
"{'id': 19209, 'rank': 1, 'fitness': 0.9820137900379085, 'generation': 348}","{'id': 19202, 'rank': 2, 'fitness': 0.9651945497262365, 'generation': 348}","{'id': 19202, 'rank': 3, 'fitness': 0.9651945497262365, 'generation': 348}","{'id': 18960, 'rank': 4, 'fitness': 0.9449963440644762, 'generation': 348}","{'id': 19230, 'rank': 5, 'fitness': 0.9291602104204779, 'generation': 348}","{'id': 19230, 'rank': 6, 'fitness': 0.9291602104204779, 'generation': 348}","{'id': 19008, 'rank': 7, 'fitness': 0.9278833278303862, 'generation': 348}","{'id': 19228, 'rank': 8, 'fitness': 0.908894286101007, 'generation': 348}","{'id': 19210, 'rank': 9, 'fitness': 0.893381933701399, 'generation': 348}","{'id': 19192, 'rank': 10, 'fitness': 0.8624707391645217, 'generation': 348}","{'id': 19192, 'rank': 11, 'fitness': 0.8624707391645217, 'generation': 348}","{'id': 19232, 'rank': 12, 'fitness': 0.8263398964715586, 'generation': 348}","{'id': 19232, 'rank': 13, 'fitness': 0.8263398964715586, 'generation': 348}","{'id': 19081, 'rank': 14, 'fitness': 0.6872208770005533, 'generation': 348}","{'id': 19147, 'rank': 15, 'fitness': 0.6524058328100176, 'generation': 348}","{'id': 19222, 'rank': 16, 'fitness': 0.6099834262607454, 'generation': 348}","{'id': 19220, 'rank': 17, 'fitness': 0.583586729082672, 'generation': 348}","{'id': 19129, 'rank': 18, 'fitness': 0.38275525650246867, 'generation': 348}","{'id': 19183, 'rank': 19, 'fitness': 0.3621441589222568, 'generation': 348}","{'id': 19183, 'rank': 20, 'fitness': 0.3621441589222568, 'generation': 348}","{'id': 19231, 'rank': 21, 'fitness': 0.31729145695834826, 'generation': 348}","{'id': 18998, 'rank': 22, 'fitness': 0.31582439247251964, 'generation': 348}","{'id': 18998, 'rank': 23, 'fitness': 0.31582439247251964, 'generation': 348}","{'id': 18998, 'rank': 24, 'fitness': 0.31582439247251964, 'generation': 348}","{'id': 19061, 'rank': 25, 'fitness': 0.23410556923787063, 'generation': 348}","{'id': 19135, 'rank': 26, 'fitness': 0.19761773367932223, 'generation': 348}","{'id': 19219, 'rank': 27, 'fitness': 0.12755488936400244, 'generation': 348}","{'id': 19188, 'rank': 28, 'fitness': 0.11944083906465985, 'generation': 348}","{'id': 19187, 'rank': 29, 'fitness': 0.08812420065117782, 'generation': 348}","{'id': 19217, 'rank': 30, 'fitness': 0.01798620996209155, 'generation': 348}"
"{'id': 19209, 'rank': 1, 'fitness': 0.9820137900379085, 'generation': 349}","{'id': 19202, 'rank': 2, 'fitness': 0.9615348800694048, 'generation': 349}","{'id': 19283, 'rank': 3, 'fitness': 0.9385781199294433, 'generation': 349}","{'id': 19283, 'rank': 4, 'fitness': 0.9385781199294433, 'generation': 349}","{'id': 18960, 'rank': 5, 'fitness': 0.9350305447550584, 'generation': 349}","{'id': 19230, 'rank': 6, 'fitness': 0.9133618649727075, 'generation': 349}","{'id': 19228, 'rank': 7, 'fitness': 0.8849149012978208, 'generation': 349}","{'id': 19238, 'rank': 8, 'fitness': 0.8772149865780706, 'generation': 349}","{'id': 19238, 'rank': 9, 'fitness': 0.8772149865780706, 'generation': 349}","{'id': 19238, 'rank': 10, 'fitness': 0.8772149865780706, 'generation': 349}","{'id': 19210, 'rank': 11, 'fitness': 0.8627888834957551, 'generation': 349}","{'id': 19232, 'rank': 12, 'fitness': 0.7660449423042679, 'generation': 349}","{'id': 19268, 'rank': 13, 'fitness': 0.7087690647761461, 'generation': 349}","{'id': 19240, 'rank': 14, 'fitness': 0.6164040953434052, 'generation': 349}","{'id': 19272, 'rank': 15, 'fitness': 0.5318817126588117, 'generation': 349}","{'id': 19147, 'rank': 16, 'fitness': 0.5283020391363817, 'generation': 349}","{'id': 19255, 'rank': 17, 'fitness': 0.3890842319814447, 'generation': 349}","{'id': 19281, 'rank': 18, 'fitness': 0.3418033428616383, 'generation': 349}","{'id': 19281, 'rank': 19, 'fitness': 0.3418033428616383, 'generation': 349}","{'id': 19273, 'rank': 20, 'fitness': 0.2857503013446275, 'generation': 349}","{'id': 19277, 'rank': 21, 'fitness': 0.1718046843713324, 'generation': 349}","{'id': 19277, 'rank': 22, 'fitness': 0.1718046843713324, 'generation': 349}","{'id': 19135, 'rank': 23, 'fitness': 0.09720614181738607, 'generation': 349}","{'id': 19263, 'rank': 24, 'fitness': 0.08579532477485424, 'generation': 349}","{'id': 19250, 'rank': 25, 'fitness': 0.06730037271941786, 'generation': 349}","{'id': 19219, 'rank': 26, 'fitness': 0.055721720234577554, 'generation': 349}","{'id': 19256, 'rank': 27, 'fitness': 0.05485864780070754, 'generation': 349}","{'id': 19256, 'rank': 28, 'fitness': 0.05485864780070754, 'generation': 349}","{'id': 19248, 'rank': 29, 'fitness': 0.021160887203393874, 'generation': 349}","{'id': 19261, 'rank': 30, 'fitness': 0.01798620996209155, 'generation': 349}"
"{'id': 19209, 'rank': 1, 'fitness': 0.9820137900379085, 'generation': 350}","{'id': 19209, 'rank': 2, 'fitness': 0.9820137900379085, 'generation': 350}","{'id': 19283, 'rank': 3, 'fitness': 0.9322395506976988, 'generation': 350}","{'id': 19283, 'rank': 4, 'fitness': 0.9322395506976988, 'generation': 350}","{'id': 19238, 'rank': 5, 'fitness': 0.857983882997706, 'generation': 350}","{'id': 19238, 'rank': 6, 'fitness': 0.857983882997706, 'generation': 350}","{'id': 19296, 'rank': 7, 'fitness': 0.7901236705507617, 'generation': 350}","{'id': 19296, 'rank': 8, 'fitness': 0.7901236705507617, 'generation': 350}","{'id': 19232, 'rank': 9, 'fitness': 0.7219416509954354, 'generation': 350}","{'id': 19307, 'rank': 10, 'fitness': 0.709742005665432, 'generation': 350}","{'id': 19268, 'rank': 11, 'fitness': 0.6531586635231481, 'generation': 350}","{'id': 19240, 'rank': 12, 'fitness': 0.5457785581537767, 'generation': 350}","{'id': 19272, 'rank': 13, 'fitness': 0.452255435022047, 'generation': 350}","{'id': 19147, 'rank': 14, 'fitness': 0.448404920207215, 'generation': 350}","{'id': 19147, 'rank': 15, 'fitness': 0.448404920207215, 'generation': 350}","{'id': 19305, 'rank': 16, 'fitness': 0.4233549389226896, 'generation': 350}","{'id': 19299, 'rank': 17, 'fitness': 0.38104186435793946, 'generation': 350}","{'id': 19299, 'rank': 18, 'fitness': 0.38104186435793946, 'generation': 350}","{'id': 19281, 'rank': 19, 'fitness': 0.26132675182001286, 'generation': 350}","{'id': 19281, 'rank': 20, 'fitness': 0.26132675182001286, 'generation': 350}","{'id': 19334, 'rank': 21, 'fitness': 0.2097768975679163, 'generation': 350}","{'id': 19318, 'rank': 22, 'fitness': 0.16018713694320852, 'generation': 350}","{'id': 19290, 'rank': 23, 'fitness': 0.07914768173493958, 'generation': 350}","{'id': 19135, 'rank': 24, 'fitness': 0.060528750944108034, 'generation': 350}","{'id': 19325, 'rank': 25, 'fitness': 0.05774631355525467, 'generation': 350}","{'id': 19319, 'rank': 26, 'fitness': 0.056499430296602204, 'generation': 350}","{'id': 19340, 'rank': 27, 'fitness': 0.03915763838433023, 'generation': 350}","{'id': 19323, 'rank': 28, 'fitness': 0.03875949627116437, 'generation': 350}","{'id': 19256, 'rank': 29, 'fitness': 0.03195163684768365, 'generation': 350}","{'id': 19292, 'rank': 30, 'fitness': 0.01798620996209155, 'generation': 350}"
"{'id': 19364, 'rank': 1, 'fitness': 0.9820137900379085, 'generation': 351}","{'id': 19283, 'rank': 2, 'fitness': 0.9776163380126026, 'generation': 351}","{'id': 19283, 'rank': 3, 'fitness': 0.9776163380126026, 'generation': 351}","{'id': 19392, 'rank': 4, 'fitness': 0.9772693780467699, 'generation': 351}","{'id': 19238, 'rank': 5, 'fitness': 0.9503098157066171, 'generation': 351}","{'id': 19238, 'rank': 6, 'fitness': 0.9503098157066171, 'generation': 351}","{'id': 19365, 'rank': 7, 'fitness': 0.9468547647896284, 'generation': 351}","{'id': 19296, 'rank': 8, 'fitness': 0.9224689553507337, 'generation': 351}","{'id': 19296, 'rank': 9, 'fitness': 0.9224689553507337, 'generation': 351}","{'id': 19232, 'rank': 10, 'fitness': 0.8912463692773374, 'generation': 351}","{'id': 19268, 'rank': 11, 'fitness': 0.8558532741248772, 'generation': 351}","{'id': 19240, 'rank': 12, 'fitness': 0.7909056431753277, 'generation': 351}","{'id': 19355, 'rank': 13, 'fitness': 0.7458269532555624, 'generation': 351}","{'id': 19147, 'rank': 14, 'fitness': 0.7187559461719406, 'generation': 351}","{'id': 19147, 'rank': 15, 'fitness': 0.7187559461719406, 'generation': 351}","{'id': 19382, 'rank': 16, 'fitness': 0.6860939250386653, 'generation': 351}","{'id': 19382, 'rank': 17, 'fitness': 0.6860939250386653, 'generation': 351}","{'id': 19351, 'rank': 18, 'fitness': 0.6829584431557107, 'generation': 351}","{'id': 19299, 'rank': 19, 'fitness': 0.6591096809456656, 'generation': 351}","{'id': 19299, 'rank': 20, 'fitness': 0.6591096809456656, 'generation': 351}","{'id': 19299, 'rank': 21, 'fitness': 0.6591096809456656, 'generation': 351}","{'id': 19350, 'rank': 22, 'fitness': 0.6006549779286398, 'generation': 351}","{'id': 19367, 'rank': 23, 'fitness': 0.5092851492472162, 'generation': 351}","{'id': 19369, 'rank': 24, 'fitness': 0.33013927871403836, 'generation': 351}","{'id': 19375, 'rank': 25, 'fitness': 0.2936060225937902, 'generation': 351}","{'id': 19395, 'rank': 26, 'fitness': 0.17165800436993311, 'generation': 351}","{'id': 19135, 'rank': 27, 'fitness': 0.167210505568598, 'generation': 351}","{'id': 19368, 'rank': 28, 'fitness': 0.129424438558562, 'generation': 351}","{'id': 19371, 'rank': 29, 'fitness': 0.11571808130571648, 'generation': 351}","{'id': 19377, 'rank': 30, 'fitness': 0.01798620996209155, 'generation': 351}"
"{'id': 19283, 'rank': 1, 'fitness': 0.9820137900379085, 'generation': 352}","{'id': 19283, 'rank': 2, 'fitness': 0.9820137900379085, 'generation': 352}","{'id': 19410, 'rank': 3, 'fitness': 0.9754576302888829, 'generation': 352}","{'id': 19441, 'rank': 4, 'fitness': 0.9571509889616838, 'generation': 352}","{'id': 19365, 'rank': 5, 'fitness': 0.955506118261968, 'generation': 352}","{'id': 19296, 'rank': 6, 'fitness': 0.9338097091860347, 'generation': 352}","{'id': 19428, 'rank': 7, 'fitness': 0.8535063860102805, 'generation': 352}","{'id': 19355, 'rank': 8, 'fitness': 0.7667318028191445, 'generation': 352}","{'id': 19447, 'rank': 9, 'fitness': 0.7606369783083765, 'generation': 352}","{'id': 19147, 'rank': 10, 'fitness': 0.7400355237313307, 'generation': 352}","{'id': 19147, 'rank': 11, 'fitness': 0.7400355237313307, 'generation': 352}","{'id': 19426, 'rank': 12, 'fitness': 0.7124375735452461, 'generation': 352}","{'id': 19382, 'rank': 13, 'fitness': 0.707530311631243, 'generation': 352}","{'id': 19382, 'rank': 14, 'fitness': 0.707530311631243, 'generation': 352}","{'id': 19351, 'rank': 15, 'fitness': 0.7043938769063556, 'generation': 352}","{'id': 19299, 'rank': 16, 'fitness': 0.6804510929300727, 'generation': 352}","{'id': 19299, 'rank': 17, 'fitness': 0.6804510929300727, 'generation': 352}","{'id': 19442, 'rank': 18, 'fitness': 0.4915639744905628, 'generation': 352}","{'id': 19401, 'rank': 19, 'fitness': 0.46027682021265337, 'generation': 352}","{'id': 19401, 'rank': 20, 'fitness': 0.46027682021265337, 'generation': 352}","{'id': 19406, 'rank': 21, 'fitness': 0.33201162229149406, 'generation': 352}","{'id': 19431, 'rank': 22, 'fitness': 0.30798735252161075, 'generation': 352}","{'id': 19452, 'rank': 23, 'fitness': 0.20632393863991644, 'generation': 352}","{'id': 19368, 'rank': 24, 'fitness': 0.12855436390448427, 'generation': 352}","{'id': 19434, 'rank': 25, 'fitness': 0.12524740878109591, 'generation': 352}","{'id': 19434, 'rank': 26, 'fitness': 0.12524740878109591, 'generation': 352}","{'id': 19434, 'rank': 27, 'fitness': 0.12524740878109591, 'generation': 352}","{'id': 19411, 'rank': 28, 'fitness': 0.09184840829933943, 'generation': 352}","{'id': 19429, 'rank': 29, 'fitness': 0.026551103892540562, 'generation': 352}","{'id': 19419, 'rank': 30, 'fitness': 0.01798620996209155, 'generation': 352}"
"{'id': 19521, 'rank': 1, 'fitness': 0.9820137900379085, 'generation': 353}","{'id': 19521, 'rank': 2, 'fitness': 0.9820137900379085, 'generation': 353}","{'id': 19283, 'rank': 3, 'fitness': 0.9153924291155968, 'generation': 353}","{'id': 19511, 'rank': 4, 'fitness': 0.6091583082071605, 'generation': 353}","{'id': 19492, 'rank': 5, 'fitness': 0.6042141347850473, 'generation': 353}","{'id': 19461, 'rank': 6, 'fitness': 0.5812115167924382, 'generation': 353}","{'id': 19461, 'rank': 7, 'fitness': 0.5812115167924382, 'generation': 353}","{'id': 19461, 'rank': 8, 'fitness': 0.5812115167924382, 'generation': 353}","{'id': 19505, 'rank': 9, 'fitness': 0.5444416010599444, 'generation': 353}","{'id': 19505, 'rank': 10, 'fitness': 0.5444416010599444, 'generation': 353}","{'id': 19355, 'rank': 11, 'fitness': 0.4817361892138498, 'generation': 353}","{'id': 19147, 'rank': 12, 'fitness': 0.45049166905334914, 'generation': 353}","{'id': 19351, 'rank': 13, 'fitness': 0.4124078649556344, 'generation': 353}","{'id': 19299, 'rank': 14, 'fitness': 0.3888256690666223, 'generation': 353}","{'id': 19462, 'rank': 15, 'fitness': 0.3735691829810993, 'generation': 353}","{'id': 19401, 'rank': 16, 'fitness': 0.22243799513232865, 'generation': 353}","{'id': 19507, 'rank': 17, 'fitness': 0.200817783335565, 'generation': 353}","{'id': 19510, 'rank': 18, 'fitness': 0.11135551899980156, 'generation': 353}","{'id': 19510, 'rank': 19, 'fitness': 0.11135551899980156, 'generation': 353}","{'id': 19483, 'rank': 20, 'fitness': 0.10192423858602867, 'generation': 353}","{'id': 19519, 'rank': 21, 'fitness': 0.10099583877297191, 'generation': 353}","{'id': 19508, 'rank': 22, 'fitness': 0.0601398950858853, 'generation': 353}","{'id': 19508, 'rank': 23, 'fitness': 0.0601398950858853, 'generation': 353}","{'id': 19434, 'rank': 24, 'fitness': 0.056780628655320575, 'generation': 353}","{'id': 19501, 'rank': 25, 'fitness': 0.05108752353481982, 'generation': 353}","{'id': 19493, 'rank': 26, 'fitness': 0.03347177703932713, 'generation': 353}","{'id': 19502, 'rank': 27, 'fitness': 0.0290228683872803, 'generation': 353}","{'id': 19502, 'rank': 28, 'fitness': 0.0290228683872803, 'generation': 353}","{'id': 19495, 'rank': 29, 'fitness': 0.018102443591319684, 'generation': 353}","{'id': 19524, 'rank': 30, 'fitness': 0.01798620996209155, 'generation': 353}"
"{'id': 19521, 'rank': 1, 'fitness': 0.9820137900379085, 'generation': 354}","{'id': 19521, 'rank': 2, 'fitness': 0.9820137900379085, 'generation': 354}","{'id': 19570, 'rank': 3, 'fitness': 0.9622741113378575, 'generation': 354}","{'id': 19566, 'rank': 4, 'fitness': 0.9246360294744117, 'generation': 354}","{'id': 19283, 'rank': 5, 'fitness': 0.9068500877670529, 'generation': 354}","{'id': 19283, 'rank': 6, 'fitness': 0.9068500877670529, 'generation': 354}","{'id': 19529, 'rank': 7, 'fitness': 0.7930924770261334, 'generation': 354}","{'id': 19542, 'rank': 8, 'fitness': 0.6654587120193999, 'generation': 354}","{'id': 19540, 'rank': 9, 'fitness': 0.6624655360080508, 'generation': 354}","{'id': 19511, 'rank': 10, 'fitness': 0.5527666247316622, 'generation': 354}","{'id': 19511, 'rank': 11, 'fitness': 0.5527666247316622, 'generation': 354}","{'id': 19492, 'rank': 12, 'fitness': 0.547304059037366, 'generation': 354}","{'id': 19461, 'rank': 13, 'fitness': 0.5220511380632986, 'generation': 354}","{'id': 19505, 'rank': 14, 'fitness': 0.48225728664974454, 'generation': 354}","{'id': 19505, 'rank': 15, 'fitness': 0.48225728664974454, 'generation': 354}","{'id': 19549, 'rank': 16, 'fitness': 0.47612704118217963, 'generation': 354}","{'id': 19558, 'rank': 17, 'fitness': 0.30547764577100833, 'generation': 354}","{'id': 19531, 'rank': 18, 'fitness': 0.29651605399731246, 'generation': 354}","{'id': 19539, 'rank': 19, 'fitness': 0.2010500362444364, 'generation': 354}","{'id': 19401, 'rank': 20, 'fitness': 0.16882269373636644, 'generation': 354}","{'id': 19507, 'rank': 21, 'fitness': 0.15031571375351066, 'generation': 354}","{'id': 19507, 'rank': 22, 'fitness': 0.15031571375351066, 'generation': 354}","{'id': 19568, 'rank': 23, 'fitness': 0.10624081167658145, 'generation': 354}","{'id': 19533, 'rank': 24, 'fitness': 0.09242574557980993, 'generation': 354}","{'id': 19530, 'rank': 25, 'fitness': 0.06773311463486459, 'generation': 354}","{'id': 19562, 'rank': 26, 'fitness': 0.06251413796656274, 'generation': 354}","{'id': 19508, 'rank': 27, 'fitness': 0.03957419695148129, 'generation': 354}","{'id': 19508, 'rank': 28, 'fitness': 0.03957419695148129, 'generation': 354}","{'id': 19559, 'rank': 29, 'fitness': 0.018186079129241695, 'generation': 354}","{'id': 19502, 'rank': 30, 'fitness': 0.01798620996209155, 'generation': 354}"
"{'id': 19570, 'rank': 1, 'fitness': 0.9820137900379085, 'generation': 355}","{'id': 19283, 'rank': 2, 'fitness': 0.9522969211295909, 'generation': 355}","{'id': 19283, 'rank': 3, 'fitness': 0.9522969211295909, 'generation': 355}","{'id': 19283, 'rank': 4, 'fitness': 0.9522969211295909, 'generation': 355}","{'id': 19617, 'rank': 5, 'fitness': 0.8757807493641622, 'generation': 355}","{'id': 19617, 'rank': 6, 'fitness': 0.8757807493641622, 'generation': 355}","{'id': 19542, 'rank': 7, 'fitness': 0.791673760299898, 'generation': 355}","{'id': 19542, 'rank': 8, 'fitness': 0.791673760299898, 'generation': 355}","{'id': 19540, 'rank': 9, 'fitness': 0.7893531403811251, 'generation': 355}","{'id': 19540, 'rank': 10, 'fitness': 0.7893531403811251, 'generation': 355}","{'id': 19540, 'rank': 11, 'fitness': 0.7893531403811251, 'generation': 355}","{'id': 19511, 'rank': 12, 'fitness': 0.6980379220154728, 'generation': 355}","{'id': 19461, 'rank': 13, 'fitness': 0.6701512823068891, 'generation': 355}","{'id': 19621, 'rank': 14, 'fitness': 0.6560079866027397, 'generation': 355}","{'id': 19621, 'rank': 15, 'fitness': 0.6560079866027397, 'generation': 355}","{'id': 19505, 'rank': 16, 'fitness': 0.6323956236147665, 'generation': 355}","{'id': 19591, 'rank': 17, 'fitness': 0.4981281378252456, 'generation': 355}","{'id': 19591, 'rank': 18, 'fitness': 0.4981281378252456, 'generation': 355}","{'id': 19558, 'rank': 19, 'fitness': 0.4399696228306702, 'generation': 355}","{'id': 19576, 'rank': 20, 'fitness': 0.4006032663625825, 'generation': 355}","{'id': 19576, 'rank': 21, 'fitness': 0.4006032663625825, 'generation': 355}","{'id': 19606, 'rank': 22, 'fitness': 0.36427768057148524, 'generation': 355}","{'id': 19619, 'rank': 23, 'fitness': 0.3226958320324166, 'generation': 355}","{'id': 19539, 'rank': 24, 'fitness': 0.30479396878669085, 'generation': 355}","{'id': 19562, 'rank': 25, 'fitness': 0.0986928045859698, 'generation': 355}","{'id': 19575, 'rank': 26, 'fitness': 0.07202850233473851, 'generation': 355}","{'id': 19581, 'rank': 27, 'fitness': 0.061317945129669815, 'generation': 355}","{'id': 19589, 'rank': 28, 'fitness': 0.03022273497428668, 'generation': 355}","{'id': 19616, 'rank': 29, 'fitness': 0.02819023746766358, 'generation': 355}","{'id': 19607, 'rank': 30, 'fitness': 0.01798620996209155, 'generation': 355}"
"{'id': 19283, 'rank': 1, 'fitness': 0.9820137900379085, 'generation': 356}","{'id': 19635, 'rank': 2, 'fitness': 0.95278620977355, 'generation': 356}","{'id': 19638, 'rank': 3, 'fitness': 0.9492511392482882, 'generation': 356}","{'id': 19617, 'rank': 4, 'fitness': 0.9390231948482008, 'generation': 356}","{'id': 19617, 'rank': 5, 'fitness': 0.9390231948482008, 'generation': 356}","{'id': 19617, 'rank': 6, 'fitness': 0.9390231948482008, 'generation': 356}","{'id': 19542, 'rank': 7, 'fitness': 0.8789809795647496, 'generation': 356}","{'id': 19542, 'rank': 8, 'fitness': 0.8789809795647496, 'generation': 356}","{'id': 19540, 'rank': 9, 'fitness': 0.8771565779475996, 'generation': 356}","{'id': 19540, 'rank': 10, 'fitness': 0.8771565779475996, 'generation': 356}","{'id': 19636, 'rank': 11, 'fitness': 0.8634206936438743, 'generation': 356}","{'id': 19637, 'rank': 12, 'fitness': 0.8539668387946857, 'generation': 356}","{'id': 19461, 'rank': 13, 'fitness': 0.7723049788790974, 'generation': 356}","{'id': 19634, 'rank': 14, 'fitness': 0.609547416368124, 'generation': 356}","{'id': 19634, 'rank': 15, 'fitness': 0.609547416368124, 'generation': 356}","{'id': 19591, 'rank': 16, 'fitness': 0.5866820122300902, 'generation': 356}","{'id': 19591, 'rank': 17, 'fitness': 0.5866820122300902, 'generation': 356}","{'id': 19591, 'rank': 18, 'fitness': 0.5866820122300902, 'generation': 356}","{'id': 19675, 'rank': 19, 'fitness': 0.5160587769318133, 'generation': 356}","{'id': 19632, 'rank': 20, 'fitness': 0.44337588004640444, 'generation': 356}","{'id': 19606, 'rank': 21, 'fitness': 0.42122018658849675, 'generation': 356}","{'id': 19619, 'rank': 22, 'fitness': 0.367675584897993, 'generation': 356}","{'id': 19623, 'rank': 23, 'fitness': 0.21580573374573114, 'generation': 356}","{'id': 19646, 'rank': 24, 'fitness': 0.13856117601192824, 'generation': 356}","{'id': 19646, 'rank': 25, 'fitness': 0.13856117601192824, 'generation': 356}","{'id': 19658, 'rank': 26, 'fitness': 0.12226068440022925, 'generation': 356}","{'id': 19676, 'rank': 27, 'fitness': 0.0991192871161864, 'generation': 356}","{'id': 19676, 'rank': 28, 'fitness': 0.0991192871161864, 'generation': 356}","{'id': 19648, 'rank': 29, 'fitness': 0.061762580494619856, 'generation': 356}","{'id': 19685, 'rank': 30, 'fitness': 0.01798620996209155, 'generation': 356}"
"{'id': 19718, 'rank': 1, 'fitness': 0.9820137900379085, 'generation': 357}","{'id': 19711, 'rank': 2, 'fitness': 0.9685220179823546, 'generation': 357}","{'id': 19739, 'rank': 3, 'fitness': 0.927566428210218, 'generation': 357}","{'id': 19739, 'rank': 4, 'fitness': 0.927566428210218, 'generation': 357}","{'id': 19635, 'rank': 5, 'fitness': 0.9010781926985594, 'generation': 357}","{'id': 19726, 'rank': 6, 'fitness': 0.8952850018149929, 'generation': 357}","{'id': 19726, 'rank': 7, 'fitness': 0.8952850018149929, 'generation': 357}","{'id': 19726, 'rank': 8, 'fitness': 0.8952850018149929, 'generation': 357}","{'id': 19617, 'rank': 9, 'fitness': 0.8795848550473072, 'generation': 357}","{'id': 19542, 'rank': 10, 'fitness': 0.7981627333934029, 'generation': 357}","{'id': 19636, 'rank': 11, 'fitness': 0.7792841751600446, 'generation': 357}","{'id': 19637, 'rank': 12, 'fitness': 0.7681439448372669, 'generation': 357}","{'id': 19738, 'rank': 13, 'fitness': 0.748609907377387, 'generation': 357}","{'id': 19713, 'rank': 14, 'fitness': 0.6999049526814001, 'generation': 357}","{'id': 19461, 'rank': 15, 'fitness': 0.679854497731373, 'generation': 357}","{'id': 19701, 'rank': 16, 'fitness': 0.5323139254643127, 'generation': 357}","{'id': 19634, 'rank': 17, 'fitness': 0.5298395708252436, 'generation': 357}","{'id': 19634, 'rank': 18, 'fitness': 0.5298395708252436, 'generation': 357}","{'id': 19690, 'rank': 19, 'fitness': 0.2791437651360428, 'generation': 357}","{'id': 19728, 'rank': 20, 'fitness': 0.2685786422394359, 'generation': 357}","{'id': 19745, 'rank': 21, 'fitness': 0.21002012598579356, 'generation': 357}","{'id': 19717, 'rank': 22, 'fitness': 0.15057715234018554, 'generation': 357}","{'id': 19646, 'rank': 23, 'fitness': 0.1497900881700519, 'generation': 357}","{'id': 19646, 'rank': 24, 'fitness': 0.1497900881700519, 'generation': 357}","{'id': 19646, 'rank': 25, 'fitness': 0.1497900881700519, 'generation': 357}","{'id': 19646, 'rank': 26, 'fitness': 0.1497900881700519, 'generation': 357}","{'id': 19720, 'rank': 27, 'fitness': 0.04936455426543529, 'generation': 357}","{'id': 19685, 'rank': 28, 'fitness': 0.029019235688061917, 'generation': 357}","{'id': 19731, 'rank': 29, 'fitness': 0.018715602280183485, 'generation': 357}","{'id': 19729, 'rank': 30, 'fitness': 0.01798620996209155, 'generation': 357}"
"{'id': 19718, 'rank': 1, 'fitness': 0.9820137900379085, 'generation': 358}","{'id': 19750, 'rank': 2, 'fitness': 0.9805147001249723, 'generation': 358}","{'id': 19711, 'rank': 3, 'fitness': 0.9714366566767871, 'generation': 358}","{'id': 19778, 'rank': 4, 'fitness': 0.9506987351228717, 'generation': 358}","{'id': 19784, 'rank': 5, 'fitness': 0.9375788156618476, 'generation': 358}","{'id': 19726, 'rank': 6, 'fitness': 0.9219924897413051, 'generation': 358}","{'id': 19726, 'rank': 7, 'fitness': 0.9219924897413051, 'generation': 358}","{'id': 19793, 'rank': 8, 'fitness': 0.8925940917343815, 'generation': 358}","{'id': 19751, 'rank': 9, 'fitness': 0.8896123656657753, 'generation': 358}","{'id': 19747, 'rank': 10, 'fitness': 0.869398662491726, 'generation': 358}","{'id': 19636, 'rank': 11, 'fitness': 0.8506615245074405, 'generation': 358}","{'id': 19738, 'rank': 12, 'fitness': 0.8319139975108775, 'generation': 358}","{'id': 19748, 'rank': 13, 'fitness': 0.8118051013139622, 'generation': 358}","{'id': 19461, 'rank': 14, 'fitness': 0.7892145762976974, 'generation': 358}","{'id': 19461, 'rank': 15, 'fitness': 0.7892145762976974, 'generation': 358}","{'id': 19634, 'rank': 16, 'fitness': 0.6893876470909688, 'generation': 358}","{'id': 19634, 'rank': 17, 'fitness': 0.6893876470909688, 'generation': 358}","{'id': 19794, 'rank': 18, 'fitness': 0.6476691968699063, 'generation': 358}","{'id': 19794, 'rank': 19, 'fitness': 0.6476691968699063, 'generation': 358}","{'id': 19769, 'rank': 20, 'fitness': 0.5461918865297974, 'generation': 358}","{'id': 19792, 'rank': 21, 'fitness': 0.5192266548930881, 'generation': 358}","{'id': 19792, 'rank': 22, 'fitness': 0.5192266548930881, 'generation': 358}","{'id': 19787, 'rank': 23, 'fitness': 0.5009471045676078, 'generation': 358}","{'id': 19800, 'rank': 24, 'fitness': 0.4056162151648522, 'generation': 358}","{'id': 19646, 'rank': 25, 'fitness': 0.32423638977917324, 'generation': 358}","{'id': 19771, 'rank': 26, 'fitness': 0.21772903779250857, 'generation': 358}","{'id': 19782, 'rank': 27, 'fitness': 0.12428410792771316, 'generation': 358}","{'id': 19757, 'rank': 28, 'fitness': 0.04276326189875346, 'generation': 358}","{'id': 19760, 'rank': 29, 'fitness': 0.031276240676188505, 'generation': 358}","{'id': 19797, 'rank': 30, 'fitness': 0.01798620996209155, 'generation': 358}"
"{'id': 19718, 'rank': 1, 'fitness': 0.9820137900379085, 'generation': 359}","{'id': 19718, 'rank': 2, 'fitness': 0.9820137900379085, 'generation': 359}","{'id': 19805, 'rank': 3, 'fitness': 0.9796692874098442, 'generation': 359}","{'id': 19711, 'rank': 4, 'fitness': 0.9661173443799114, 'generation': 359}","{'id': 19711, 'rank': 5, 'fitness': 0.9661173443799114, 'generation': 359}","{'id': 19847, 'rank': 6, 'fitness': 0.9328351418808394, 'generation': 359}","{'id': 19784, 'rank': 7, 'fitness': 0.9028051412321311, 'generation': 359}","{'id': 19784, 'rank': 8, 'fitness': 0.9028051412321311, 'generation': 359}","{'id': 19793, 'rank': 9, 'fitness': 0.8047891328659964, 'generation': 359}","{'id': 19636, 'rank': 10, 'fitness': 0.7105638402174266, 'generation': 359}","{'id': 19636, 'rank': 11, 'fitness': 0.7105638402174266, 'generation': 359}","{'id': 19461, 'rank': 12, 'fitness': 0.5798767823467915, 'generation': 359}","{'id': 19634, 'rank': 13, 'fitness': 0.4024158610947602, 'generation': 359}","{'id': 19848, 'rank': 14, 'fitness': 0.2842547340432118, 'generation': 359}","{'id': 19832, 'rank': 15, 'fitness': 0.2329949247954315, 'generation': 359}","{'id': 19832, 'rank': 16, 'fitness': 0.2329949247954315, 'generation': 359}","{'id': 19792, 'rank': 17, 'fitness': 0.2003738147122518, 'generation': 359}","{'id': 19835, 'rank': 18, 'fitness': 0.19741520602496937, 'generation': 359}","{'id': 19810, 'rank': 19, 'fitness': 0.12005661207597329, 'generation': 359}","{'id': 19812, 'rank': 20, 'fitness': 0.08878494441034301, 'generation': 359}","{'id': 19850, 'rank': 21, 'fitness': 0.06153670115236759, 'generation': 359}","{'id': 19824, 'rank': 22, 'fitness': 0.04680988148007337, 'generation': 359}","{'id': 19849, 'rank': 23, 'fitness': 0.03348987678264881, 'generation': 359}","{'id': 19817, 'rank': 24, 'fitness': 0.02719036450758039, 'generation': 359}","{'id': 19817, 'rank': 25, 'fitness': 0.02719036450758039, 'generation': 359}","{'id': 19815, 'rank': 26, 'fitness': 0.0261793247337761, 'generation': 359}","{'id': 19838, 'rank': 27, 'fitness': 0.025355056408032872, 'generation': 359}","{'id': 19829, 'rank': 28, 'fitness': 0.021310725143212972, 'generation': 359}","{'id': 19820, 'rank': 29, 'fitness': 0.020267630037178963, 'generation': 359}","{'id': 19860, 'rank': 30, 'fitness': 0.01798620996209155, 'generation': 359}"
"{'id': 19865, 'rank': 1, 'fitness': 0.9820137900379085, 'generation': 360}","{'id': 19718, 'rank': 2, 'fitness': 0.9797670347273286, 'generation': 360}","{'id': 19866, 'rank': 3, 'fitness': 0.9734274020179202, 'generation': 360}","{'id': 19866, 'rank': 4, 'fitness': 0.9734274020179202, 'generation': 360}","{'id': 19711, 'rank': 5, 'fitness': 0.9698141320309206, 'generation': 360}","{'id': 19847, 'rank': 6, 'fitness': 0.9532671997341997, 'generation': 360}","{'id': 19847, 'rank': 7, 'fitness': 0.9532671997341997, 'generation': 360}","{'id': 19876, 'rank': 8, 'fitness': 0.9416750212021748, 'generation': 360}","{'id': 19876, 'rank': 9, 'fitness': 0.9416750212021748, 'generation': 360}","{'id': 19885, 'rank': 10, 'fitness': 0.9410778135768167, 'generation': 360}","{'id': 19784, 'rank': 11, 'fitness': 0.94055284716465, 'generation': 360}","{'id': 19793, 'rank': 12, 'fitness': 0.9045100993414683, 'generation': 360}","{'id': 19882, 'rank': 13, 'fitness': 0.8872177648118831, 'generation': 360}","{'id': 19636, 'rank': 14, 'fitness': 0.8722486603415853, 'generation': 360}","{'id': 19867, 'rank': 15, 'fitness': 0.8573915237951454, 'generation': 360}","{'id': 19867, 'rank': 16, 'fitness': 0.8573915237951454, 'generation': 360}","{'id': 19461, 'rank': 17, 'fitness': 0.8259659263122962, 'generation': 360}","{'id': 19889, 'rank': 18, 'fitness': 0.6272201576324226, 'generation': 360}","{'id': 19889, 'rank': 19, 'fitness': 0.6272201576324226, 'generation': 360}","{'id': 19902, 'rank': 20, 'fitness': 0.6271933611820955, 'generation': 360}","{'id': 19870, 'rank': 21, 'fitness': 0.5434518482084225, 'generation': 360}","{'id': 19900, 'rank': 22, 'fitness': 0.4356024819559947, 'generation': 360}","{'id': 19838, 'rank': 23, 'fitness': 0.2787156930455998, 'generation': 360}","{'id': 19860, 'rank': 24, 'fitness': 0.23641102108032552, 'generation': 360}","{'id': 19896, 'rank': 25, 'fitness': 0.2313516118291249, 'generation': 360}","{'id': 19869, 'rank': 26, 'fitness': 0.1867975998242895, 'generation': 360}","{'id': 19879, 'rank': 27, 'fitness': 0.17872987686534553, 'generation': 360}","{'id': 19888, 'rank': 28, 'fitness': 0.14936316450701592, 'generation': 360}","{'id': 19901, 'rank': 29, 'fitness': 0.07667287891616659, 'generation': 360}","{'id': 19895, 'rank': 30, 'fitness': 0.01798620996209155, 'generation': 360}"
"{'id': 19718, 'rank': 1, 'fitness': 0.9820137900379085, 'generation': 361}","{'id': 19718, 'rank': 2, 'fitness': 0.9820137900379085, 'generation': 361}","{'id': 19718, 'rank': 3, 'fitness': 0.9820137900379085, 'generation': 361}","{'id': 19866, 'rank': 4, 'fitness': 0.9757069612293063, 'generation': 361}","{'id': 19847, 'rank': 5, 'fitness': 0.9547305892530868, 'generation': 361}","{'id': 19876, 'rank': 6, 'fitness': 0.9422171611434887, 'generation': 361}","{'id': 19784, 'rank': 7, 'fitness': 0.9409921753555452, 'generation': 361}","{'id': 19784, 'rank': 8, 'fitness': 0.9409921753555452, 'generation': 361}","{'id': 19793, 'rank': 9, 'fitness': 0.9006834419908532, 'generation': 361}","{'id': 19931, 'rank': 10, 'fitness': 0.861050747805014, 'generation': 361}","{'id': 19931, 'rank': 11, 'fitness': 0.861050747805014, 'generation': 361}","{'id': 19867, 'rank': 12, 'fitness': 0.8461475760957943, 'generation': 361}","{'id': 19948, 'rank': 13, 'fitness': 0.8328631993762621, 'generation': 361}","{'id': 19948, 'rank': 14, 'fitness': 0.8328631993762621, 'generation': 361}","{'id': 19964, 'rank': 15, 'fitness': 0.8239143017784405, 'generation': 361}","{'id': 19964, 'rank': 16, 'fitness': 0.8239143017784405, 'generation': 361}","{'id': 19927, 'rank': 17, 'fitness': 0.8156862787253537, 'generation': 361}","{'id': 19917, 'rank': 18, 'fitness': 0.751850742832464, 'generation': 361}","{'id': 19917, 'rank': 19, 'fitness': 0.751850742832464, 'generation': 361}","{'id': 19918, 'rank': 20, 'fitness': 0.680743401477994, 'generation': 361}","{'id': 19947, 'rank': 21, 'fitness': 0.6057154378875192, 'generation': 361}","{'id': 19902, 'rank': 22, 'fitness': 0.575287412363191, 'generation': 361}","{'id': 19870, 'rank': 23, 'fitness': 0.48071866977673594, 'generation': 361}","{'id': 19920, 'rank': 24, 'fitness': 0.34449217487789063, 'generation': 361}","{'id': 19957, 'rank': 25, 'fitness': 0.27797753730597063, 'generation': 361}","{'id': 19969, 'rank': 26, 'fitness': 0.27194527342167746, 'generation': 361}","{'id': 19969, 'rank': 27, 'fitness': 0.27194527342167746, 'generation': 361}","{'id': 19924, 'rank': 28, 'fitness': 0.22641556932512513, 'generation': 361}","{'id': 19953, 'rank': 29, 'fitness': 0.055795868035765694, 'generation': 361}","{'id': 19951, 'rank': 30, 'fitness': 0.01798620996209155, 'generation': 361}"
"{'id': 19866, 'rank': 1, 'fitness': 0.9820137900379085, 'generation': 362}","{'id': 19866, 'rank': 2, 'fitness': 0.9820137900379085, 'generation': 362}","{'id': 19866, 'rank': 3, 'fitness': 0.9820137900379085, 'generation': 362}","{'id': 19876, 'rank': 4, 'fitness': 0.9405432221984631, 'generation': 362}","{'id': 19784, 'rank': 5, 'fitness': 0.938807781019718, 'generation': 362}","{'id': 19784, 'rank': 6, 'fitness': 0.938807781019718, 'generation': 362}","{'id': 19793, 'rank': 7, 'fitness': 0.8759831772946136, 'generation': 362}","{'id': 19970, 'rank': 8, 'fitness': 0.821793304588334, 'generation': 362}","{'id': 19948, 'rank': 9, 'fitness': 0.7562164814958168, 'generation': 362}","{'id': 19948, 'rank': 10, 'fitness': 0.7562164814958168, 'generation': 362}","{'id': 19964, 'rank': 11, 'fitness': 0.7399141886154862, 'generation': 362}","{'id': 19964, 'rank': 12, 'fitness': 0.7399141886154862, 'generation': 362}","{'id': 19927, 'rank': 13, 'fitness': 0.7249140419857584, 'generation': 362}","{'id': 19973, 'rank': 14, 'fitness': 0.7175421333364265, 'generation': 362}","{'id': 19918, 'rank': 15, 'fitness': 0.4913730150524874, 'generation': 362}","{'id': 20013, 'rank': 16, 'fitness': 0.45304947484239444, 'generation': 362}","{'id': 19947, 'rank': 17, 'fitness': 0.38105691434464367, 'generation': 362}","{'id': 20015, 'rank': 18, 'fitness': 0.3489692941049116, 'generation': 362}","{'id': 20000, 'rank': 19, 'fitness': 0.18715381030308953, 'generation': 362}","{'id': 20041, 'rank': 20, 'fitness': 0.17117206949613084, 'generation': 362}","{'id': 19993, 'rank': 21, 'fitness': 0.1707163197642148, 'generation': 362}","{'id': 19976, 'rank': 22, 'fitness': 0.13627428330869223, 'generation': 362}","{'id': 20002, 'rank': 23, 'fitness': 0.10477119351307213, 'generation': 362}","{'id': 19972, 'rank': 24, 'fitness': 0.09054702205136222, 'generation': 362}","{'id': 19957, 'rank': 25, 'fitness': 0.08418242377682195, 'generation': 362}","{'id': 19996, 'rank': 26, 'fitness': 0.0726809259545858, 'generation': 362}","{'id': 19924, 'rank': 27, 'fitness': 0.059324357519193294, 'generation': 362}","{'id': 19981, 'rank': 28, 'fitness': 0.04095365643186899, 'generation': 362}","{'id': 19997, 'rank': 29, 'fitness': 0.03682407953423078, 'generation': 362}","{'id': 20003, 'rank': 30, 'fitness': 0.01798620996209155, 'generation': 362}"
"{'id': 19866, 'rank': 1, 'fitness': 0.9820137900379085, 'generation': 363}","{'id': 19866, 'rank': 2, 'fitness': 0.9820137900379085, 'generation': 363}","{'id': 19866, 'rank': 3, 'fitness': 0.9820137900379085, 'generation': 363}","{'id': 20090, 'rank': 4, 'fitness': 0.9814132221600793, 'generation': 363}","{'id': 19784, 'rank': 5, 'fitness': 0.9419797202091816, 'generation': 363}","{'id': 19784, 'rank': 6, 'fitness': 0.9419797202091816, 'generation': 363}","{'id': 19784, 'rank': 7, 'fitness': 0.9419797202091816, 'generation': 363}","{'id': 19784, 'rank': 8, 'fitness': 0.9419797202091816, 'generation': 363}","{'id': 19784, 'rank': 9, 'fitness': 0.9419797202091816, 'generation': 363}","{'id': 19784, 'rank': 10, 'fitness': 0.9419797202091816, 'generation': 363}","{'id': 20088, 'rank': 11, 'fitness': 0.8367649690889551, 'generation': 363}","{'id': 20088, 'rank': 12, 'fitness': 0.8367649690889551, 'generation': 363}","{'id': 19948, 'rank': 13, 'fitness': 0.779012918854636, 'generation': 363}","{'id': 19964, 'rank': 14, 'fitness': 0.7644542221905967, 'generation': 363}","{'id': 20103, 'rank': 15, 'fitness': 0.5809116203968488, 'generation': 363}","{'id': 20091, 'rank': 16, 'fitness': 0.513957203464524, 'generation': 363}","{'id': 20091, 'rank': 17, 'fitness': 0.513957203464524, 'generation': 363}","{'id': 19947, 'rank': 18, 'fitness': 0.4292076923846896, 'generation': 363}","{'id': 20076, 'rank': 19, 'fitness': 0.3159370690574803, 'generation': 363}","{'id': 20041, 'rank': 20, 'fitness': 0.20938099869882504, 'generation': 363}","{'id': 19993, 'rank': 21, 'fitness': 0.20887284420833996, 'generation': 363}","{'id': 20097, 'rank': 22, 'fitness': 0.19295549182384447, 'generation': 363}","{'id': 20082, 'rank': 23, 'fitness': 0.13514924534152123, 'generation': 363}","{'id': 19996, 'rank': 24, 'fitness': 0.09497611803144823, 'generation': 363}","{'id': 20096, 'rank': 25, 'fitness': 0.07260561378890384, 'generation': 363}","{'id': 20073, 'rank': 26, 'fitness': 0.0633368245074542, 'generation': 363}","{'id': 20051, 'rank': 27, 'fitness': 0.049844511999801, 'generation': 363}","{'id': 20070, 'rank': 28, 'fitness': 0.04775204188560428, 'generation': 363}","{'id': 20060, 'rank': 29, 'fitness': 0.022664677128657773, 'generation': 363}","{'id': 20052, 'rank': 30, 'fitness': 0.01798620996209155, 'generation': 363}"
"{'id': 20116, 'rank': 1, 'fitness': 0.9820137900379085, 'generation': 364}","{'id': 20110, 'rank': 2, 'fitness': 0.9710512858069569, 'generation': 364}","{'id': 20110, 'rank': 3, 'fitness': 0.9710512858069569, 'generation': 364}","{'id': 20137, 'rank': 4, 'fitness': 0.9675720227720224, 'generation': 364}","{'id': 19784, 'rank': 5, 'fitness': 0.9439504436642663, 'generation': 364}","{'id': 20145, 'rank': 6, 'fitness': 0.9190212082443477, 'generation': 364}","{'id': 20146, 'rank': 7, 'fitness': 0.9171747992440851, 'generation': 364}","{'id': 20146, 'rank': 8, 'fitness': 0.9171747992440851, 'generation': 364}","{'id': 20146, 'rank': 9, 'fitness': 0.9171747992440851, 'generation': 364}","{'id': 20146, 'rank': 10, 'fitness': 0.9171747992440851, 'generation': 364}","{'id': 20088, 'rank': 11, 'fitness': 0.8511113964542488, 'generation': 364}","{'id': 20088, 'rank': 12, 'fitness': 0.8511113964542488, 'generation': 364}","{'id': 20088, 'rank': 13, 'fitness': 0.8511113964542488, 'generation': 364}","{'id': 20136, 'rank': 14, 'fitness': 0.8349263059121391, 'generation': 364}","{'id': 20136, 'rank': 15, 'fitness': 0.8349263059121391, 'generation': 364}","{'id': 19948, 'rank': 16, 'fitness': 0.8009771931293004, 'generation': 364}","{'id': 20149, 'rank': 17, 'fitness': 0.752315337642631, 'generation': 364}","{'id': 20091, 'rank': 18, 'fitness': 0.5655934725163332, 'generation': 364}","{'id': 19993, 'rank': 19, 'fitness': 0.26180568573143576, 'generation': 364}","{'id': 20140, 'rank': 20, 'fitness': 0.18000689240541967, 'generation': 364}","{'id': 20082, 'rank': 21, 'fitness': 0.17826637693894054, 'generation': 364}","{'id': 20107, 'rank': 22, 'fitness': 0.1281716711696934, 'generation': 364}","{'id': 20143, 'rank': 23, 'fitness': 0.10326974321339599, 'generation': 364}","{'id': 20143, 'rank': 24, 'fitness': 0.10326974321339599, 'generation': 364}","{'id': 20073, 'rank': 25, 'fitness': 0.0900316520338098, 'generation': 364}","{'id': 20151, 'rank': 26, 'fitness': 0.07040298822191171, 'generation': 364}","{'id': 20151, 'rank': 27, 'fitness': 0.07040298822191171, 'generation': 364}","{'id': 20109, 'rank': 28, 'fitness': 0.04557565723503526, 'generation': 364}","{'id': 20060, 'rank': 29, 'fitness': 0.03501770898838108, 'generation': 364}","{'id': 20111, 'rank': 30, 'fitness': 0.01798620996209155, 'generation': 364}"
"{'id': 20177, 'rank': 1, 'fitness': 0.9820137900379085, 'generation': 365}","{'id': 20202, 'rank': 2, 'fitness': 0.9647388395348936, 'generation': 365}","{'id': 20110, 'rank': 3, 'fitness': 0.9548555933101237, 'generation': 365}","{'id': 20110, 'rank': 4, 'fitness': 0.9548555933101237, 'generation': 365}","{'id': 20204, 'rank': 5, 'fitness': 0.9366899562482043, 'generation': 365}","{'id': 20204, 'rank': 6, 'fitness': 0.9366899562482043, 'generation': 365}","{'id': 20145, 'rank': 7, 'fitness': 0.8723674142950018, 'generation': 365}","{'id': 20146, 'rank': 8, 'fitness': 0.8694901786854583, 'generation': 365}","{'id': 20146, 'rank': 9, 'fitness': 0.8694901786854583, 'generation': 365}","{'id': 20146, 'rank': 10, 'fitness': 0.8694901786854583, 'generation': 365}","{'id': 20146, 'rank': 11, 'fitness': 0.8694901786854583, 'generation': 365}","{'id': 20088, 'rank': 12, 'fitness': 0.7698081018755261, 'generation': 365}","{'id': 20088, 'rank': 13, 'fitness': 0.7698081018755261, 'generation': 365}","{'id': 20088, 'rank': 14, 'fitness': 0.7698081018755261, 'generation': 365}","{'id': 20217, 'rank': 15, 'fitness': 0.4683749490472745, 'generation': 365}","{'id': 20212, 'rank': 16, 'fitness': 0.3987320369975503, 'generation': 365}","{'id': 20187, 'rank': 17, 'fitness': 0.17841392572628267, 'generation': 365}","{'id': 20195, 'rank': 18, 'fitness': 0.117822258208641, 'generation': 365}","{'id': 20140, 'rank': 19, 'fitness': 0.10060711896858399, 'generation': 365}","{'id': 20188, 'rank': 20, 'fitness': 0.08465840742249031, 'generation': 365}","{'id': 20188, 'rank': 21, 'fitness': 0.08465840742249031, 'generation': 365}","{'id': 20107, 'rank': 22, 'fitness': 0.06859968241259412, 'generation': 365}","{'id': 20107, 'rank': 23, 'fitness': 0.06859968241259412, 'generation': 365}","{'id': 20107, 'rank': 24, 'fitness': 0.06859968241259412, 'generation': 365}","{'id': 20171, 'rank': 25, 'fitness': 0.06498281385771254, 'generation': 365}","{'id': 20197, 'rank': 26, 'fitness': 0.04494274296157885, 'generation': 365}","{'id': 20184, 'rank': 27, 'fitness': 0.0422929635466725, 'generation': 365}","{'id': 20207, 'rank': 28, 'fitness': 0.030749136613063444, 'generation': 365}","{'id': 20192, 'rank': 29, 'fitness': 0.01960838182379121, 'generation': 365}","{'id': 20182, 'rank': 30, 'fitness': 0.01798620996209155, 'generation': 365}"
"{'id': 20244, 'rank': 1, 'fitness': 0.9820137900379085, 'generation': 366}","{'id': 20244, 'rank': 2, 'fitness': 0.9820137900379085, 'generation': 366}","{'id': 20258, 'rank': 3, 'fitness': 0.9790204737606153, 'generation': 366}","{'id': 20202, 'rank': 4, 'fitness': 0.9782283265087234, 'generation': 366}","{'id': 20237, 'rank': 5, 'fitness': 0.9747204590589007, 'generation': 366}","{'id': 20110, 'rank': 6, 'fitness': 0.9722714891488651, 'generation': 366}","{'id': 20110, 'rank': 7, 'fitness': 0.9722714891488651, 'generation': 366}","{'id': 20204, 'rank': 8, 'fitness': 0.9613157966067077, 'generation': 366}","{'id': 20263, 'rank': 9, 'fitness': 0.9495984908279262, 'generation': 366}","{'id': 20220, 'rank': 10, 'fitness': 0.947539509980655, 'generation': 366}","{'id': 20146, 'rank': 11, 'fitness': 0.9201384291991114, 'generation': 366}","{'id': 20146, 'rank': 12, 'fitness': 0.9201384291991114, 'generation': 366}","{'id': 20248, 'rank': 13, 'fitness': 0.9106625571814628, 'generation': 366}","{'id': 20259, 'rank': 14, 'fitness': 0.8988449979358626, 'generation': 366}","{'id': 20088, 'rank': 15, 'fitness': 0.8557252606840675, 'generation': 366}","{'id': 20212, 'rank': 16, 'fitness': 0.5551451488492017, 'generation': 366}","{'id': 20212, 'rank': 17, 'fitness': 0.5551451488492017, 'generation': 366}","{'id': 20264, 'rank': 18, 'fitness': 0.40889508085332976, 'generation': 366}","{'id': 20227, 'rank': 19, 'fitness': 0.3227562657599108, 'generation': 366}","{'id': 20187, 'rank': 20, 'fitness': 0.2985882405546033, 'generation': 366}","{'id': 20219, 'rank': 21, 'fitness': 0.2633729422403688, 'generation': 366}","{'id': 20195, 'rank': 22, 'fitness': 0.21043240035977667, 'generation': 366}","{'id': 20266, 'rank': 23, 'fitness': 0.1404420753381599, 'generation': 366}","{'id': 20171, 'rank': 24, 'fitness': 0.12437534412504175, 'generation': 366}","{'id': 20238, 'rank': 25, 'fitness': 0.10378218501909153, 'generation': 366}","{'id': 20197, 'rank': 26, 'fitness': 0.08888719363824504, 'generation': 366}","{'id': 20184, 'rank': 27, 'fitness': 0.0840529335809248, 'generation': 366}","{'id': 20260, 'rank': 28, 'fitness': 0.07701827544892109, 'generation': 366}","{'id': 20182, 'rank': 29, 'fitness': 0.03781965817285615, 'generation': 366}","{'id': 20233, 'rank': 30, 'fitness': 0.01798620996209155, 'generation': 366}"
"{'id': 20306, 'rank': 1, 'fitness': 0.9820137900379085, 'generation': 367}","{'id': 20283, 'rank': 2, 'fitness': 0.9767027609088088, 'generation': 367}","{'id': 20244, 'rank': 3, 'fitness': 0.9747781330237204, 'generation': 367}","{'id': 20202, 'rank': 4, 'fitness': 0.9695685756676271, 'generation': 367}","{'id': 20110, 'rank': 5, 'fitness': 0.9614184132553467, 'generation': 367}","{'id': 20110, 'rank': 6, 'fitness': 0.9614184132553467, 'generation': 367}","{'id': 20263, 'rank': 7, 'fitness': 0.9308639278778779, 'generation': 367}","{'id': 20220, 'rank': 8, 'fitness': 0.9281227595419383, 'generation': 367}","{'id': 20314, 'rank': 9, 'fitness': 0.8880093580723767, 'generation': 367}","{'id': 20248, 'rank': 10, 'fitness': 0.8798770240940443, 'generation': 367}","{'id': 20297, 'rank': 11, 'fitness': 0.6303658084731719, 'generation': 367}","{'id': 20280, 'rank': 12, 'fitness': 0.5682491099274498, 'generation': 367}","{'id': 20301, 'rank': 13, 'fitness': 0.5525554916300435, 'generation': 367}","{'id': 20264, 'rank': 14, 'fitness': 0.3373894325803386, 'generation': 367}","{'id': 20264, 'rank': 15, 'fitness': 0.3373894325803386, 'generation': 367}","{'id': 20324, 'rank': 16, 'fitness': 0.27162495947946186, 'generation': 367}","{'id': 20227, 'rank': 17, 'fitness': 0.2603375895933011, 'generation': 367}","{'id': 20227, 'rank': 18, 'fitness': 0.2603375895933011, 'generation': 367}","{'id': 20276, 'rank': 19, 'fitness': 0.22662692249461047, 'generation': 367}","{'id': 20276, 'rank': 20, 'fitness': 0.22662692249461047, 'generation': 367}","{'id': 20195, 'rank': 21, 'fitness': 0.16517704293676616, 'generation': 367}","{'id': 20171, 'rank': 22, 'fitness': 0.09587835337956974, 'generation': 367}","{'id': 20319, 'rank': 23, 'fitness': 0.09230512427008597, 'generation': 367}","{'id': 20307, 'rank': 24, 'fitness': 0.07005007510462746, 'generation': 367}","{'id': 20184, 'rank': 25, 'fitness': 0.06435310152765439, 'generation': 367}","{'id': 20311, 'rank': 26, 'fitness': 0.05573213145989592, 'generation': 367}","{'id': 20323, 'rank': 27, 'fitness': 0.04044804655864892, 'generation': 367}","{'id': 20310, 'rank': 28, 'fitness': 0.02211207629746842, 'generation': 367}","{'id': 20317, 'rank': 29, 'fitness': 0.01953606384851747, 'generation': 367}","{'id': 20299, 'rank': 30, 'fitness': 0.01798620996209155, 'generation': 367}"
"{'id': 20325, 'rank': 1, 'fitness': 0.9820137900379085, 'generation': 368}","{'id': 20306, 'rank': 2, 'fitness': 0.9709505288466718, 'generation': 368}","{'id': 20202, 'rank': 3, 'fitness': 0.952910187878808, 'generation': 368}","{'id': 20110, 'rank': 4, 'fitness': 0.9415039185134577, 'generation': 368}","{'id': 20110, 'rank': 5, 'fitness': 0.9415039185134577, 'generation': 368}","{'id': 20263, 'rank': 6, 'fitness': 0.9006971554266652, 'generation': 368}","{'id': 20377, 'rank': 7, 'fitness': 0.8982530056584574, 'generation': 368}","{'id': 20314, 'rank': 8, 'fitness': 0.8470583275711099, 'generation': 368}","{'id': 20336, 'rank': 9, 'fitness': 0.7853138545664398, 'generation': 368}","{'id': 20343, 'rank': 10, 'fitness': 0.6806165753170355, 'generation': 368}","{'id': 20367, 'rank': 11, 'fitness': 0.6684984957396729, 'generation': 368}","{'id': 20347, 'rank': 12, 'fitness': 0.6536618145327376, 'generation': 368}","{'id': 20280, 'rank': 13, 'fitness': 0.5096483585380323, 'generation': 368}","{'id': 20344, 'rank': 14, 'fitness': 0.48859988485529876, 'generation': 368}","{'id': 20375, 'rank': 15, 'fitness': 0.4269699039750112, 'generation': 368}","{'id': 20264, 'rank': 16, 'fitness': 0.30023981689685586, 'generation': 368}","{'id': 20353, 'rank': 17, 'fitness': 0.2870973592079581, 'generation': 368}","{'id': 20361, 'rank': 18, 'fitness': 0.1719995286971871, 'generation': 368}","{'id': 20361, 'rank': 19, 'fitness': 0.1719995286971871, 'generation': 368}","{'id': 20195, 'rank': 20, 'fitness': 0.15099692981248958, 'generation': 368}","{'id': 20195, 'rank': 21, 'fitness': 0.15099692981248958, 'generation': 368}","{'id': 20341, 'rank': 22, 'fitness': 0.1295297549277727, 'generation': 368}","{'id': 20372, 'rank': 23, 'fitness': 0.09068700690593612, 'generation': 368}","{'id': 20319, 'rank': 24, 'fitness': 0.08731105941728184, 'generation': 368}","{'id': 20339, 'rank': 25, 'fitness': 0.0782325635289734, 'generation': 368}","{'id': 20380, 'rank': 26, 'fitness': 0.06313713401755366, 'generation': 368}","{'id': 20356, 'rank': 27, 'fitness': 0.05369844736998719, 'generation': 368}","{'id': 20356, 'rank': 28, 'fitness': 0.05369844736998719, 'generation': 368}","{'id': 20373, 'rank': 29, 'fitness': 0.04639962616911414, 'generation': 368}","{'id': 20349, 'rank': 30, 'fitness': 0.01798620996209155, 'generation': 368}"
"{'id': 20377, 'rank': 1, 'fitness': 0.9820137900379085, 'generation': 369}","{'id': 20428, 'rank': 2, 'fitness': 0.9688197126982194, 'generation': 369}","{'id': 20336, 'rank': 3, 'fitness': 0.9535322288501686, 'generation': 369}","{'id': 20343, 'rank': 4, 'fitness': 0.9184376048542187, 'generation': 369}","{'id': 20367, 'rank': 5, 'fitness': 0.9137249936916052, 'generation': 369}","{'id': 20347, 'rank': 6, 'fitness': 0.9077470237349347, 'generation': 369}","{'id': 20422, 'rank': 7, 'fitness': 0.8090151664912946, 'generation': 369}","{'id': 20406, 'rank': 8, 'fitness': 0.7430837562474113, 'generation': 369}","{'id': 20406, 'rank': 9, 'fitness': 0.7430837562474113, 'generation': 369}","{'id': 20384, 'rank': 10, 'fitness': 0.6557801220285552, 'generation': 369}","{'id': 20404, 'rank': 11, 'fitness': 0.6434964850702812, 'generation': 369}","{'id': 20353, 'rank': 12, 'fitness': 0.6389341799963102, 'generation': 369}","{'id': 20361, 'rank': 13, 'fitness': 0.4589580425416641, 'generation': 369}","{'id': 20195, 'rank': 14, 'fitness': 0.41653635662075644, 'generation': 369}","{'id': 20437, 'rank': 15, 'fitness': 0.38178453319970435, 'generation': 369}","{'id': 20389, 'rank': 16, 'fitness': 0.3643090622770387, 'generation': 369}","{'id': 20418, 'rank': 17, 'fitness': 0.3155030374772373, 'generation': 369}","{'id': 20403, 'rank': 18, 'fitness': 0.30809251029321627, 'generation': 369}","{'id': 20403, 'rank': 19, 'fitness': 0.30809251029321627, 'generation': 369}","{'id': 20372, 'rank': 20, 'fitness': 0.2729880301501165, 'generation': 369}","{'id': 20441, 'rank': 21, 'fitness': 0.26897777737342776, 'generation': 369}","{'id': 20319, 'rank': 22, 'fitness': 0.2639055046764317, 'generation': 369}","{'id': 20402, 'rank': 23, 'fitness': 0.24218167006160668, 'generation': 369}","{'id': 20387, 'rank': 24, 'fitness': 0.22637867279463553, 'generation': 369}","{'id': 20399, 'rank': 25, 'fitness': 0.20108971333132175, 'generation': 369}","{'id': 20399, 'rank': 26, 'fitness': 0.20108971333132175, 'generation': 369}","{'id': 20432, 'rank': 27, 'fitness': 0.1696611484182849, 'generation': 369}","{'id': 20397, 'rank': 28, 'fitness': 0.15150217929430937, 'generation': 369}","{'id': 20395, 'rank': 29, 'fitness': 0.01798620996209155, 'generation': 369}","{'id': 20395, 'rank': 30, 'fitness': 0.01798620996209155, 'generation': 369}"
"{'id': 20487, 'rank': 1, 'fitness': 0.9820137900379085, 'generation': 370}","{'id': 20487, 'rank': 2, 'fitness': 0.9820137900379085, 'generation': 370}","{'id': 20487, 'rank': 3, 'fitness': 0.9820137900379085, 'generation': 370}","{'id': 20495, 'rank': 4, 'fitness': 0.9698024024756925, 'generation': 370}","{'id': 20377, 'rank': 5, 'fitness': 0.956550942991679, 'generation': 370}","{'id': 20336, 'rank': 6, 'fitness': 0.867506221360383, 'generation': 370}","{'id': 20488, 'rank': 7, 'fitness': 0.8571877092231835, 'generation': 370}","{'id': 20447, 'rank': 8, 'fitness': 0.8214807059860822, 'generation': 370}","{'id': 20459, 'rank': 9, 'fitness': 0.7855126344786498, 'generation': 370}","{'id': 20343, 'rank': 10, 'fitness': 0.756840668625041, 'generation': 370}","{'id': 20448, 'rank': 11, 'fitness': 0.7240869857786356, 'generation': 370}","{'id': 20448, 'rank': 12, 'fitness': 0.7240869857786356, 'generation': 370}","{'id': 20450, 'rank': 13, 'fitness': 0.6947124981974644, 'generation': 370}","{'id': 20480, 'rank': 14, 'fitness': 0.6585312195683112, 'generation': 370}","{'id': 20384, 'rank': 15, 'fitness': 0.25610431545857754, 'generation': 370}","{'id': 20384, 'rank': 16, 'fitness': 0.25610431545857754, 'generation': 370}","{'id': 20492, 'rank': 17, 'fitness': 0.14667601666550067, 'generation': 370}","{'id': 20479, 'rank': 18, 'fitness': 0.1452768713077729, 'generation': 370}","{'id': 20195, 'rank': 19, 'fitness': 0.09257000439069496, 'generation': 370}","{'id': 20195, 'rank': 20, 'fitness': 0.09257000439069496, 'generation': 370}","{'id': 20195, 'rank': 21, 'fitness': 0.09257000439069496, 'generation': 370}","{'id': 20195, 'rank': 22, 'fitness': 0.09257000439069496, 'generation': 370}","{'id': 20437, 'rank': 23, 'fitness': 0.07854371014227035, 'generation': 370}","{'id': 20481, 'rank': 24, 'fitness': 0.06737603435475936, 'generation': 370}","{'id': 20418, 'rank': 25, 'fitness': 0.05599822384285036, 'generation': 370}","{'id': 20455, 'rank': 26, 'fitness': 0.050738190438372854, 'generation': 370}","{'id': 20319, 'rank': 27, 'fitness': 0.04164018914143752, 'generation': 370}","{'id': 20490, 'rank': 28, 'fitness': 0.04031986741263294, 'generation': 370}","{'id': 20387, 'rank': 29, 'fitness': 0.032677496923893545, 'generation': 370}","{'id': 20397, 'rank': 30, 'fitness': 0.01798620996209155, 'generation': 370}"
"{'id': 20528, 'rank': 1, 'fitness': 0.9820137900379085, 'generation': 371}","{'id': 20543, 'rank': 2, 'fitness': 0.9547001063860758, 'generation': 371}","{'id': 20487, 'rank': 3, 'fitness': 0.9536813164114393, 'generation': 371}","{'id': 20487, 'rank': 4, 'fitness': 0.9536813164114393, 'generation': 371}","{'id': 20501, 'rank': 5, 'fitness': 0.840921696595248, 'generation': 371}","{'id': 20336, 'rank': 6, 'fitness': 0.7058317625456202, 'generation': 371}","{'id': 20541, 'rank': 7, 'fitness': 0.5615874650168193, 'generation': 371}","{'id': 20343, 'rank': 8, 'fitness': 0.5303451131269301, 'generation': 371}","{'id': 20448, 'rank': 9, 'fitness': 0.487156703229543, 'generation': 371}","{'id': 20448, 'rank': 10, 'fitness': 0.487156703229543, 'generation': 371}","{'id': 20448, 'rank': 11, 'fitness': 0.487156703229543, 'generation': 371}","{'id': 20450, 'rank': 12, 'fitness': 0.45118300199672245, 'generation': 371}","{'id': 20480, 'rank': 13, 'fitness': 0.4100846036772563, 'generation': 371}","{'id': 20538, 'rank': 14, 'fitness': 0.17466643725140846, 'generation': 371}","{'id': 20538, 'rank': 15, 'fitness': 0.17466643725140846, 'generation': 371}","{'id': 20384, 'rank': 16, 'fitness': 0.10813253160147251, 'generation': 371}","{'id': 20384, 'rank': 17, 'fitness': 0.10813253160147251, 'generation': 371}","{'id': 20534, 'rank': 18, 'fitness': 0.0960567776350082, 'generation': 371}","{'id': 20535, 'rank': 19, 'fitness': 0.05960788753032459, 'generation': 371}","{'id': 20479, 'rank': 20, 'fitness': 0.05597152177843584, 'generation': 371}","{'id': 20479, 'rank': 21, 'fitness': 0.05597152177843584, 'generation': 371}","{'id': 20540, 'rank': 22, 'fitness': 0.04804561751929931, 'generation': 371}","{'id': 20524, 'rank': 23, 'fitness': 0.047071386868757226, 'generation': 371}","{'id': 20195, 'rank': 24, 'fitness': 0.034134248254942046, 'generation': 371}","{'id': 20195, 'rank': 25, 'fitness': 0.034134248254942046, 'generation': 371}","{'id': 20195, 'rank': 26, 'fitness': 0.034134248254942046, 'generation': 371}","{'id': 20195, 'rank': 27, 'fitness': 0.034134248254942046, 'generation': 371}","{'id': 20532, 'rank': 28, 'fitness': 0.024378930850608493, 'generation': 371}","{'id': 20481, 'rank': 29, 'fitness': 0.024305529264224468, 'generation': 371}","{'id': 20506, 'rank': 30, 'fitness': 0.01798620996209155, 'generation': 371}"
"{'id': 20554, 'rank': 1, 'fitness': 0.9820137900379085, 'generation': 372}","{'id': 20543, 'rank': 2, 'fitness': 0.876203933972622, 'generation': 372}","{'id': 20487, 'rank': 3, 'fitness': 0.8747345065209614, 'generation': 372}","{'id': 20584, 'rank': 4, 'fitness': 0.8531671678752799, 'generation': 372}","{'id': 20559, 'rank': 5, 'fitness': 0.8293218685227555, 'generation': 372}","{'id': 20561, 'rank': 6, 'fitness': 0.8183904314328392, 'generation': 372}","{'id': 20575, 'rank': 7, 'fitness': 0.8094592318451013, 'generation': 372}","{'id': 20566, 'rank': 8, 'fitness': 0.7605784759317495, 'generation': 372}","{'id': 20567, 'rank': 9, 'fitness': 0.7570054309995995, 'generation': 372}","{'id': 20567, 'rank': 10, 'fitness': 0.7570054309995995, 'generation': 372}","{'id': 20576, 'rank': 11, 'fitness': 0.7163099676024574, 'generation': 372}","{'id': 20587, 'rank': 12, 'fitness': 0.6868244601740423, 'generation': 372}","{'id': 20336, 'rank': 13, 'fitness': 0.6682951467231836, 'generation': 372}","{'id': 20336, 'rank': 14, 'fitness': 0.6682951467231836, 'generation': 372}","{'id': 20541, 'rank': 15, 'fitness': 0.5835974567213462, 'generation': 372}","{'id': 20343, 'rank': 16, 'fitness': 0.5657799278544935, 'generation': 372}","{'id': 20343, 'rank': 17, 'fitness': 0.5657799278544935, 'generation': 372}","{'id': 20448, 'rank': 18, 'fitness': 0.5410733720295997, 'generation': 372}","{'id': 20448, 'rank': 19, 'fitness': 0.5410733720295997, 'generation': 372}","{'id': 20448, 'rank': 20, 'fitness': 0.5410733720295997, 'generation': 372}","{'id': 20448, 'rank': 21, 'fitness': 0.5410733720295997, 'generation': 372}","{'id': 20538, 'rank': 22, 'fitness': 0.3310134456654416, 'generation': 372}","{'id': 20565, 'rank': 23, 'fitness': 0.3167466910989214, 'generation': 372}","{'id': 20549, 'rank': 24, 'fitness': 0.29893046778388666, 'generation': 372}","{'id': 20534, 'rank': 25, 'fitness': 0.24936958191697906, 'generation': 372}","{'id': 20588, 'rank': 26, 'fitness': 0.22455580522029855, 'generation': 372}","{'id': 20479, 'rank': 27, 'fitness': 0.19164088667637708, 'generation': 372}","{'id': 20195, 'rank': 28, 'fitness': 0.14949338555245528, 'generation': 372}","{'id': 20532, 'rank': 29, 'fitness': 0.12575527881127968, 'generation': 372}","{'id': 20572, 'rank': 30, 'fitness': 0.01798620996209155, 'generation': 372}"
"{'id': 20543, 'rank': 1, 'fitness': 0.9820137900379085, 'generation': 373}","{'id': 20566, 'rank': 2, 'fitness': 0.9410849598643289, 'generation': 373}","{'id': 20567, 'rank': 3, 'fitness': 0.9394022464963884, 'generation': 373}","{'id': 20567, 'rank': 4, 'fitness': 0.9394022464963884, 'generation': 373}","{'id': 20576, 'rank': 5, 'fitness': 0.91823841397121, 'generation': 373}","{'id': 20576, 'rank': 6, 'fitness': 0.91823841397121, 'generation': 373}","{'id': 20587, 'rank': 7, 'fitness': 0.900469868445677, 'generation': 373}","{'id': 20336, 'rank': 8, 'fitness': 0.8881825037396416, 'generation': 373}","{'id': 20343, 'rank': 9, 'fitness': 0.8027636465698471, 'generation': 373}","{'id': 20343, 'rank': 10, 'fitness': 0.8027636465698471, 'generation': 373}","{'id': 20448, 'rank': 11, 'fitness': 0.7773438509697189, 'generation': 373}","{'id': 20448, 'rank': 12, 'fitness': 0.7773438509697189, 'generation': 373}","{'id': 20538, 'rank': 13, 'fitness': 0.4795500395580517, 'generation': 373}","{'id': 20602, 'rank': 14, 'fitness': 0.4047415849980024, 'generation': 373}","{'id': 20602, 'rank': 15, 'fitness': 0.4047415849980024, 'generation': 373}","{'id': 20602, 'rank': 16, 'fitness': 0.4047415849980024, 'generation': 373}","{'id': 20607, 'rank': 17, 'fitness': 0.37635254579801375, 'generation': 373}","{'id': 20607, 'rank': 18, 'fitness': 0.37635254579801375, 'generation': 373}","{'id': 20534, 'rank': 19, 'fitness': 0.33335967070424966, 'generation': 373}","{'id': 20640, 'rank': 20, 'fitness': 0.3188288469357069, 'generation': 373}","{'id': 20588, 'rank': 21, 'fitness': 0.2882851560339843, 'generation': 373}","{'id': 20588, 'rank': 22, 'fitness': 0.2882851560339843, 'generation': 373}","{'id': 20611, 'rank': 23, 'fitness': 0.2556966989079725, 'generation': 373}","{'id': 20611, 'rank': 24, 'fitness': 0.2556966989079725, 'generation': 373}","{'id': 20195, 'rank': 25, 'fitness': 0.15846352490883858, 'generation': 373}","{'id': 20622, 'rank': 26, 'fitness': 0.11206872080524183, 'generation': 373}","{'id': 20596, 'rank': 27, 'fitness': 0.07773074144642544, 'generation': 373}","{'id': 20637, 'rank': 28, 'fitness': 0.06432436121109553, 'generation': 373}","{'id': 20634, 'rank': 29, 'fitness': 0.04146429886830727, 'generation': 373}","{'id': 20605, 'rank': 30, 'fitness': 0.01798620996209155, 'generation': 373}"
"{'id': 20676, 'rank': 1, 'fitness': 0.9820137900379085, 'generation': 374}","{'id': 20658, 'rank': 2, 'fitness': 0.9565826461604789, 'generation': 374}","{'id': 20658, 'rank': 3, 'fitness': 0.9565826461604789, 'generation': 374}","{'id': 20704, 'rank': 4, 'fitness': 0.9354611781625837, 'generation': 374}","{'id': 20704, 'rank': 5, 'fitness': 0.9354611781625837, 'generation': 374}","{'id': 20704, 'rank': 6, 'fitness': 0.9354611781625837, 'generation': 374}","{'id': 20704, 'rank': 7, 'fitness': 0.9354611781625837, 'generation': 374}","{'id': 20566, 'rank': 8, 'fitness': 0.8944480437625716, 'generation': 374}","{'id': 20567, 'rank': 9, 'fitness': 0.8918325522062335, 'generation': 374}","{'id': 20705, 'rank': 10, 'fitness': 0.8777219040695297, 'generation': 374}","{'id': 20587, 'rank': 11, 'fitness': 0.8343584352483022, 'generation': 374}","{'id': 20587, 'rank': 12, 'fitness': 0.8343584352483022, 'generation': 374}","{'id': 20657, 'rank': 13, 'fitness': 0.7880371084840847, 'generation': 374}","{'id': 20343, 'rank': 14, 'fitness': 0.7080488455760018, 'generation': 374}","{'id': 20448, 'rank': 15, 'fitness': 0.6782106127522946, 'generation': 374}","{'id': 20703, 'rank': 16, 'fitness': 0.5493423742645751, 'generation': 374}","{'id': 20671, 'rank': 17, 'fitness': 0.46548874516037175, 'generation': 374}","{'id': 20650, 'rank': 18, 'fitness': 0.4173658203624802, 'generation': 374}","{'id': 20602, 'rank': 19, 'fitness': 0.32051639371987345, 'generation': 374}","{'id': 20602, 'rank': 20, 'fitness': 0.32051639371987345, 'generation': 374}","{'id': 20611, 'rank': 21, 'fitness': 0.20163813571014316, 'generation': 374}","{'id': 20611, 'rank': 22, 'fitness': 0.20163813571014316, 'generation': 374}","{'id': 20195, 'rank': 23, 'fitness': 0.12716771850928132, 'generation': 374}","{'id': 20645, 'rank': 24, 'fitness': 0.10563978059986323, 'generation': 374}","{'id': 20690, 'rank': 25, 'fitness': 0.08833835667782342, 'generation': 374}","{'id': 20651, 'rank': 26, 'fitness': 0.06723621151235237, 'generation': 374}","{'id': 20686, 'rank': 27, 'fitness': 0.04254338397223967, 'generation': 374}","{'id': 20634, 'rank': 28, 'fitness': 0.0365408498804764, 'generation': 374}","{'id': 20688, 'rank': 29, 'fitness': 0.03312762572875555, 'generation': 374}","{'id': 20685, 'rank': 30, 'fitness': 0.01798620996209155, 'generation': 374}"
"{'id': 20676, 'rank': 1, 'fitness': 0.9820137900379085, 'generation': 375}","{'id': 20676, 'rank': 2, 'fitness': 0.9820137900379085, 'generation': 375}","{'id': 20676, 'rank': 3, 'fitness': 0.9820137900379085, 'generation': 375}","{'id': 20658, 'rank': 4, 'fitness': 0.9650074278925348, 'generation': 375}","{'id': 20658, 'rank': 5, 'fitness': 0.9650074278925348, 'generation': 375}","{'id': 20704, 'rank': 6, 'fitness': 0.952657629402232, 'generation': 375}","{'id': 20704, 'rank': 7, 'fitness': 0.952657629402232, 'generation': 375}","{'id': 20704, 'rank': 8, 'fitness': 0.952657629402232, 'generation': 375}","{'id': 20704, 'rank': 9, 'fitness': 0.952657629402232, 'generation': 375}","{'id': 20704, 'rank': 10, 'fitness': 0.952657629402232, 'generation': 375}","{'id': 20731, 'rank': 11, 'fitness': 0.9369543041369, 'generation': 375}","{'id': 20587, 'rank': 12, 'fitness': 0.900820523810781, 'generation': 375}","{'id': 20753, 'rank': 13, 'fitness': 0.8419926916338699, 'generation': 375}","{'id': 20753, 'rank': 14, 'fitness': 0.8419926916338699, 'generation': 375}","{'id': 20749, 'rank': 15, 'fitness': 0.8166402894878461, 'generation': 375}","{'id': 20715, 'rank': 16, 'fitness': 0.7425068201144361, 'generation': 375}","{'id': 20715, 'rank': 17, 'fitness': 0.7425068201144361, 'generation': 375}","{'id': 20710, 'rank': 18, 'fitness': 0.48247257013224876, 'generation': 375}","{'id': 20739, 'rank': 19, 'fitness': 0.4105430881365179, 'generation': 375}","{'id': 20724, 'rank': 20, 'fitness': 0.31241237189874493, 'generation': 375}","{'id': 20728, 'rank': 21, 'fitness': 0.3104548407062837, 'generation': 375}","{'id': 20651, 'rank': 22, 'fitness': 0.2709416984728667, 'generation': 375}","{'id': 20760, 'rank': 23, 'fitness': 0.22732863824370902, 'generation': 375}","{'id': 20716, 'rank': 24, 'fitness': 0.1967317056018419, 'generation': 375}","{'id': 20746, 'rank': 25, 'fitness': 0.10014663611749652, 'generation': 375}","{'id': 20735, 'rank': 26, 'fitness': 0.08750882875481941, 'generation': 375}","{'id': 20738, 'rank': 27, 'fitness': 0.07217875796976869, 'generation': 375}","{'id': 20738, 'rank': 28, 'fitness': 0.07217875796976869, 'generation': 375}","{'id': 20709, 'rank': 29, 'fitness': 0.06196680556519185, 'generation': 375}","{'id': 20741, 'rank': 30, 'fitness': 0.01798620996209155, 'generation': 375}"
"{'id': 20676, 'rank': 1, 'fitness': 0.9820137900379085, 'generation': 376}","{'id': 20676, 'rank': 2, 'fitness': 0.9820137900379085, 'generation': 376}","{'id': 20658, 'rank': 3, 'fitness': 0.9567519838135078, 'generation': 376}","{'id': 20658, 'rank': 4, 'fitness': 0.9567519838135078, 'generation': 376}","{'id': 20704, 'rank': 5, 'fitness': 0.9358206547980278, 'generation': 376}","{'id': 20704, 'rank': 6, 'fitness': 0.9358206547980278, 'generation': 376}","{'id': 20704, 'rank': 7, 'fitness': 0.9358206547980278, 'generation': 376}","{'id': 20704, 'rank': 8, 'fitness': 0.9358206547980278, 'generation': 376}","{'id': 20704, 'rank': 9, 'fitness': 0.9358206547980278, 'generation': 376}","{'id': 20704, 'rank': 10, 'fitness': 0.9358206547980278, 'generation': 376}","{'id': 20731, 'rank': 11, 'fitness': 0.9071113306148371, 'generation': 376}","{'id': 20731, 'rank': 12, 'fitness': 0.9071113306148371, 'generation': 376}","{'id': 20784, 'rank': 13, 'fitness': 0.8429710138856195, 'generation': 376}","{'id': 20802, 'rank': 14, 'fitness': 0.7895539977666232, 'generation': 376}","{'id': 20802, 'rank': 15, 'fitness': 0.7895539977666232, 'generation': 376}","{'id': 20818, 'rank': 16, 'fitness': 0.7156466341078722, 'generation': 376}","{'id': 20753, 'rank': 17, 'fitness': 0.715498043641918, 'generation': 376}","{'id': 20783, 'rank': 18, 'fitness': 0.6222100610733343, 'generation': 376}","{'id': 20769, 'rank': 19, 'fitness': 0.6178715284009381, 'generation': 376}","{'id': 20822, 'rank': 20, 'fitness': 0.22226423818349805, 'generation': 376}","{'id': 20781, 'rank': 21, 'fitness': 0.1732889910277423, 'generation': 376}","{'id': 20803, 'rank': 22, 'fitness': 0.159750066252485, 'generation': 376}","{'id': 20739, 'rank': 23, 'fitness': 0.14563344957147994, 'generation': 376}","{'id': 20789, 'rank': 24, 'fitness': 0.13644719203377975, 'generation': 376}","{'id': 20800, 'rank': 25, 'fitness': 0.13264255734445507, 'generation': 376}","{'id': 20811, 'rank': 26, 'fitness': 0.10672800380011416, 'generation': 376}","{'id': 20812, 'rank': 27, 'fitness': 0.09409362316760078, 'generation': 376}","{'id': 20799, 'rank': 28, 'fitness': 0.09255239584962183, 'generation': 376}","{'id': 20823, 'rank': 29, 'fitness': 0.09201587045653764, 'generation': 376}","{'id': 20788, 'rank': 30, 'fitness': 0.01798620996209155, 'generation': 376}"
"{'id': 20880, 'rank': 1, 'fitness': 0.9820137900379085, 'generation': 377}","{'id': 20880, 'rank': 2, 'fitness': 0.9820137900379085, 'generation': 377}","{'id': 20880, 'rank': 3, 'fitness': 0.9820137900379085, 'generation': 377}","{'id': 20676, 'rank': 4, 'fitness': 0.9791109624745855, 'generation': 377}","{'id': 20863, 'rank': 5, 'fitness': 0.9683496770572648, 'generation': 377}","{'id': 20658, 'rank': 6, 'fitness': 0.9539352202290734, 'generation': 377}","{'id': 20704, 'rank': 7, 'fitness': 0.9342340726125153, 'generation': 377}","{'id': 20704, 'rank': 8, 'fitness': 0.9342340726125153, 'generation': 377}","{'id': 20704, 'rank': 9, 'fitness': 0.9342340726125153, 'generation': 377}","{'id': 20704, 'rank': 10, 'fitness': 0.9342340726125153, 'generation': 377}","{'id': 20704, 'rank': 11, 'fitness': 0.9342340726125153, 'generation': 377}","{'id': 20704, 'rank': 12, 'fitness': 0.9342340726125153, 'generation': 377}","{'id': 20704, 'rank': 13, 'fitness': 0.9342340726125153, 'generation': 377}","{'id': 20840, 'rank': 14, 'fitness': 0.8472549947626737, 'generation': 377}","{'id': 20753, 'rank': 15, 'fitness': 0.743543033911075, 'generation': 377}","{'id': 20872, 'rank': 16, 'fitness': 0.7160440763442746, 'generation': 377}","{'id': 20874, 'rank': 17, 'fitness': 0.47557095490997764, 'generation': 377}","{'id': 20859, 'rank': 18, 'fitness': 0.2558298703587506, 'generation': 377}","{'id': 20835, 'rank': 19, 'fitness': 0.23648678705644854, 'generation': 377}","{'id': 20803, 'rank': 20, 'fitness': 0.2191698038568548, 'generation': 377}","{'id': 20853, 'rank': 21, 'fitness': 0.19370872570263936, 'generation': 377}","{'id': 20812, 'rank': 22, 'fitness': 0.13977504474745783, 'generation': 377}","{'id': 20799, 'rank': 23, 'fitness': 0.13780639538879935, 'generation': 377}","{'id': 20864, 'rank': 24, 'fitness': 0.11015570797468921, 'generation': 377}","{'id': 20837, 'rank': 25, 'fitness': 0.10733181869218539, 'generation': 377}","{'id': 20877, 'rank': 26, 'fitness': 0.08816274021907611, 'generation': 377}","{'id': 20873, 'rank': 27, 'fitness': 0.06395964846725721, 'generation': 377}","{'id': 20871, 'rank': 28, 'fitness': 0.058924607416625197, 'generation': 377}","{'id': 20857, 'rank': 29, 'fitness': 0.03549082076099491, 'generation': 377}","{'id': 20849, 'rank': 30, 'fitness': 0.01798620996209155, 'generation': 377}"
"{'id': 20880, 'rank': 1, 'fitness': 0.9820137900379085, 'generation': 378}","{'id': 20880, 'rank': 2, 'fitness': 0.9820137900379085, 'generation': 378}","{'id': 20880, 'rank': 3, 'fitness': 0.9820137900379085, 'generation': 378}","{'id': 20880, 'rank': 4, 'fitness': 0.9820137900379085, 'generation': 378}","{'id': 20880, 'rank': 5, 'fitness': 0.9820137900379085, 'generation': 378}","{'id': 20880, 'rank': 6, 'fitness': 0.9820137900379085, 'generation': 378}","{'id': 20913, 'rank': 7, 'fitness': 0.967618126323172, 'generation': 378}","{'id': 20892, 'rank': 8, 'fitness': 0.9548241489456017, 'generation': 378}","{'id': 20892, 'rank': 9, 'fitness': 0.9548241489456017, 'generation': 378}","{'id': 20704, 'rank': 10, 'fitness': 0.9418922113111705, 'generation': 378}","{'id': 20704, 'rank': 11, 'fitness': 0.9418922113111705, 'generation': 378}","{'id': 20914, 'rank': 12, 'fitness': 0.8925090371636462, 'generation': 378}","{'id': 20915, 'rank': 13, 'fitness': 0.8852374801557491, 'generation': 378}","{'id': 20940, 'rank': 14, 'fitness': 0.8512781493772237, 'generation': 378}","{'id': 20902, 'rank': 15, 'fitness': 0.6798929718788999, 'generation': 378}","{'id': 20902, 'rank': 16, 'fitness': 0.6798929718788999, 'generation': 378}","{'id': 20874, 'rank': 17, 'fitness': 0.5753845030051593, 'generation': 378}","{'id': 20912, 'rank': 18, 'fitness': 0.5171822474088833, 'generation': 378}","{'id': 20918, 'rank': 19, 'fitness': 0.38356451287530036, 'generation': 378}","{'id': 20859, 'rank': 20, 'fitness': 0.3609976186118503, 'generation': 378}","{'id': 20924, 'rank': 21, 'fitness': 0.3268521492593356, 'generation': 378}","{'id': 20853, 'rank': 22, 'fitness': 0.2902341729620929, 'generation': 378}","{'id': 20909, 'rank': 23, 'fitness': 0.2619020290844306, 'generation': 378}","{'id': 20909, 'rank': 24, 'fitness': 0.2619020290844306, 'generation': 378}","{'id': 20933, 'rank': 25, 'fitness': 0.22100048485507778, 'generation': 378}","{'id': 20931, 'rank': 26, 'fitness': 0.15626982786464416, 'generation': 378}","{'id': 20887, 'rank': 27, 'fitness': 0.08452450481308277, 'generation': 378}","{'id': 20896, 'rank': 28, 'fitness': 0.07528617214973049, 'generation': 378}","{'id': 20932, 'rank': 29, 'fitness': 0.04075653819656294, 'generation': 378}","{'id': 20903, 'rank': 30, 'fitness': 0.01798620996209155, 'generation': 378}"
"{'id': 20880, 'rank': 1, 'fitness': 0.9820137900379085, 'generation': 379}","{'id': 20880, 'rank': 2, 'fitness': 0.9820137900379085, 'generation': 379}","{'id': 20880, 'rank': 3, 'fitness': 0.9820137900379085, 'generation': 379}","{'id': 20880, 'rank': 4, 'fitness': 0.9820137900379085, 'generation': 379}","{'id': 20913, 'rank': 5, 'fitness': 0.9651910408078644, 'generation': 379}","{'id': 20913, 'rank': 6, 'fitness': 0.9651910408078644, 'generation': 379}","{'id': 20892, 'rank': 7, 'fitness': 0.9494640729461288, 'generation': 379}","{'id': 20892, 'rank': 8, 'fitness': 0.9494640729461288, 'generation': 379}","{'id': 20914, 'rank': 9, 'fitness': 0.8679497404418488, 'generation': 379}","{'id': 20915, 'rank': 10, 'fitness': 0.8581703120226372, 'generation': 379}","{'id': 20915, 'rank': 11, 'fitness': 0.8581703120226372, 'generation': 379}","{'id': 20968, 'rank': 12, 'fitness': 0.8506151453195745, 'generation': 379}","{'id': 20968, 'rank': 13, 'fitness': 0.8506151453195745, 'generation': 379}","{'id': 20968, 'rank': 14, 'fitness': 0.8506151453195745, 'generation': 379}","{'id': 20949, 'rank': 15, 'fitness': 0.6307864620373543, 'generation': 379}","{'id': 20949, 'rank': 16, 'fitness': 0.6307864620373543, 'generation': 379}","{'id': 20902, 'rank': 17, 'fitness': 0.5867252569092142, 'generation': 379}","{'id': 20902, 'rank': 18, 'fitness': 0.5867252569092142, 'generation': 379}","{'id': 20902, 'rank': 19, 'fitness': 0.5867252569092142, 'generation': 379}","{'id': 20960, 'rank': 20, 'fitness': 0.4425837958064234, 'generation': 379}","{'id': 20912, 'rank': 21, 'fitness': 0.39675319468605974, 'generation': 379}","{'id': 20987, 'rank': 22, 'fitness': 0.3776264722126953, 'generation': 379}","{'id': 20987, 'rank': 23, 'fitness': 0.3776264722126953, 'generation': 379}","{'id': 20977, 'rank': 24, 'fitness': 0.3693844559436028, 'generation': 379}","{'id': 20918, 'rank': 25, 'fitness': 0.26315942213058807, 'generation': 379}","{'id': 20952, 'rank': 26, 'fitness': 0.120607296487246, 'generation': 379}","{'id': 20972, 'rank': 27, 'fitness': 0.04595769865979299, 'generation': 379}","{'id': 20958, 'rank': 28, 'fitness': 0.03811896148038468, 'generation': 379}","{'id': 20975, 'rank': 29, 'fitness': 0.03533454308278178, 'generation': 379}","{'id': 20990, 'rank': 30, 'fitness': 0.01798620996209155, 'generation': 379}"
"{'id': 21041, 'rank': 1, 'fitness': 0.9820137900379085, 'generation': 380}","{'id': 21022, 'rank': 2, 'fitness': 0.9761359100097453, 'generation': 380}","{'id': 21022, 'rank': 3, 'fitness': 0.9761359100097453, 'generation': 380}","{'id': 20880, 'rank': 4, 'fitness': 0.9758910567608863, 'generation': 380}","{'id': 20880, 'rank': 5, 'fitness': 0.9758910567608863, 'generation': 380}","{'id': 20880, 'rank': 6, 'fitness': 0.9758910567608863, 'generation': 380}","{'id': 20880, 'rank': 7, 'fitness': 0.9758910567608863, 'generation': 380}","{'id': 20892, 'rank': 8, 'fitness': 0.9300660392028379, 'generation': 380}","{'id': 20892, 'rank': 9, 'fitness': 0.9300660392028379, 'generation': 380}","{'id': 20968, 'rank': 10, 'fitness': 0.7928414703274782, 'generation': 380}","{'id': 21049, 'rank': 11, 'fitness': 0.7480113766164765, 'generation': 380}","{'id': 20949, 'rank': 12, 'fitness': 0.5215054212281792, 'generation': 380}","{'id': 21046, 'rank': 13, 'fitness': 0.49170528351314846, 'generation': 380}","{'id': 21046, 'rank': 14, 'fitness': 0.49170528351314846, 'generation': 380}","{'id': 21046, 'rank': 15, 'fitness': 0.49170528351314846, 'generation': 380}","{'id': 20902, 'rank': 16, 'fitness': 0.47324929728631004, 'generation': 380}","{'id': 20902, 'rank': 17, 'fitness': 0.47324929728631004, 'generation': 380}","{'id': 21010, 'rank': 18, 'fitness': 0.38048318119878344, 'generation': 380}","{'id': 21027, 'rank': 19, 'fitness': 0.3746830130450978, 'generation': 380}","{'id': 21051, 'rank': 20, 'fitness': 0.2667387182892569, 'generation': 380}","{'id': 21050, 'rank': 21, 'fitness': 0.2261848090189461, 'generation': 380}","{'id': 21025, 'rank': 22, 'fitness': 0.19600301994934988, 'generation': 380}","{'id': 21019, 'rank': 23, 'fitness': 0.1458957123728527, 'generation': 380}","{'id': 21016, 'rank': 24, 'fitness': 0.12765207099544978, 'generation': 380}","{'id': 21033, 'rank': 25, 'fitness': 0.10137777574837459, 'generation': 380}","{'id': 21058, 'rank': 26, 'fitness': 0.05899246573387418, 'generation': 380}","{'id': 21044, 'rank': 27, 'fitness': 0.04716912141107227, 'generation': 380}","{'id': 21014, 'rank': 28, 'fitness': 0.02668747092864071, 'generation': 380}","{'id': 21035, 'rank': 29, 'fitness': 0.018079530092418472, 'generation': 380}","{'id': 21034, 'rank': 30, 'fitness': 0.01798620996209155, 'generation': 380}"
"{'id': 20880, 'rank': 1, 'fitness': 0.9820137900379085, 'generation': 381}","{'id': 20880, 'rank': 2, 'fitness': 0.9820137900379085, 'generation': 381}","{'id': 20880, 'rank': 3, 'fitness': 0.9820137900379085, 'generation': 381}","{'id': 20880, 'rank': 4, 'fitness': 0.9820137900379085, 'generation': 381}","{'id': 20880, 'rank': 5, 'fitness': 0.9820137900379085, 'generation': 381}","{'id': 20880, 'rank': 6, 'fitness': 0.9820137900379085, 'generation': 381}","{'id': 21076, 'rank': 7, 'fitness': 0.9672894356665334, 'generation': 381}","{'id': 20892, 'rank': 8, 'fitness': 0.9502407778933127, 'generation': 381}","{'id': 20892, 'rank': 9, 'fitness': 0.9502407778933127, 'generation': 381}","{'id': 20892, 'rank': 10, 'fitness': 0.9502407778933127, 'generation': 381}","{'id': 20892, 'rank': 11, 'fitness': 0.9502407778933127, 'generation': 381}","{'id': 21102, 'rank': 12, 'fitness': 0.8953915491978395, 'generation': 381}","{'id': 21092, 'rank': 13, 'fitness': 0.8361765493923904, 'generation': 381}","{'id': 21092, 'rank': 14, 'fitness': 0.8361765493923904, 'generation': 381}","{'id': 21046, 'rank': 15, 'fitness': 0.616801993407482, 'generation': 381}","{'id': 21108, 'rank': 16, 'fitness': 0.5756662578836957, 'generation': 381}","{'id': 21010, 'rank': 17, 'fitness': 0.5118039947530987, 'generation': 381}","{'id': 21094, 'rank': 18, 'fitness': 0.4717933916305108, 'generation': 381}","{'id': 21077, 'rank': 19, 'fitness': 0.43101712856916724, 'generation': 381}","{'id': 21105, 'rank': 20, 'fitness': 0.3537869458898709, 'generation': 381}","{'id': 21067, 'rank': 21, 'fitness': 0.3508460329728973, 'generation': 381}","{'id': 21070, 'rank': 22, 'fitness': 0.32229447355991114, 'generation': 381}","{'id': 21085, 'rank': 23, 'fitness': 0.314614384737257, 'generation': 381}","{'id': 21025, 'rank': 24, 'fitness': 0.3047474980568326, 'generation': 381}","{'id': 21091, 'rank': 25, 'fitness': 0.2562372541849034, 'generation': 381}","{'id': 21113, 'rank': 26, 'fitness': 0.1634667327672648, 'generation': 381}","{'id': 21063, 'rank': 27, 'fitness': 0.12450777906228083, 'generation': 381}","{'id': 21044, 'rank': 28, 'fitness': 0.08871827190534853, 'generation': 381}","{'id': 21073, 'rank': 29, 'fitness': 0.0703603142652629, 'generation': 381}","{'id': 21095, 'rank': 30, 'fitness': 0.01798620996209155, 'generation': 381}"
"{'id': 20880, 'rank': 1, 'fitness': 0.9820137900379085, 'generation': 382}","{'id': 20880, 'rank': 2, 'fitness': 0.9820137900379085, 'generation': 382}","{'id': 20880, 'rank': 3, 'fitness': 0.9820137900379085, 'generation': 382}","{'id': 20880, 'rank': 4, 'fitness': 0.9820137900379085, 'generation': 382}","{'id': 20880, 'rank': 5, 'fitness': 0.9820137900379085, 'generation': 382}","{'id': 20880, 'rank': 6, 'fitness': 0.9820137900379085, 'generation': 382}","{'id': 20880, 'rank': 7, 'fitness': 0.9820137900379085, 'generation': 382}","{'id': 21146, 'rank': 8, 'fitness': 0.9564179947486989, 'generation': 382}","{'id': 21146, 'rank': 9, 'fitness': 0.9564179947486989, 'generation': 382}","{'id': 20892, 'rank': 10, 'fitness': 0.9374508228184107, 'generation': 382}","{'id': 20892, 'rank': 11, 'fitness': 0.9374508228184107, 'generation': 382}","{'id': 20892, 'rank': 12, 'fitness': 0.9374508228184107, 'generation': 382}","{'id': 21168, 'rank': 13, 'fitness': 0.9366296842768975, 'generation': 382}","{'id': 21164, 'rank': 14, 'fitness': 0.9034555870604222, 'generation': 382}","{'id': 21164, 'rank': 15, 'fitness': 0.9034555870604222, 'generation': 382}","{'id': 21102, 'rank': 16, 'fitness': 0.8480804285221605, 'generation': 382}","{'id': 21102, 'rank': 17, 'fitness': 0.8480804285221605, 'generation': 382}","{'id': 21102, 'rank': 18, 'fitness': 0.8480804285221605, 'generation': 382}","{'id': 21092, 'rank': 19, 'fitness': 0.747134520137854, 'generation': 382}","{'id': 21092, 'rank': 20, 'fitness': 0.747134520137854, 'generation': 382}","{'id': 21077, 'rank': 21, 'fitness': 0.22021465372643945, 'generation': 382}","{'id': 21105, 'rank': 22, 'fitness': 0.1592188341588745, 'generation': 382}","{'id': 21067, 'rank': 23, 'fitness': 0.15710702269603072, 'generation': 382}","{'id': 21085, 'rank': 24, 'fitness': 0.13228618210107113, 'generation': 382}","{'id': 21156, 'rank': 25, 'fitness': 0.11292983369157594, 'generation': 382}","{'id': 21127, 'rank': 26, 'fitness': 0.045638394359022894, 'generation': 382}","{'id': 21150, 'rank': 27, 'fitness': 0.03826138499006754, 'generation': 382}","{'id': 21063, 'rank': 28, 'fitness': 0.034791624958880996, 'generation': 382}","{'id': 21044, 'rank': 29, 'fitness': 0.02211037344610084, 'generation': 382}","{'id': 21116, 'rank': 30, 'fitness': 0.01798620996209155, 'generation': 382}"
"{'id': 20880, 'rank': 1, 'fitness': 0.9820137900379085, 'generation': 383}","{'id': 20880, 'rank': 2, 'fitness': 0.9820137900379085, 'generation': 383}","{'id': 20892, 'rank': 3, 'fitness': 0.9458376484850914, 'generation': 383}","{'id': 21168, 'rank': 4, 'fitness': 0.9452054733523587, 'generation': 383}","{'id': 21168, 'rank': 5, 'fitness': 0.9452054733523587, 'generation': 383}","{'id': 21168, 'rank': 6, 'fitness': 0.9452054733523587, 'generation': 383}","{'id': 21102, 'rank': 7, 'fitness': 0.879667063902833, 'generation': 383}","{'id': 21102, 'rank': 8, 'fitness': 0.879667063902833, 'generation': 383}","{'id': 21182, 'rank': 9, 'fitness': 0.870416018713603, 'generation': 383}","{'id': 21184, 'rank': 10, 'fitness': 0.8614984119989328, 'generation': 383}","{'id': 21184, 'rank': 11, 'fitness': 0.8614984119989328, 'generation': 383}","{'id': 21189, 'rank': 12, 'fitness': 0.6334606693169755, 'generation': 383}","{'id': 21189, 'rank': 13, 'fitness': 0.6334606693169755, 'generation': 383}","{'id': 21198, 'rank': 14, 'fitness': 0.556876571365151, 'generation': 383}","{'id': 21227, 'rank': 15, 'fitness': 0.3439581966030061, 'generation': 383}","{'id': 21227, 'rank': 16, 'fitness': 0.3439581966030061, 'generation': 383}","{'id': 21194, 'rank': 17, 'fitness': 0.25481292101095765, 'generation': 383}","{'id': 21202, 'rank': 18, 'fitness': 0.2225181421855406, 'generation': 383}","{'id': 21156, 'rank': 19, 'fitness': 0.20678429762801354, 'generation': 383}","{'id': 21222, 'rank': 20, 'fitness': 0.14561954581088077, 'generation': 383}","{'id': 21188, 'rank': 21, 'fitness': 0.1204472914413543, 'generation': 383}","{'id': 21127, 'rank': 22, 'fitness': 0.09905481780616182, 'generation': 383}","{'id': 21127, 'rank': 23, 'fitness': 0.09905481780616182, 'generation': 383}","{'id': 21207, 'rank': 24, 'fitness': 0.07937347564359426, 'generation': 383}","{'id': 21226, 'rank': 25, 'fitness': 0.05707375078569993, 'generation': 383}","{'id': 21180, 'rank': 26, 'fitness': 0.038827559619199314, 'generation': 383}","{'id': 21219, 'rank': 27, 'fitness': 0.037266973716756635, 'generation': 383}","{'id': 21230, 'rank': 28, 'fitness': 0.03527320861075056, 'generation': 383}","{'id': 21193, 'rank': 29, 'fitness': 0.01876880987951096, 'generation': 383}","{'id': 21201, 'rank': 30, 'fitness': 0.01798620996209155, 'generation': 383}"
"{'id': 21259, 'rank': 1, 'fitness': 0.9820137900379085, 'generation': 384}","{'id': 21259, 'rank': 2, 'fitness': 0.9820137900379085, 'generation': 384}","{'id': 21277, 'rank': 3, 'fitness': 0.9762110166789926, 'generation': 384}","{'id': 21277, 'rank': 4, 'fitness': 0.9762110166789926, 'generation': 384}","{'id': 20892, 'rank': 5, 'fitness': 0.9663923757679576, 'generation': 384}","{'id': 21168, 'rank': 6, 'fitness': 0.9659768040857146, 'generation': 384}","{'id': 21102, 'rank': 7, 'fitness': 0.9210216266147039, 'generation': 384}","{'id': 21182, 'rank': 8, 'fitness': 0.9144004781083499, 'generation': 384}","{'id': 21184, 'rank': 9, 'fitness': 0.9079569292351083, 'generation': 384}","{'id': 21184, 'rank': 10, 'fitness': 0.9079569292351083, 'generation': 384}","{'id': 21276, 'rank': 11, 'fitness': 0.8495971168173484, 'generation': 384}","{'id': 21267, 'rank': 12, 'fitness': 0.8401086418602863, 'generation': 384}","{'id': 21267, 'rank': 13, 'fitness': 0.8401086418602863, 'generation': 384}","{'id': 21279, 'rank': 14, 'fitness': 0.7897324052918073, 'generation': 384}","{'id': 21283, 'rank': 15, 'fitness': 0.7680186736667454, 'generation': 384}","{'id': 21189, 'rank': 16, 'fitness': 0.7234448271128369, 'generation': 384}","{'id': 21189, 'rank': 17, 'fitness': 0.7234448271128369, 'generation': 384}","{'id': 21189, 'rank': 18, 'fitness': 0.7234448271128369, 'generation': 384}","{'id': 21189, 'rank': 19, 'fitness': 0.7234448271128369, 'generation': 384}","{'id': 21289, 'rank': 20, 'fitness': 0.6043683774672853, 'generation': 384}","{'id': 21248, 'rank': 21, 'fitness': 0.5660602146709572, 'generation': 384}","{'id': 21273, 'rank': 22, 'fitness': 0.5305449645820572, 'generation': 384}","{'id': 21227, 'rank': 23, 'fitness': 0.4317758866248574, 'generation': 384}","{'id': 21227, 'rank': 24, 'fitness': 0.4317758866248574, 'generation': 384}","{'id': 21264, 'rank': 25, 'fitness': 0.3229358675050763, 'generation': 384}","{'id': 21127, 'rank': 26, 'fitness': 0.13084059881509758, 'generation': 384}","{'id': 21219, 'rank': 27, 'fitness': 0.048547361257628596, 'generation': 384}","{'id': 21261, 'rank': 28, 'fitness': 0.029491706647644556, 'generation': 384}","{'id': 21257, 'rank': 29, 'fitness': 0.028313235010586857, 'generation': 384}","{'id': 21239, 'rank': 30, 'fitness': 0.01798620996209155, 'generation': 384}"
"{'id': 21259, 'rank': 1, 'fitness': 0.9820137900379085, 'generation': 385}","{'id': 21259, 'rank': 2, 'fitness': 0.9820137900379085, 'generation': 385}","{'id': 21259, 'rank': 3, 'fitness': 0.9820137900379085, 'generation': 385}","{'id': 21277, 'rank': 4, 'fitness': 0.9769375993166685, 'generation': 385}","{'id': 21277, 'rank': 5, 'fitness': 0.9769375993166685, 'generation': 385}","{'id': 21277, 'rank': 6, 'fitness': 0.9769375993166685, 'generation': 385}","{'id': 20892, 'rank': 7, 'fitness': 0.9686333258602886, 'generation': 385}","{'id': 21182, 'rank': 8, 'fitness': 0.9275776732390547, 'generation': 385}","{'id': 21184, 'rank': 9, 'fitness': 0.9226759558827535, 'generation': 385}","{'id': 21293, 'rank': 10, 'fitness': 0.8557005608664633, 'generation': 385}","{'id': 21279, 'rank': 11, 'fitness': 0.8349411668996822, 'generation': 385}","{'id': 21189, 'rank': 12, 'fitness': 0.7857667001759496, 'generation': 385}","{'id': 21189, 'rank': 13, 'fitness': 0.7857667001759496, 'generation': 385}","{'id': 21189, 'rank': 14, 'fitness': 0.7857667001759496, 'generation': 385}","{'id': 21342, 'rank': 15, 'fitness': 0.7787987719195393, 'generation': 385}","{'id': 21290, 'rank': 16, 'fitness': 0.7173646262306359, 'generation': 385}","{'id': 21289, 'rank': 17, 'fitness': 0.6945581656757039, 'generation': 385}","{'id': 21273, 'rank': 18, 'fitness': 0.6349870089505385, 'generation': 385}","{'id': 21227, 'rank': 19, 'fitness': 0.550052958022222, 'generation': 385}","{'id': 21296, 'rank': 20, 'fitness': 0.5284553136226856, 'generation': 385}","{'id': 21264, 'rank': 21, 'fitness': 0.4469467015670358, 'generation': 385}","{'id': 21338, 'rank': 22, 'fitness': 0.3233284234619435, 'generation': 385}","{'id': 21343, 'rank': 23, 'fitness': 0.21430391579236668, 'generation': 385}","{'id': 21318, 'rank': 24, 'fitness': 0.13959349436446383, 'generation': 385}","{'id': 21318, 'rank': 25, 'fitness': 0.13959349436446383, 'generation': 385}","{'id': 21319, 'rank': 26, 'fitness': 0.09346033208791438, 'generation': 385}","{'id': 21319, 'rank': 27, 'fitness': 0.09346033208791438, 'generation': 385}","{'id': 21348, 'rank': 28, 'fitness': 0.05492226995886418, 'generation': 385}","{'id': 21345, 'rank': 29, 'fitness': 0.042943682895544066, 'generation': 385}","{'id': 21299, 'rank': 30, 'fitness': 0.01798620996209155, 'generation': 385}"
"{'id': 21393, 'rank': 1, 'fitness': 0.9820137900379085, 'generation': 386}","{'id': 21259, 'rank': 2, 'fitness': 0.9470838339040253, 'generation': 386}","{'id': 21277, 'rank': 3, 'fitness': 0.9329868890895677, 'generation': 386}","{'id': 21277, 'rank': 4, 'fitness': 0.9329868890895677, 'generation': 386}","{'id': 21277, 'rank': 5, 'fitness': 0.9329868890895677, 'generation': 386}","{'id': 21364, 'rank': 6, 'fitness': 0.8468557500619188, 'generation': 386}","{'id': 21371, 'rank': 7, 'fitness': 0.7671129500459117, 'generation': 386}","{'id': 21293, 'rank': 8, 'fitness': 0.6654096399182662, 'generation': 386}","{'id': 21399, 'rank': 9, 'fitness': 0.646537330257838, 'generation': 386}","{'id': 21399, 'rank': 10, 'fitness': 0.646537330257838, 'generation': 386}","{'id': 21279, 'rank': 11, 'fitness': 0.6295197328441268, 'generation': 386}","{'id': 21387, 'rank': 12, 'fitness': 0.4758951114132166, 'generation': 386}","{'id': 21290, 'rank': 13, 'fitness': 0.4619743634453896, 'generation': 386}","{'id': 21289, 'rank': 14, 'fitness': 0.4350739801967371, 'generation': 386}","{'id': 21289, 'rank': 15, 'fitness': 0.4350739801967371, 'generation': 386}","{'id': 21378, 'rank': 16, 'fitness': 0.39602140828105453, 'generation': 386}","{'id': 21378, 'rank': 17, 'fitness': 0.39602140828105453, 'generation': 386}","{'id': 21378, 'rank': 18, 'fitness': 0.39602140828105453, 'generation': 386}","{'id': 21354, 'rank': 19, 'fitness': 0.31246139152401636, 'generation': 386}","{'id': 21354, 'rank': 20, 'fitness': 0.31246139152401636, 'generation': 386}","{'id': 21227, 'rank': 21, 'fitness': 0.2941236128031797, 'generation': 386}","{'id': 21227, 'rank': 22, 'fitness': 0.2941236128031797, 'generation': 386}","{'id': 21349, 'rank': 23, 'fitness': 0.22679410748736006, 'generation': 386}","{'id': 21363, 'rank': 24, 'fitness': 0.19873315468972175, 'generation': 386}","{'id': 21389, 'rank': 25, 'fitness': 0.10379396283920794, 'generation': 386}","{'id': 21351, 'rank': 26, 'fitness': 0.09564263185875937, 'generation': 386}","{'id': 21350, 'rank': 27, 'fitness': 0.04972959868094018, 'generation': 386}","{'id': 21319, 'rank': 28, 'fitness': 0.03478924923050708, 'generation': 386}","{'id': 21348, 'rank': 29, 'fitness': 0.020027770224611607, 'generation': 386}","{'id': 21394, 'rank': 30, 'fitness': 0.01798620996209155, 'generation': 386}"
"{'id': 21259, 'rank': 1, 'fitness': 0.9820137900379085, 'generation': 387}","{'id': 21259, 'rank': 2, 'fitness': 0.9820137900379085, 'generation': 387}","{'id': 21433, 'rank': 3, 'fitness': 0.9358676596760891, 'generation': 387}","{'id': 21420, 'rank': 4, 'fitness': 0.8337126058807879, 'generation': 387}","{'id': 21448, 'rank': 5, 'fitness': 0.7908064194753581, 'generation': 387}","{'id': 21399, 'rank': 6, 'fitness': 0.7863556118312286, 'generation': 387}","{'id': 21399, 'rank': 7, 'fitness': 0.7863556118312286, 'generation': 387}","{'id': 21279, 'rank': 8, 'fitness': 0.7713511384144636, 'generation': 387}","{'id': 21451, 'rank': 9, 'fitness': 0.6884761040383947, 'generation': 387}","{'id': 21387, 'rank': 10, 'fitness': 0.6165637611847035, 'generation': 387}","{'id': 21387, 'rank': 11, 'fitness': 0.6165637611847035, 'generation': 387}","{'id': 21387, 'rank': 12, 'fitness': 0.6165637611847035, 'generation': 387}","{'id': 21289, 'rank': 13, 'fitness': 0.5696103633596947, 'generation': 387}","{'id': 21289, 'rank': 14, 'fitness': 0.5696103633596947, 'generation': 387}","{'id': 21378, 'rank': 15, 'fitness': 0.5224896308342344, 'generation': 387}","{'id': 21378, 'rank': 16, 'fitness': 0.5224896308342344, 'generation': 387}","{'id': 21354, 'rank': 17, 'fitness': 0.41497944538302545, 'generation': 387}","{'id': 21227, 'rank': 18, 'fitness': 0.3902989214249391, 'generation': 387}","{'id': 21363, 'rank': 19, 'fitness': 0.25740749477034897, 'generation': 387}","{'id': 21363, 'rank': 20, 'fitness': 0.25740749477034897, 'generation': 387}","{'id': 21419, 'rank': 21, 'fitness': 0.22280350940249294, 'generation': 387}","{'id': 21435, 'rank': 22, 'fitness': 0.11433163762587878, 'generation': 387}","{'id': 21351, 'rank': 23, 'fitness': 0.11231038012278283, 'generation': 387}","{'id': 21452, 'rank': 24, 'fitness': 0.09068174660397482, 'generation': 387}","{'id': 21424, 'rank': 25, 'fitness': 0.053966511366667136, 'generation': 387}","{'id': 21436, 'rank': 26, 'fitness': 0.052970277053980996, 'generation': 387}","{'id': 21436, 'rank': 27, 'fitness': 0.052970277053980996, 'generation': 387}","{'id': 21409, 'rank': 28, 'fitness': 0.036232756690386114, 'generation': 387}","{'id': 21319, 'rank': 29, 'fitness': 0.03421902153571116, 'generation': 387}","{'id': 21440, 'rank': 30, 'fitness': 0.01798620996209155, 'generation': 387}"
"{'id': 21259, 'rank': 1, 'fitness': 0.9820137900379085, 'generation': 388}","{'id': 21259, 'rank': 2, 'fitness': 0.9820137900379085, 'generation': 388}","{'id': 21497, 'rank': 3, 'fitness': 0.9653808085196053, 'generation': 388}","{'id': 21502, 'rank': 4, 'fitness': 0.9486767329599135, 'generation': 388}","{'id': 21433, 'rank': 5, 'fitness': 0.9439140002380122, 'generation': 388}","{'id': 21494, 'rank': 6, 'fitness': 0.9251313998728332, 'generation': 388}","{'id': 21494, 'rank': 7, 'fitness': 0.9251313998728332, 'generation': 388}","{'id': 21494, 'rank': 8, 'fitness': 0.9251313998728332, 'generation': 388}","{'id': 21494, 'rank': 9, 'fitness': 0.9251313998728332, 'generation': 388}","{'id': 21505, 'rank': 10, 'fitness': 0.8679165092335319, 'generation': 388}","{'id': 21448, 'rank': 11, 'fitness': 0.8345769572838594, 'generation': 388}","{'id': 21448, 'rank': 12, 'fitness': 0.8345769572838594, 'generation': 388}","{'id': 21279, 'rank': 13, 'fitness': 0.8200795741333023, 'generation': 388}","{'id': 21461, 'rank': 14, 'fitness': 0.7230100257075811, 'generation': 388}","{'id': 21492, 'rank': 15, 'fitness': 0.673327599808756, 'generation': 388}","{'id': 21507, 'rank': 16, 'fitness': 0.6495343109961501, 'generation': 388}","{'id': 21378, 'rank': 17, 'fitness': 0.6254283216911294, 'generation': 388}","{'id': 21363, 'rank': 18, 'fitness': 0.3745839175589254, 'generation': 388}","{'id': 21363, 'rank': 19, 'fitness': 0.3745839175589254, 'generation': 388}","{'id': 21463, 'rank': 20, 'fitness': 0.3298779240555154, 'generation': 388}","{'id': 21463, 'rank': 21, 'fitness': 0.3298779240555154, 'generation': 388}","{'id': 21496, 'rank': 22, 'fitness': 0.18370419882135203, 'generation': 388}","{'id': 21424, 'rank': 23, 'fitness': 0.10697819791182972, 'generation': 388}","{'id': 21436, 'rank': 24, 'fitness': 0.10531240378979134, 'generation': 388}","{'id': 21436, 'rank': 25, 'fitness': 0.10531240378979134, 'generation': 388}","{'id': 21436, 'rank': 26, 'fitness': 0.10531240378979134, 'generation': 388}","{'id': 21480, 'rank': 27, 'fitness': 0.04205522162253755, 'generation': 388}","{'id': 21486, 'rank': 28, 'fitness': 0.03847210693520475, 'generation': 388}","{'id': 21458, 'rank': 29, 'fitness': 0.028242831679776703, 'generation': 388}","{'id': 21465, 'rank': 30, 'fitness': 0.01798620996209155, 'generation': 388}"
"{'id': 21259, 'rank': 1, 'fitness': 0.9820137900379085, 'generation': 389}","{'id': 21497, 'rank': 2, 'fitness': 0.9653240555141444, 'generation': 389}","{'id': 21528, 'rank': 3, 'fitness': 0.9359890832536197, 'generation': 389}","{'id': 21494, 'rank': 4, 'fitness': 0.92487108979765, 'generation': 389}","{'id': 21494, 'rank': 5, 'fitness': 0.92487108979765, 'generation': 389}","{'id': 21505, 'rank': 6, 'fitness': 0.8673023145810714, 'generation': 389}","{'id': 21448, 'rank': 7, 'fitness': 0.8337449324516095, 'generation': 389}","{'id': 21279, 'rank': 8, 'fitness': 0.8191524472568819, 'generation': 389}","{'id': 21577, 'rank': 9, 'fitness': 0.6695379083702614, 'generation': 389}","{'id': 21507, 'rank': 10, 'fitness': 0.6475869876558344, 'generation': 389}","{'id': 21363, 'rank': 11, 'fitness': 0.37191794811546236, 'generation': 389}","{'id': 21463, 'rank': 12, 'fitness': 0.3272545281609656, 'generation': 389}","{'id': 21463, 'rank': 13, 'fitness': 0.3272545281609656, 'generation': 389}","{'id': 21463, 'rank': 14, 'fitness': 0.3272545281609656, 'generation': 389}","{'id': 21540, 'rank': 15, 'fitness': 0.31706288496746476, 'generation': 389}","{'id': 21533, 'rank': 16, 'fitness': 0.28630430572629106, 'generation': 389}","{'id': 21557, 'rank': 17, 'fitness': 0.18891576844628571, 'generation': 389}","{'id': 21552, 'rank': 18, 'fitness': 0.18713049928373643, 'generation': 389}","{'id': 21545, 'rank': 19, 'fitness': 0.17365314503016743, 'generation': 389}","{'id': 21538, 'rank': 20, 'fitness': 0.11687355329244331, 'generation': 389}","{'id': 21547, 'rank': 21, 'fitness': 0.10515098310465576, 'generation': 389}","{'id': 21436, 'rank': 22, 'fitness': 0.10386041335353413, 'generation': 389}","{'id': 21436, 'rank': 23, 'fitness': 0.10386041335353413, 'generation': 389}","{'id': 21436, 'rank': 24, 'fitness': 0.10386041335353413, 'generation': 389}","{'id': 21551, 'rank': 25, 'fitness': 0.08042492265415208, 'generation': 389}","{'id': 21521, 'rank': 26, 'fitness': 0.05421489537837898, 'generation': 389}","{'id': 21522, 'rank': 27, 'fitness': 0.05219144822866484, 'generation': 389}","{'id': 21561, 'rank': 28, 'fitness': 0.040879150539179065, 'generation': 389}","{'id': 21539, 'rank': 29, 'fitness': 0.033872154737554394, 'generation': 389}","{'id': 21518, 'rank': 30, 'fitness': 0.01798620996209155, 'generation': 389}"
"{'id': 21607, 'rank': 1, 'fitness': 0.9820137900379085, 'generation': 390}","{'id': 21259, 'rank': 2, 'fitness': 0.9767671328157612, 'generation': 390}","{'id': 21497, 'rank': 3, 'fitness': 0.9539797073627085, 'generation': 390}","{'id': 21494, 'rank': 4, 'fitness': 0.8979786089887014, 'generation': 390}","{'id': 21494, 'rank': 5, 'fitness': 0.8979786089887014, 'generation': 390}","{'id': 21494, 'rank': 6, 'fitness': 0.8979786089887014, 'generation': 390}","{'id': 21494, 'rank': 7, 'fitness': 0.8979786089887014, 'generation': 390}","{'id': 21448, 'rank': 8, 'fitness': 0.7742042827880979, 'generation': 390}","{'id': 21588, 'rank': 9, 'fitness': 0.7590462772137034, 'generation': 390}","{'id': 21588, 'rank': 10, 'fitness': 0.7590462772137034, 'generation': 390}","{'id': 21279, 'rank': 11, 'fitness': 0.7549794417477858, 'generation': 390}","{'id': 21279, 'rank': 12, 'fitness': 0.7549794417477858, 'generation': 390}","{'id': 21598, 'rank': 13, 'fitness': 0.6686884183829925, 'generation': 390}","{'id': 21600, 'rank': 14, 'fitness': 0.6470445834467032, 'generation': 390}","{'id': 21577, 'rank': 15, 'fitness': 0.5697352358413738, 'generation': 390}","{'id': 21507, 'rank': 16, 'fitness': 0.5444480113488099, 'generation': 390}","{'id': 21507, 'rank': 17, 'fitness': 0.5444480113488099, 'generation': 390}","{'id': 21612, 'rank': 18, 'fitness': 0.42445505208909945, 'generation': 390}","{'id': 21612, 'rank': 19, 'fitness': 0.42445505208909945, 'generation': 390}","{'id': 21363, 'rank': 20, 'fitness': 0.26686844338713245, 'generation': 390}","{'id': 21463, 'rank': 21, 'fitness': 0.2284664156815806, 'generation': 390}","{'id': 21463, 'rank': 22, 'fitness': 0.2284664156815806, 'generation': 390}","{'id': 21533, 'rank': 23, 'fitness': 0.19476164815414565, 'generation': 390}","{'id': 21616, 'rank': 24, 'fitness': 0.12518899973560615, 'generation': 390}","{'id': 21557, 'rank': 25, 'fitness': 0.12024621618211812, 'generation': 390}","{'id': 21582, 'rank': 26, 'fitness': 0.08611233283077901, 'generation': 390}","{'id': 21582, 'rank': 27, 'fitness': 0.08611233283077901, 'generation': 390}","{'id': 21602, 'rank': 28, 'fitness': 0.052102625157521065, 'generation': 390}","{'id': 21522, 'rank': 29, 'fitness': 0.02919665200326843, 'generation': 390}","{'id': 21581, 'rank': 30, 'fitness': 0.01798620996209155, 'generation': 390}"
"{'id': 21607, 'rank': 1, 'fitness': 0.9820137900379085, 'generation': 391}","{'id': 21679, 'rank': 2, 'fitness': 0.9180948269190246, 'generation': 391}","{'id': 21494, 'rank': 3, 'fitness': 0.873646850513164, 'generation': 391}","{'id': 21494, 'rank': 4, 'fitness': 0.873646850513164, 'generation': 391}","{'id': 21494, 'rank': 5, 'fitness': 0.873646850513164, 'generation': 391}","{'id': 21675, 'rank': 6, 'fitness': 0.7619388490796135, 'generation': 391}","{'id': 21662, 'rank': 7, 'fitness': 0.7456645526850427, 'generation': 391}","{'id': 21654, 'rank': 8, 'fitness': 0.7355823501715543, 'generation': 391}","{'id': 21661, 'rank': 9, 'fitness': 0.7096776856288092, 'generation': 391}","{'id': 21588, 'rank': 10, 'fitness': 0.6835636945959567, 'generation': 391}","{'id': 21588, 'rank': 11, 'fitness': 0.6835636945959567, 'generation': 391}","{'id': 21598, 'rank': 12, 'fitness': 0.5661400347397713, 'generation': 391}","{'id': 21600, 'rank': 13, 'fitness': 0.5392225560500188, 'generation': 391}","{'id': 21577, 'rank': 14, 'fitness': 0.44741721125643424, 'generation': 391}","{'id': 21577, 'rank': 15, 'fitness': 0.44741721125643424, 'generation': 391}","{'id': 21612, 'rank': 16, 'fitness': 0.29446424709206664, 'generation': 391}","{'id': 21652, 'rank': 17, 'fitness': 0.13699166445771416, 'generation': 391}","{'id': 21463, 'rank': 18, 'fitness': 0.1293229140743749, 'generation': 391}","{'id': 21463, 'rank': 19, 'fitness': 0.1293229140743749, 'generation': 391}","{'id': 21463, 'rank': 20, 'fitness': 0.1293229140743749, 'generation': 391}","{'id': 21643, 'rank': 21, 'fitness': 0.10659083972022354, 'generation': 391}","{'id': 21631, 'rank': 22, 'fitness': 0.0952913447330122, 'generation': 391}","{'id': 21676, 'rank': 23, 'fitness': 0.09244488787518368, 'generation': 391}","{'id': 21632, 'rank': 24, 'fitness': 0.0916694031749749, 'generation': 391}","{'id': 21632, 'rank': 25, 'fitness': 0.0916694031749749, 'generation': 391}","{'id': 21666, 'rank': 26, 'fitness': 0.088236046005362, 'generation': 391}","{'id': 21666, 'rank': 27, 'fitness': 0.088236046005362, 'generation': 391}","{'id': 21557, 'rank': 28, 'fitness': 0.05828734715758904, 'generation': 391}","{'id': 21641, 'rank': 29, 'fitness': 0.035796631375409005, 'generation': 391}","{'id': 21649, 'rank': 30, 'fitness': 0.01798620996209155, 'generation': 391}"
"{'id': 21699, 'rank': 1, 'fitness': 0.9820137900379085, 'generation': 392}","{'id': 21699, 'rank': 2, 'fitness': 0.9820137900379085, 'generation': 392}","{'id': 21699, 'rank': 3, 'fitness': 0.9820137900379085, 'generation': 392}","{'id': 21699, 'rank': 4, 'fitness': 0.9820137900379085, 'generation': 392}","{'id': 21607, 'rank': 5, 'fitness': 0.9521094070466201, 'generation': 392}","{'id': 21607, 'rank': 6, 'fitness': 0.9521094070466201, 'generation': 392}","{'id': 21607, 'rank': 7, 'fitness': 0.9521094070466201, 'generation': 392}","{'id': 21607, 'rank': 8, 'fitness': 0.9521094070466201, 'generation': 392}","{'id': 21730, 'rank': 9, 'fitness': 0.8880277420235323, 'generation': 392}","{'id': 21494, 'rank': 10, 'fitness': 0.766012487802233, 'generation': 392}","{'id': 21662, 'rank': 11, 'fitness': 0.607538772337469, 'generation': 392}","{'id': 21662, 'rank': 12, 'fitness': 0.607538772337469, 'generation': 392}","{'id': 21695, 'rank': 13, 'fitness': 0.5974105848884451, 'generation': 392}","{'id': 21661, 'rank': 14, 'fitness': 0.5691237498751289, 'generation': 392}","{'id': 21598, 'rank': 15, 'fitness': 0.4329901043202508, 'generation': 392}","{'id': 21600, 'rank': 16, 'fitness': 0.40981511305112417, 'generation': 392}","{'id': 21600, 'rank': 17, 'fitness': 0.40981511305112417, 'generation': 392}","{'id': 21713, 'rank': 18, 'fitness': 0.155832467314387, 'generation': 392}","{'id': 21713, 'rank': 19, 'fitness': 0.155832467314387, 'generation': 392}","{'id': 21713, 'rank': 20, 'fitness': 0.155832467314387, 'generation': 392}","{'id': 21691, 'rank': 21, 'fitness': 0.14827163702009039, 'generation': 392}","{'id': 21652, 'rank': 22, 'fitness': 0.10826367653228108, 'generation': 392}","{'id': 21463, 'rank': 23, 'fitness': 0.10278916284712292, 'generation': 392}","{'id': 21706, 'rank': 24, 'fitness': 0.0786172401785647, 'generation': 392}","{'id': 21632, 'rank': 25, 'fitness': 0.07558067973845023, 'generation': 392}","{'id': 21682, 'rank': 26, 'fitness': 0.0751768265539744, 'generation': 392}","{'id': 21689, 'rank': 27, 'fitness': 0.06737102611315776, 'generation': 392}","{'id': 21728, 'rank': 28, 'fitness': 0.0634607621325054, 'generation': 392}","{'id': 21705, 'rank': 29, 'fitness': 0.06258703503865709, 'generation': 392}","{'id': 21698, 'rank': 30, 'fitness': 0.01798620996209155, 'generation': 392}"
"{'id': 21769, 'rank': 1, 'fitness': 0.9820137900379085, 'generation': 393}","{'id': 21774, 'rank': 2, 'fitness': 0.9533555384746999, 'generation': 393}","{'id': 21607, 'rank': 3, 'fitness': 0.9264711166344985, 'generation': 393}","{'id': 21607, 'rank': 4, 'fitness': 0.9264711166344985, 'generation': 393}","{'id': 21607, 'rank': 5, 'fitness': 0.9264711166344985, 'generation': 393}","{'id': 21607, 'rank': 6, 'fitness': 0.9264711166344985, 'generation': 393}","{'id': 21607, 'rank': 7, 'fitness': 0.9264711166344985, 'generation': 393}","{'id': 21734, 'rank': 8, 'fitness': 0.895039477684014, 'generation': 393}","{'id': 21730, 'rank': 9, 'fitness': 0.8620422389302621, 'generation': 393}","{'id': 21767, 'rank': 10, 'fitness': 0.6515965097300034, 'generation': 393}","{'id': 21767, 'rank': 11, 'fitness': 0.6515965097300034, 'generation': 393}","{'id': 21662, 'rank': 12, 'fitness': 0.6423392085741026, 'generation': 393}","{'id': 21662, 'rank': 13, 'fitness': 0.6423392085741026, 'generation': 393}","{'id': 21695, 'rank': 14, 'fitness': 0.6348908998290341, 'generation': 393}","{'id': 21661, 'rank': 15, 'fitness': 0.6140616200661281, 'generation': 393}","{'id': 21661, 'rank': 16, 'fitness': 0.6140616200661281, 'generation': 393}","{'id': 21738, 'rank': 17, 'fitness': 0.5932641523186993, 'generation': 393}","{'id': 21738, 'rank': 18, 'fitness': 0.5932641523186993, 'generation': 393}","{'id': 21736, 'rank': 19, 'fitness': 0.3463710572471902, 'generation': 393}","{'id': 21786, 'rank': 20, 'fitness': 0.3390059750207772, 'generation': 393}","{'id': 21652, 'rank': 21, 'fitness': 0.20470485047530484, 'generation': 393}","{'id': 21744, 'rank': 22, 'fitness': 0.1807406830079984, 'generation': 393}","{'id': 21744, 'rank': 23, 'fitness': 0.1807406830079984, 'generation': 393}","{'id': 21706, 'rank': 24, 'fitness': 0.16433825820583597, 'generation': 393}","{'id': 21731, 'rank': 25, 'fitness': 0.0759605953765583, 'generation': 393}","{'id': 21753, 'rank': 26, 'fitness': 0.07339261766098504, 'generation': 393}","{'id': 21749, 'rank': 27, 'fitness': 0.05738490315337924, 'generation': 393}","{'id': 21760, 'rank': 28, 'fitness': 0.04582098343541868, 'generation': 393}","{'id': 21763, 'rank': 29, 'fitness': 0.041553634741299805, 'generation': 393}","{'id': 21780, 'rank': 30, 'fitness': 0.01798620996209155, 'generation': 393}"
"{'id': 21607, 'rank': 1, 'fitness': 0.9820137900379085, 'generation': 394}","{'id': 21838, 'rank': 2, 'fitness': 0.9681947979457747, 'generation': 394}","{'id': 21815, 'rank': 3, 'fitness': 0.9484952210357802, 'generation': 394}","{'id': 21836, 'rank': 4, 'fitness': 0.9478752714073071, 'generation': 394}","{'id': 21797, 'rank': 5, 'fitness': 0.8472024147841121, 'generation': 394}","{'id': 21767, 'rank': 6, 'fitness': 0.7874142113816067, 'generation': 394}","{'id': 21767, 'rank': 7, 'fitness': 0.7874142113816067, 'generation': 394}","{'id': 21662, 'rank': 8, 'fitness': 0.7776874151144109, 'generation': 394}","{'id': 21809, 'rank': 9, 'fitness': 0.7734302750453438, 'generation': 394}","{'id': 21661, 'rank': 10, 'fitness': 0.7467621619012148, 'generation': 394}","{'id': 21661, 'rank': 11, 'fitness': 0.7467621619012148, 'generation': 394}","{'id': 21837, 'rank': 12, 'fitness': 0.5063052821369884, 'generation': 394}","{'id': 21736, 'rank': 13, 'fitness': 0.3847881012790619, 'generation': 394}","{'id': 21801, 'rank': 14, 'fitness': 0.22962314051115257, 'generation': 394}","{'id': 21840, 'rank': 15, 'fitness': 0.22959133086534111, 'generation': 394}","{'id': 21840, 'rank': 16, 'fitness': 0.22959133086534111, 'generation': 394}","{'id': 21822, 'rank': 17, 'fitness': 0.20538200102504506, 'generation': 394}","{'id': 21818, 'rank': 18, 'fitness': 0.18708545344066807, 'generation': 394}","{'id': 21805, 'rank': 19, 'fitness': 0.17659372843188564, 'generation': 394}","{'id': 21805, 'rank': 20, 'fitness': 0.17659372843188564, 'generation': 394}","{'id': 21744, 'rank': 21, 'fitness': 0.1537815611774873, 'generation': 394}","{'id': 21744, 'rank': 22, 'fitness': 0.1537815611774873, 'generation': 394}","{'id': 21814, 'rank': 23, 'fitness': 0.12905352206538012, 'generation': 394}","{'id': 21841, 'rank': 24, 'fitness': 0.08541296228244954, 'generation': 394}","{'id': 21795, 'rank': 25, 'fitness': 0.08270078481731191, 'generation': 394}","{'id': 21833, 'rank': 26, 'fitness': 0.045706352089839586, 'generation': 394}","{'id': 21803, 'rank': 27, 'fitness': 0.02504276998105609, 'generation': 394}","{'id': 21803, 'rank': 28, 'fitness': 0.02504276998105609, 'generation': 394}","{'id': 21816, 'rank': 29, 'fitness': 0.021929687577785406, 'generation': 394}","{'id': 21763, 'rank': 30, 'fitness': 0.01798620996209155, 'generation': 394}"
"{'id': 21607, 'rank': 1, 'fitness': 0.9820137900379085, 'generation': 395}","{'id': 21607, 'rank': 2, 'fitness': 0.9820137900379085, 'generation': 395}","{'id': 21815, 'rank': 3, 'fitness': 0.9508522002675751, 'generation': 395}","{'id': 21836, 'rank': 4, 'fitness': 0.9502861958943716, 'generation': 395}","{'id': 21836, 'rank': 5, 'fitness': 0.9502861958943716, 'generation': 395}","{'id': 21856, 'rank': 6, 'fitness': 0.9315618822931961, 'generation': 395}","{'id': 21856, 'rank': 7, 'fitness': 0.9315618822931961, 'generation': 395}","{'id': 21857, 'rank': 8, 'fitness': 0.9244219000007438, 'generation': 395}","{'id': 21857, 'rank': 9, 'fitness': 0.9244219000007438, 'generation': 395}","{'id': 21857, 'rank': 10, 'fitness': 0.9244219000007438, 'generation': 395}","{'id': 21855, 'rank': 11, 'fitness': 0.8540095309350699, 'generation': 395}","{'id': 21882, 'rank': 12, 'fitness': 0.8236794141295002, 'generation': 395}","{'id': 21736, 'rank': 13, 'fitness': 0.43378235360514583, 'generation': 395}","{'id': 21860, 'rank': 14, 'fitness': 0.4307921925912102, 'generation': 395}","{'id': 21879, 'rank': 15, 'fitness': 0.3533998654028415, 'generation': 395}","{'id': 21840, 'rank': 16, 'fitness': 0.27405691602460935, 'generation': 395}","{'id': 21840, 'rank': 17, 'fitness': 0.27405691602460935, 'generation': 395}","{'id': 21902, 'rank': 18, 'fitness': 0.2697064203358705, 'generation': 395}","{'id': 21744, 'rank': 19, 'fitness': 0.19056989257779122, 'generation': 395}","{'id': 21889, 'rank': 20, 'fitness': 0.17680740801972217, 'generation': 395}","{'id': 21814, 'rank': 21, 'fitness': 0.16230771088904533, 'generation': 395}","{'id': 21814, 'rank': 22, 'fitness': 0.16230771088904533, 'generation': 395}","{'id': 21795, 'rank': 23, 'fitness': 0.10760338773546546, 'generation': 395}","{'id': 21870, 'rank': 24, 'fitness': 0.0848747768546797, 'generation': 395}","{'id': 21878, 'rank': 25, 'fitness': 0.07668840661604248, 'generation': 395}","{'id': 21878, 'rank': 26, 'fitness': 0.07668840661604248, 'generation': 395}","{'id': 21878, 'rank': 27, 'fitness': 0.07668840661604248, 'generation': 395}","{'id': 21833, 'rank': 28, 'fitness': 0.06184518971502051, 'generation': 395}","{'id': 21900, 'rank': 29, 'fitness': 0.024461092933634243, 'generation': 395}","{'id': 21887, 'rank': 30, 'fitness': 0.01798620996209155, 'generation': 395}"
"{'id': 21946, 'rank': 1, 'fitness': 0.9820137900379085, 'generation': 396}","{'id': 21946, 'rank': 2, 'fitness': 0.9820137900379085, 'generation': 396}","{'id': 21936, 'rank': 3, 'fitness': 0.9647678961941238, 'generation': 396}","{'id': 21915, 'rank': 4, 'fitness': 0.9647168745777768, 'generation': 396}","{'id': 21607, 'rank': 5, 'fitness': 0.9265323396757119, 'generation': 396}","{'id': 21815, 'rank': 6, 'fitness': 0.8682934123927273, 'generation': 396}","{'id': 21815, 'rank': 7, 'fitness': 0.8682934123927273, 'generation': 396}","{'id': 21836, 'rank': 8, 'fitness': 0.8674297281928942, 'generation': 396}","{'id': 21836, 'rank': 9, 'fitness': 0.8674297281928942, 'generation': 396}","{'id': 21836, 'rank': 10, 'fitness': 0.8674297281928942, 'generation': 396}","{'id': 21930, 'rank': 11, 'fitness': 0.8615474982115612, 'generation': 396}","{'id': 21856, 'rank': 12, 'fitness': 0.8410590407735855, 'generation': 396}","{'id': 21856, 'rank': 13, 'fitness': 0.8410590407735855, 'generation': 396}","{'id': 21857, 'rank': 14, 'fitness': 0.8319168524219788, 'generation': 396}","{'id': 21857, 'rank': 15, 'fitness': 0.8319168524219788, 'generation': 396}","{'id': 21857, 'rank': 16, 'fitness': 0.8319168524219788, 'generation': 396}","{'id': 21924, 'rank': 17, 'fitness': 0.7781549435429362, 'generation': 396}","{'id': 21928, 'rank': 18, 'fitness': 0.7157974917943076, 'generation': 396}","{'id': 21928, 'rank': 19, 'fitness': 0.7157974917943076, 'generation': 396}","{'id': 21957, 'rank': 20, 'fitness': 0.647666923133567, 'generation': 396}","{'id': 21961, 'rank': 21, 'fitness': 0.5108731234807233, 'generation': 396}","{'id': 21736, 'rank': 22, 'fitness': 0.46683299849075605, 'generation': 396}","{'id': 21840, 'rank': 23, 'fitness': 0.36000731524295304, 'generation': 396}","{'id': 21840, 'rank': 24, 'fitness': 0.36000731524295304, 'generation': 396}","{'id': 21963, 'rank': 25, 'fitness': 0.22864984465649263, 'generation': 396}","{'id': 21965, 'rank': 26, 'fitness': 0.19354337264030191, 'generation': 396}","{'id': 21965, 'rank': 27, 'fitness': 0.19354337264030191, 'generation': 396}","{'id': 21942, 'rank': 28, 'fitness': 0.15813605277016518, 'generation': 396}","{'id': 21935, 'rank': 29, 'fitness': 0.14872119991772065, 'generation': 396}","{'id': 21939, 'rank': 30, 'fitness': 0.01798620996209155, 'generation': 396}"
"{'id': 21946, 'rank': 1, 'fitness': 0.9820137900379085, 'generation': 397}","{'id': 21915, 'rank': 2, 'fitness': 0.9570666878143451, 'generation': 397}","{'id': 21915, 'rank': 3, 'fitness': 0.9570666878143451, 'generation': 397}","{'id': 21607, 'rank': 4, 'fitness': 0.8910882642986093, 'generation': 397}","{'id': 21607, 'rank': 5, 'fitness': 0.8910882642986093, 'generation': 397}","{'id': 21815, 'rank': 6, 'fitness': 0.7793226528353913, 'generation': 397}","{'id': 21836, 'rank': 7, 'fitness': 0.7776403816332114, 'generation': 397}","{'id': 21857, 'rank': 8, 'fitness': 0.7089715349627987, 'generation': 397}","{'id': 21857, 'rank': 9, 'fitness': 0.7089715349627987, 'generation': 397}","{'id': 21857, 'rank': 10, 'fitness': 0.7089715349627987, 'generation': 397}","{'id': 21991, 'rank': 11, 'fitness': 0.632915279208651, 'generation': 397}","{'id': 21991, 'rank': 12, 'fitness': 0.632915279208651, 'generation': 397}","{'id': 21924, 'rank': 13, 'fitness': 0.609305796999591, 'generation': 397}","{'id': 21928, 'rank': 14, 'fitness': 0.5038380335991773, 'generation': 397}","{'id': 21928, 'rank': 15, 'fitness': 0.5038380335991773, 'generation': 397}","{'id': 21957, 'rank': 16, 'fitness': 0.4031050040162535, 'generation': 397}","{'id': 22016, 'rank': 17, 'fitness': 0.2707334524931651, 'generation': 397}","{'id': 21993, 'rank': 18, 'fitness': 0.12868414365634606, 'generation': 397}","{'id': 21840, 'rank': 19, 'fitness': 0.12715811281462808, 'generation': 397}","{'id': 21988, 'rank': 20, 'fitness': 0.1059254984374442, 'generation': 397}","{'id': 22020, 'rank': 21, 'fitness': 0.07187063029659885, 'generation': 397}","{'id': 21967, 'rank': 22, 'fitness': 0.05895679229193307, 'generation': 397}","{'id': 21985, 'rank': 23, 'fitness': 0.05450837376115364, 'generation': 397}","{'id': 21977, 'rank': 24, 'fitness': 0.0531379181685373, 'generation': 397}","{'id': 21977, 'rank': 25, 'fitness': 0.0531379181685373, 'generation': 397}","{'id': 22023, 'rank': 26, 'fitness': 0.04068108403653509, 'generation': 397}","{'id': 21968, 'rank': 27, 'fitness': 0.037955382972043594, 'generation': 397}","{'id': 21981, 'rank': 28, 'fitness': 0.0289413304513515, 'generation': 397}","{'id': 21996, 'rank': 29, 'fitness': 0.022044093519208052, 'generation': 397}","{'id': 21987, 'rank': 30, 'fitness': 0.01798620996209155, 'generation': 397}"
"{'id': 21946, 'rank': 1, 'fitness': 0.9820137900379085, 'generation': 398}","{'id': 21915, 'rank': 2, 'fitness': 0.9582586048030602, 'generation': 398}","{'id': 22070, 'rank': 3, 'fitness': 0.9510126545350084, 'generation': 398}","{'id': 22070, 'rank': 4, 'fitness': 0.9510126545350084, 'generation': 398}","{'id': 21607, 'rank': 5, 'fitness': 0.8969883801120705, 'generation': 398}","{'id': 21607, 'rank': 6, 'fitness': 0.8969883801120705, 'generation': 398}","{'id': 21815, 'rank': 7, 'fitness': 0.7943900502448025, 'generation': 398}","{'id': 22071, 'rank': 8, 'fitness': 0.770564946771179, 'generation': 398}","{'id': 22026, 'rank': 9, 'fitness': 0.7447862849142154, 'generation': 398}","{'id': 21857, 'rank': 10, 'fitness': 0.7295718662268055, 'generation': 398}","{'id': 21857, 'rank': 11, 'fitness': 0.7295718662268055, 'generation': 398}","{'id': 21924, 'rank': 12, 'fitness': 0.6367047049116075, 'generation': 398}","{'id': 22055, 'rank': 13, 'fitness': 0.5264528406293573, 'generation': 398}","{'id': 22055, 'rank': 14, 'fitness': 0.5264528406293573, 'generation': 398}","{'id': 22039, 'rank': 15, 'fitness': 0.36507203178139047, 'generation': 398}","{'id': 22077, 'rank': 16, 'fitness': 0.2333591984094875, 'generation': 398}","{'id': 22064, 'rank': 17, 'fitness': 0.15904845301661574, 'generation': 398}","{'id': 21840, 'rank': 18, 'fitness': 0.15035476060992076, 'generation': 398}","{'id': 22062, 'rank': 19, 'fitness': 0.13117354186823676, 'generation': 398}","{'id': 22076, 'rank': 20, 'fitness': 0.11619346754208537, 'generation': 398}","{'id': 22068, 'rank': 21, 'fitness': 0.08931991053265798, 'generation': 398}","{'id': 22068, 'rank': 22, 'fitness': 0.08931991053265798, 'generation': 398}","{'id': 22020, 'rank': 23, 'fitness': 0.08761898035679794, 'generation': 398}","{'id': 21967, 'rank': 24, 'fitness': 0.07256184338602101, 'generation': 398}","{'id': 22063, 'rank': 25, 'fitness': 0.06839897299563041, 'generation': 398}","{'id': 22056, 'rank': 26, 'fitness': 0.060213802212414014, 'generation': 398}","{'id': 22056, 'rank': 27, 'fitness': 0.060213802212414014, 'generation': 398}","{'id': 22049, 'rank': 28, 'fitness': 0.05589144963778736, 'generation': 398}","{'id': 21996, 'rank': 29, 'fitness': 0.028286596952303233, 'generation': 398}","{'id': 22066, 'rank': 30, 'fitness': 0.01798620996209155, 'generation': 398}"
"{'id': 21915, 'rank': 1, 'fitness': 0.9820137900379085, 'generation': 399}","{'id': 21915, 'rank': 2, 'fitness': 0.9820137900379085, 'generation': 399}","{'id': 21915, 'rank': 3, 'fitness': 0.9820137900379085, 'generation': 399}","{'id': 22108, 'rank': 4, 'fitness': 0.9799472899534111, 'generation': 399}","{'id': 22108, 'rank': 5, 'fitness': 0.9799472899534111, 'generation': 399}","{'id': 22108, 'rank': 6, 'fitness': 0.9799472899534111, 'generation': 399}","{'id': 22108, 'rank': 7, 'fitness': 0.9799472899534111, 'generation': 399}","{'id': 21607, 'rank': 8, 'fitness': 0.9478371175250185, 'generation': 399}","{'id': 22096, 'rank': 9, 'fitness': 0.9367368601459707, 'generation': 399}","{'id': 21815, 'rank': 10, 'fitness': 0.8784241936105733, 'generation': 399}","{'id': 22079, 'rank': 11, 'fitness': 0.8608765912124625, 'generation': 399}","{'id': 22071, 'rank': 12, 'fitness': 0.8603986828673488, 'generation': 399}","{'id': 22071, 'rank': 13, 'fitness': 0.8603986828673488, 'generation': 399}","{'id': 22026, 'rank': 14, 'fitness': 0.8401230932676321, 'generation': 399}","{'id': 22105, 'rank': 15, 'fitness': 0.819115732781331, 'generation': 399}","{'id': 22055, 'rank': 16, 'fitness': 0.6373494250040854, 'generation': 399}","{'id': 22080, 'rank': 17, 'fitness': 0.5474636989306544, 'generation': 399}","{'id': 22133, 'rank': 18, 'fitness': 0.5005892102295448, 'generation': 399}","{'id': 22103, 'rank': 19, 'fitness': 0.46806450988103404, 'generation': 399}","{'id': 22039, 'rank': 20, 'fitness': 0.45403382744365806, 'generation': 399}","{'id': 22115, 'rank': 21, 'fitness': 0.25351670386583897, 'generation': 399}","{'id': 21840, 'rank': 22, 'fitness': 0.17920478413484425, 'generation': 399}","{'id': 22083, 'rank': 23, 'fitness': 0.16971894852427982, 'generation': 399}","{'id': 22126, 'rank': 24, 'fitness': 0.11283166664294442, 'generation': 399}","{'id': 22056, 'rank': 25, 'fitness': 0.06448211278277849, 'generation': 399}","{'id': 22131, 'rank': 26, 'fitness': 0.05997818403665511, 'generation': 399}","{'id': 22131, 'rank': 27, 'fitness': 0.05997818403665511, 'generation': 399}","{'id': 22118, 'rank': 28, 'fitness': 0.03908887704733788, 'generation': 399}","{'id': 22100, 'rank': 29, 'fitness': 0.027925686020456086, 'generation': 399}","{'id': 22130, 'rank': 30, 'fitness': 0.01798620996209155, 'generation': 399}"
"{'id': 21915, 'rank': 1, 'fitness': 0.9820137900379085, 'generation': 400}","{'id': 22108, 'rank': 2, 'fitness': 0.9800512317974355, 'generation': 400}","{'id': 22108, 'rank': 3, 'fitness': 0.9800512317974355, 'generation': 400}","{'id': 21607, 'rank': 4, 'fitness': 0.950378506533915, 'generation': 400}","{'id': 21607, 'rank': 5, 'fitness': 0.950378506533915, 'generation': 400}","{'id': 21607, 'rank': 6, 'fitness': 0.950378506533915, 'generation': 400}","{'id': 22163, 'rank': 7, 'fitness': 0.9283658780451741, 'generation': 400}","{'id': 22140, 'rank': 8, 'fitness': 0.8595616093249155, 'generation': 400}","{'id': 22026, 'rank': 9, 'fitness': 0.8545960554840912, 'generation': 400}","{'id': 22165, 'rank': 10, 'fitness': 0.839083850588759, 'generation': 400}","{'id': 22105, 'rank': 11, 'fitness': 0.8360947305289009, 'generation': 400}","{'id': 22105, 'rank': 12, 'fitness': 0.8360947305289009, 'generation': 400}","{'id': 22167, 'rank': 13, 'fitness': 0.8328542288092459, 'generation': 400}","{'id': 22178, 'rank': 14, 'fitness': 0.7927726415134702, 'generation': 400}","{'id': 22143, 'rank': 15, 'fitness': 0.740681090104295, 'generation': 400}","{'id': 22162, 'rank': 16, 'fitness': 0.7397931547130747, 'generation': 400}","{'id': 22179, 'rank': 17, 'fitness': 0.677746137498116, 'generation': 400}","{'id': 22055, 'rank': 18, 'fitness': 0.6744181812408538, 'generation': 400}","{'id': 22055, 'rank': 19, 'fitness': 0.6744181812408538, 'generation': 400}","{'id': 22133, 'rank': 20, 'fitness': 0.5482429770305867, 'generation': 400}","{'id': 22174, 'rank': 21, 'fitness': 0.3220510873262018, 'generation': 400}","{'id': 22115, 'rank': 22, 'fitness': 0.30217603306146495, 'generation': 400}","{'id': 22154, 'rank': 23, 'fitness': 0.2839896354690113, 'generation': 400}","{'id': 22158, 'rank': 24, 'fitness': 0.21616609513151763, 'generation': 400}","{'id': 22156, 'rank': 25, 'fitness': 0.1509522429719749, 'generation': 400}","{'id': 22126, 'rank': 26, 'fitness': 0.1452726114526285, 'generation': 400}","{'id': 22118, 'rank': 27, 'fitness': 0.054292244127122136, 'generation': 400}","{'id': 22144, 'rank': 28, 'fitness': 0.0433450686033377, 'generation': 400}","{'id': 22182, 'rank': 29, 'fitness': 0.020879448762518737, 'generation': 400}","{'id': 22155, 'rank': 30, 'fitness': 0.01798620996209155, 'generation': 400}"
"{'id': 21915, 'rank': 1, 'fitness': 0.9820137900379085, 'generation': 401}","{'id': 21915, 'rank': 2, 'fitness': 0.9820137900379085, 'generation': 401}","{'id': 21607, 'rank': 3, 'fitness': 0.9547361839309194, 'generation': 401}","{'id': 21607, 'rank': 4, 'fitness': 0.9547361839309194, 'generation': 401}","{'id': 22163, 'rank': 5, 'fitness': 0.9366907445489911, 'generation': 401}","{'id': 22246, 'rank': 6, 'fitness': 0.9310986094131924, 'generation': 401}","{'id': 22246, 'rank': 7, 'fitness': 0.9310986094131924, 'generation': 401}","{'id': 22242, 'rank': 8, 'fitness': 0.8669242642866967, 'generation': 401}","{'id': 22242, 'rank': 9, 'fitness': 0.8669242642866967, 'generation': 401}","{'id': 22178, 'rank': 10, 'fitness': 0.8301334689708182, 'generation': 401}","{'id': 22143, 'rank': 11, 'fitness': 0.789394640816302, 'generation': 401}","{'id': 22162, 'rank': 12, 'fitness': 0.7886967985281288, 'generation': 401}","{'id': 22162, 'rank': 13, 'fitness': 0.7886967985281288, 'generation': 401}","{'id': 22162, 'rank': 14, 'fitness': 0.7886967985281288, 'generation': 401}","{'id': 22162, 'rank': 15, 'fitness': 0.7886967985281288, 'generation': 401}","{'id': 22055, 'rank': 16, 'fitness': 0.7368379372081828, 'generation': 401}","{'id': 22055, 'rank': 17, 'fitness': 0.7368379372081828, 'generation': 401}","{'id': 22220, 'rank': 18, 'fitness': 0.6632160391569679, 'generation': 401}","{'id': 22223, 'rank': 19, 'fitness': 0.6260152247401319, 'generation': 401}","{'id': 22115, 'rank': 20, 'fitness': 0.4033740273369663, 'generation': 401}","{'id': 22204, 'rank': 21, 'fitness': 0.355768758766812, 'generation': 401}","{'id': 22212, 'rank': 22, 'fitness': 0.33555521943476496, 'generation': 401}","{'id': 22158, 'rank': 23, 'fitness': 0.3097988571601039, 'generation': 401}","{'id': 22126, 'rank': 24, 'fitness': 0.22434944113544192, 'generation': 401}","{'id': 22256, 'rank': 25, 'fitness': 0.16149280262249288, 'generation': 401}","{'id': 22234, 'rank': 26, 'fitness': 0.15310096292050196, 'generation': 401}","{'id': 22236, 'rank': 27, 'fitness': 0.10281600001402746, 'generation': 401}","{'id': 22203, 'rank': 28, 'fitness': 0.06525039132921706, 'generation': 401}","{'id': 22240, 'rank': 29, 'fitness': 0.061790624295055774, 'generation': 401}","{'id': 22200, 'rank': 30, 'fitness': 0.01798620996209155, 'generation': 401}"
"{'id': 21915, 'rank': 1, 'fitness': 0.9820137900379085, 'generation': 402}","{'id': 21607, 'rank': 2, 'fitness': 0.9566131148010746, 'generation': 402}","{'id': 22163, 'rank': 3, 'fitness': 0.9402040515013967, 'generation': 402}","{'id': 22242, 'rank': 4, 'fitness': 0.8779427812458788, 'generation': 402}","{'id': 22242, 'rank': 5, 'fitness': 0.8779427812458788, 'generation': 402}","{'id': 22178, 'rank': 6, 'fitness': 0.8454074529217264, 'generation': 402}","{'id': 22261, 'rank': 7, 'fitness': 0.8310217127422447, 'generation': 402}","{'id': 22162, 'rank': 8, 'fitness': 0.8087791306216814, 'generation': 402}","{'id': 22162, 'rank': 9, 'fitness': 0.8087791306216814, 'generation': 402}","{'id': 22162, 'rank': 10, 'fitness': 0.8087791306216814, 'generation': 402}","{'id': 22055, 'rank': 11, 'fitness': 0.7627837134264581, 'generation': 402}","{'id': 22220, 'rank': 12, 'fitness': 0.6968752127411937, 'generation': 402}","{'id': 22223, 'rank': 13, 'fitness': 0.6631880564543106, 'generation': 402}","{'id': 22270, 'rank': 14, 'fitness': 0.54417312917639, 'generation': 402}","{'id': 22287, 'rank': 15, 'fitness': 0.525230895462866, 'generation': 402}","{'id': 22115, 'rank': 16, 'fitness': 0.45343283486799235, 'generation': 402}","{'id': 22300, 'rank': 17, 'fitness': 0.4289009333742159, 'generation': 402}","{'id': 22306, 'rank': 18, 'fitness': 0.42764722098159336, 'generation': 402}","{'id': 22310, 'rank': 19, 'fitness': 0.39188611095231385, 'generation': 402}","{'id': 22310, 'rank': 20, 'fitness': 0.39188611095231385, 'generation': 402}","{'id': 22158, 'rank': 21, 'fitness': 0.3595409632227066, 'generation': 402}","{'id': 22297, 'rank': 22, 'fitness': 0.25949777694774356, 'generation': 402}","{'id': 22274, 'rank': 23, 'fitness': 0.2196117937238682, 'generation': 402}","{'id': 22256, 'rank': 24, 'fitness': 0.20036156484890688, 'generation': 402}","{'id': 22277, 'rank': 25, 'fitness': 0.12241423502001852, 'generation': 402}","{'id': 22314, 'rank': 26, 'fitness': 0.08948654144992951, 'generation': 402}","{'id': 22308, 'rank': 27, 'fitness': 0.07987055980009244, 'generation': 402}","{'id': 22299, 'rank': 28, 'fitness': 0.048750024139625925, 'generation': 402}","{'id': 22304, 'rank': 29, 'fitness': 0.0442470530550626, 'generation': 402}","{'id': 22295, 'rank': 30, 'fitness': 0.01798620996209155, 'generation': 402}"
"{'id': 22337, 'rank': 1, 'fitness': 0.9820137900379085, 'generation': 403}","{'id': 22242, 'rank': 2, 'fitness': 0.9731727335738048, 'generation': 403}","{'id': 22242, 'rank': 3, 'fitness': 0.9731727335738048, 'generation': 403}","{'id': 22178, 'rank': 4, 'fitness': 0.9602764414489003, 'generation': 403}","{'id': 22178, 'rank': 5, 'fitness': 0.9602764414489003, 'generation': 403}","{'id': 22261, 'rank': 6, 'fitness': 0.9538272641462429, 'generation': 403}","{'id': 22162, 'rank': 7, 'fitness': 0.9429340394116229, 'generation': 403}","{'id': 22162, 'rank': 8, 'fitness': 0.9429340394116229, 'generation': 403}","{'id': 22162, 'rank': 9, 'fitness': 0.9429340394116229, 'generation': 403}","{'id': 22318, 'rank': 10, 'fitness': 0.8908875103686347, 'generation': 403}","{'id': 22220, 'rank': 11, 'fitness': 0.8701149403656983, 'generation': 403}","{'id': 22350, 'rank': 12, 'fitness': 0.8632088263724664, 'generation': 403}","{'id': 22352, 'rank': 13, 'fitness': 0.8203730360401762, 'generation': 403}","{'id': 22352, 'rank': 14, 'fitness': 0.8203730360401762, 'generation': 403}","{'id': 22351, 'rank': 15, 'fitness': 0.7547237575674547, 'generation': 403}","{'id': 22349, 'rank': 16, 'fitness': 0.7464130152852498, 'generation': 403}","{'id': 22300, 'rank': 17, 'fitness': 0.5609794235974345, 'generation': 403}","{'id': 22366, 'rank': 18, 'fitness': 0.5123511767100518, 'generation': 403}","{'id': 22310, 'rank': 19, 'fitness': 0.5046195666371978, 'generation': 403}","{'id': 22319, 'rank': 20, 'fitness': 0.39651915888942324, 'generation': 403}","{'id': 22325, 'rank': 21, 'fitness': 0.2779848367924893, 'generation': 403}","{'id': 22342, 'rank': 22, 'fitness': 0.250855161607909, 'generation': 403}","{'id': 22342, 'rank': 23, 'fitness': 0.250855161607909, 'generation': 403}","{'id': 22338, 'rank': 24, 'fitness': 0.20709901553020382, 'generation': 403}","{'id': 22332, 'rank': 25, 'fitness': 0.06611985337735221, 'generation': 403}","{'id': 22314, 'rank': 26, 'fitness': 0.05916642285749968, 'generation': 403}","{'id': 22359, 'rank': 27, 'fitness': 0.056771874971275005, 'generation': 403}","{'id': 22320, 'rank': 28, 'fitness': 0.03455188973094747, 'generation': 403}","{'id': 22328, 'rank': 29, 'fitness': 0.028421464608060165, 'generation': 403}","{'id': 22330, 'rank': 30, 'fitness': 0.01798620996209155, 'generation': 403}"
"{'id': 22337, 'rank': 1, 'fitness': 0.9820137900379085, 'generation': 404}","{'id': 22242, 'rank': 2, 'fitness': 0.9720943989901136, 'generation': 404}","{'id': 22242, 'rank': 3, 'fitness': 0.9720943989901136, 'generation': 404}","{'id': 22242, 'rank': 4, 'fitness': 0.9720943989901136, 'generation': 404}","{'id': 22242, 'rank': 5, 'fitness': 0.9720943989901136, 'generation': 404}","{'id': 22178, 'rank': 6, 'fitness': 0.9570795680853285, 'generation': 404}","{'id': 22261, 'rank': 7, 'fitness': 0.9493951719722534, 'generation': 404}","{'id': 22162, 'rank': 8, 'fitness': 0.9362160280363442, 'generation': 404}","{'id': 22420, 'rank': 9, 'fitness': 0.9328097245188507, 'generation': 404}","{'id': 22386, 'rank': 10, 'fitness': 0.9318113378368804, 'generation': 404}","{'id': 22399, 'rank': 11, 'fitness': 0.8460262299862322, 'generation': 404}","{'id': 22350, 'rank': 12, 'fitness': 0.8359456095377209, 'generation': 404}","{'id': 22352, 'rank': 13, 'fitness': 0.7812558920063519, 'generation': 404}","{'id': 22352, 'rank': 14, 'fitness': 0.7812558920063519, 'generation': 404}","{'id': 22352, 'rank': 15, 'fitness': 0.7812558920063519, 'generation': 404}","{'id': 22416, 'rank': 16, 'fitness': 0.729209600313284, 'generation': 404}","{'id': 22383, 'rank': 17, 'fitness': 0.7256032617214965, 'generation': 404}","{'id': 22382, 'rank': 18, 'fitness': 0.7234140117158224, 'generation': 404}","{'id': 22351, 'rank': 19, 'fitness': 0.6982450361320818, 'generation': 404}","{'id': 22351, 'rank': 20, 'fitness': 0.6982450361320818, 'generation': 404}","{'id': 22394, 'rank': 21, 'fitness': 0.5510635483875, 'generation': 404}","{'id': 22384, 'rank': 22, 'fitness': 0.46732686572833404, 'generation': 404}","{'id': 22325, 'rank': 23, 'fitness': 0.19070074148248167, 'generation': 404}","{'id': 22376, 'rank': 24, 'fitness': 0.18013582839197873, 'generation': 404}","{'id': 22342, 'rank': 25, 'fitness': 0.168139279806455, 'generation': 404}","{'id': 22342, 'rank': 26, 'fitness': 0.168139279806455, 'generation': 404}","{'id': 22338, 'rank': 27, 'fitness': 0.1333176760874905, 'generation': 404}","{'id': 22418, 'rank': 28, 'fitness': 0.05187169507812556, 'generation': 404}","{'id': 22423, 'rank': 29, 'fitness': 0.029689664494590984, 'generation': 404}","{'id': 22379, 'rank': 30, 'fitness': 0.01798620996209155, 'generation': 404}"
"{'id': 22498, 'rank': 1, 'fitness': 0.9820137900379085, 'generation': 405}","{'id': 22498, 'rank': 2, 'fitness': 0.9820137900379085, 'generation': 405}","{'id': 22242, 'rank': 3, 'fitness': 0.9820013831729337, 'generation': 405}","{'id': 22242, 'rank': 4, 'fitness': 0.9820013831729337, 'generation': 405}","{'id': 22178, 'rank': 5, 'fitness': 0.9734008897896145, 'generation': 405}","{'id': 22178, 'rank': 6, 'fitness': 0.9734008897896145, 'generation': 405}","{'id': 22178, 'rank': 7, 'fitness': 0.9734008897896145, 'generation': 405}","{'id': 22261, 'rank': 8, 'fitness': 0.9690890690757339, 'generation': 405}","{'id': 22261, 'rank': 9, 'fitness': 0.9690890690757339, 'generation': 405}","{'id': 22350, 'rank': 10, 'fitness': 0.9070644648541242, 'generation': 405}","{'id': 22433, 'rank': 11, 'fitness': 0.8782284553429365, 'generation': 405}","{'id': 22352, 'rank': 12, 'fitness': 0.8765492369029615, 'generation': 405}","{'id': 22416, 'rank': 13, 'fitness': 0.8464900907250896, 'generation': 405}","{'id': 22351, 'rank': 14, 'fitness': 0.8280047016603957, 'generation': 405}","{'id': 22465, 'rank': 15, 'fitness': 0.5246120446627317, 'generation': 405}","{'id': 22434, 'rank': 16, 'fitness': 0.4841826438417609, 'generation': 405}","{'id': 22458, 'rank': 17, 'fitness': 0.4599409151223821, 'generation': 405}","{'id': 22376, 'rank': 18, 'fitness': 0.3690450418348006, 'generation': 405}","{'id': 22342, 'rank': 19, 'fitness': 0.3518257497806174, 'generation': 405}","{'id': 22441, 'rank': 20, 'fitness': 0.3349915271081334, 'generation': 405}","{'id': 22338, 'rank': 21, 'fitness': 0.29828087061225217, 'generation': 405}","{'id': 22481, 'rank': 22, 'fitness': 0.2725835686455263, 'generation': 405}","{'id': 22468, 'rank': 23, 'fitness': 0.24491391499600385, 'generation': 405}","{'id': 22418, 'rank': 24, 'fitness': 0.14417537095222177, 'generation': 405}","{'id': 22477, 'rank': 25, 'fitness': 0.11807501879258975, 'generation': 405}","{'id': 22492, 'rank': 26, 'fitness': 0.10070794685770484, 'generation': 405}","{'id': 22443, 'rank': 27, 'fitness': 0.07300816376858682, 'generation': 405}","{'id': 22494, 'rank': 28, 'fitness': 0.06223948860666806, 'generation': 405}","{'id': 22444, 'rank': 29, 'fitness': 0.01798620996209155, 'generation': 405}","{'id': 22444, 'rank': 30, 'fitness': 0.01798620996209155, 'generation': 405}"
"{'id': 22500, 'rank': 1, 'fitness': 0.9820137900379085, 'generation': 406}","{'id': 22498, 'rank': 2, 'fitness': 0.9237739064956123, 'generation': 406}","{'id': 22242, 'rank': 3, 'fitness': 0.9237307173843197, 'generation': 406}","{'id': 22242, 'rank': 4, 'fitness': 0.9237307173843197, 'generation': 406}","{'id': 22242, 'rank': 5, 'fitness': 0.9237307173843197, 'generation': 406}","{'id': 22510, 'rank': 6, 'fitness': 0.9153452039109546, 'generation': 406}","{'id': 22515, 'rank': 7, 'fitness': 0.9135170296294962, 'generation': 406}","{'id': 22515, 'rank': 8, 'fitness': 0.9135170296294962, 'generation': 406}","{'id': 22178, 'rank': 9, 'fitness': 0.8952377300888457, 'generation': 406}","{'id': 22558, 'rank': 10, 'fitness': 0.8931315210121348, 'generation': 406}","{'id': 22261, 'rank': 11, 'fitness': 0.8818774022458049, 'generation': 406}","{'id': 22261, 'rank': 12, 'fitness': 0.8818774022458049, 'generation': 406}","{'id': 22352, 'rank': 13, 'fitness': 0.6711702591735211, 'generation': 406}","{'id': 22416, 'rank': 14, 'fitness': 0.6207451967085642, 'generation': 406}","{'id': 22351, 'rank': 15, 'fitness': 0.5924595076754453, 'generation': 406}","{'id': 22513, 'rank': 16, 'fitness': 0.5546146261290009, 'generation': 406}","{'id': 22513, 'rank': 17, 'fitness': 0.5546146261290009, 'generation': 406}","{'id': 22525, 'rank': 18, 'fitness': 0.2513003668596406, 'generation': 406}","{'id': 22531, 'rank': 19, 'fitness': 0.24396784469707206, 'generation': 406}","{'id': 22458, 'rank': 20, 'fitness': 0.24260926632794333, 'generation': 406}","{'id': 22458, 'rank': 21, 'fitness': 0.24260926632794333, 'generation': 406}","{'id': 22458, 'rank': 22, 'fitness': 0.24260926632794333, 'generation': 406}","{'id': 22508, 'rank': 23, 'fitness': 0.23034237051817202, 'generation': 406}","{'id': 22509, 'rank': 24, 'fitness': 0.09743828744191169, 'generation': 406}","{'id': 22547, 'rank': 25, 'fitness': 0.0719187671937358, 'generation': 406}","{'id': 22555, 'rank': 26, 'fitness': 0.04446873128594436, 'generation': 406}","{'id': 22555, 'rank': 27, 'fitness': 0.04446873128594436, 'generation': 406}","{'id': 22550, 'rank': 28, 'fitness': 0.034126344729653424, 'generation': 406}","{'id': 22532, 'rank': 29, 'fitness': 0.021372461236284335, 'generation': 406}","{'id': 22512, 'rank': 30, 'fitness': 0.01798620996209155, 'generation': 406}"
"{'id': 22500, 'rank': 1, 'fitness': 0.9820137900379085, 'generation': 407}","{'id': 22559, 'rank': 2, 'fitness': 0.9819067520203986, 'generation': 407}","{'id': 22577, 'rank': 3, 'fitness': 0.9793579947814243, 'generation': 407}","{'id': 22242, 'rank': 4, 'fitness': 0.9189511918118519, 'generation': 407}","{'id': 22178, 'rank': 5, 'fitness': 0.8873694452588874, 'generation': 407}","{'id': 22261, 'rank': 6, 'fitness': 0.8724910395937312, 'generation': 407}","{'id': 22613, 'rank': 7, 'fitness': 0.8360141125627987, 'generation': 407}","{'id': 22615, 'rank': 8, 'fitness': 0.7576207145024054, 'generation': 407}","{'id': 22587, 'rank': 9, 'fitness': 0.7007919782895253, 'generation': 407}","{'id': 22587, 'rank': 10, 'fitness': 0.7007919782895253, 'generation': 407}","{'id': 22351, 'rank': 11, 'fitness': 0.553617848571738, 'generation': 407}","{'id': 22513, 'rank': 12, 'fitness': 0.5134239368911704, 'generation': 407}","{'id': 22588, 'rank': 13, 'fitness': 0.2809277297424933, 'generation': 407}","{'id': 22588, 'rank': 14, 'fitness': 0.2809277297424933, 'generation': 407}","{'id': 22609, 'rank': 15, 'fitness': 0.23574459326940594, 'generation': 407}","{'id': 22598, 'rank': 16, 'fitness': 0.20309847519226898, 'generation': 407}","{'id': 22574, 'rank': 17, 'fitness': 0.19289218435659866, 'generation': 407}","{'id': 22590, 'rank': 18, 'fitness': 0.15756486066513242, 'generation': 407}","{'id': 22590, 'rank': 19, 'fitness': 0.15756486066513242, 'generation': 407}","{'id': 22621, 'rank': 20, 'fitness': 0.10200751013847059, 'generation': 407}","{'id': 22621, 'rank': 21, 'fitness': 0.10200751013847059, 'generation': 407}","{'id': 22594, 'rank': 22, 'fitness': 0.08847319717467467, 'generation': 407}","{'id': 22572, 'rank': 23, 'fitness': 0.0879269828990597, 'generation': 407}","{'id': 22599, 'rank': 24, 'fitness': 0.05982126189853848, 'generation': 407}","{'id': 22547, 'rank': 25, 'fitness': 0.05494766235627918, 'generation': 407}","{'id': 22611, 'rank': 26, 'fitness': 0.05407249020034616, 'generation': 407}","{'id': 22582, 'rank': 27, 'fitness': 0.05140457452425545, 'generation': 407}","{'id': 22582, 'rank': 28, 'fitness': 0.05140457452425545, 'generation': 407}","{'id': 22620, 'rank': 29, 'fitness': 0.021376546986062173, 'generation': 407}","{'id': 22596, 'rank': 30, 'fitness': 0.01798620996209155, 'generation': 407}"
"{'id': 22559, 'rank': 1, 'fitness': 0.9820137900379085, 'generation': 408}","{'id': 22577, 'rank': 2, 'fitness': 0.9793405143671505, 'generation': 408}","{'id': 22577, 'rank': 3, 'fitness': 0.9793405143671505, 'generation': 408}","{'id': 22627, 'rank': 4, 'fitness': 0.9694174307236267, 'generation': 408}","{'id': 22656, 'rank': 5, 'fitness': 0.9661047490209165, 'generation': 408}","{'id': 22656, 'rank': 6, 'fitness': 0.9661047490209165, 'generation': 408}","{'id': 22643, 'rank': 7, 'fitness': 0.9363823607072416, 'generation': 408}","{'id': 22635, 'rank': 8, 'fitness': 0.917955096616911, 'generation': 408}","{'id': 22242, 'rank': 9, 'fitness': 0.9132319803526883, 'generation': 408}","{'id': 22178, 'rank': 10, 'fitness': 0.8777194973884741, 'generation': 408}","{'id': 22261, 'rank': 11, 'fitness': 0.860899503761716, 'generation': 408}","{'id': 22261, 'rank': 12, 'fitness': 0.860899503761716, 'generation': 408}","{'id': 22668, 'rank': 13, 'fitness': 0.8604499966691423, 'generation': 408}","{'id': 22668, 'rank': 14, 'fitness': 0.8604499966691423, 'generation': 408}","{'id': 22613, 'rank': 15, 'fitness': 0.8195578977292838, 'generation': 408}","{'id': 22613, 'rank': 16, 'fitness': 0.8195578977292838, 'generation': 408}","{'id': 22637, 'rank': 17, 'fitness': 0.6773708841829799, 'generation': 408}","{'id': 22634, 'rank': 18, 'fitness': 0.6103239890980098, 'generation': 408}","{'id': 22634, 'rank': 19, 'fitness': 0.6103239890980098, 'generation': 408}","{'id': 22634, 'rank': 20, 'fitness': 0.6103239890980098, 'generation': 408}","{'id': 22646, 'rank': 21, 'fitness': 0.4010172685111247, 'generation': 408}","{'id': 22669, 'rank': 22, 'fitness': 0.3758292845219008, 'generation': 408}","{'id': 22588, 'rank': 23, 'fitness': 0.23372555694400748, 'generation': 408}","{'id': 22661, 'rank': 24, 'fitness': 0.21695796783920923, 'generation': 408}","{'id': 22631, 'rank': 25, 'fitness': 0.18761673229886877, 'generation': 408}","{'id': 22650, 'rank': 26, 'fitness': 0.12004975647734606, 'generation': 408}","{'id': 22621, 'rank': 27, 'fitness': 0.07683635446392456, 'generation': 408}","{'id': 22594, 'rank': 28, 'fitness': 0.06589542632292444, 'generation': 408}","{'id': 22582, 'rank': 29, 'fitness': 0.036816152282131254, 'generation': 408}","{'id': 22663, 'rank': 30, 'fitness': 0.01798620996209155, 'generation': 408}"
"{'id': 22577, 'rank': 1, 'fitness': 0.9820137900379085, 'generation': 409}","{'id': 22627, 'rank': 2, 'fitness': 0.9737386948989721, 'generation': 409}","{'id': 22656, 'rank': 3, 'fitness': 0.9709954181638358, 'generation': 409}","{'id': 22635, 'rank': 4, 'fitness': 0.9316130973066395, 'generation': 409}","{'id': 22178, 'rank': 5, 'fitness': 0.8988893489550489, 'generation': 409}","{'id': 22261, 'rank': 6, 'fitness': 0.8851794642768194, 'generation': 409}","{'id': 22261, 'rank': 7, 'fitness': 0.8851794642768194, 'generation': 409}","{'id': 22261, 'rank': 8, 'fitness': 0.8851794642768194, 'generation': 409}","{'id': 22668, 'rank': 9, 'fitness': 0.8848126216698129, 'generation': 409}","{'id': 22613, 'rank': 10, 'fitness': 0.8513085093954451, 'generation': 409}","{'id': 22613, 'rank': 11, 'fitness': 0.8513085093954451, 'generation': 409}","{'id': 22613, 'rank': 12, 'fitness': 0.8513085093954451, 'generation': 409}","{'id': 22637, 'rank': 13, 'fitness': 0.7316391025325173, 'generation': 409}","{'id': 22634, 'rank': 14, 'fitness': 0.6728689743181722, 'generation': 409}","{'id': 22634, 'rank': 15, 'fitness': 0.6728689743181722, 'generation': 409}","{'id': 22646, 'rank': 16, 'fitness': 0.4760164494640721, 'generation': 409}","{'id': 22707, 'rank': 17, 'fitness': 0.47049165726712716, 'generation': 409}","{'id': 22703, 'rank': 18, 'fitness': 0.46977401065425245, 'generation': 409}","{'id': 22669, 'rank': 19, 'fitness': 0.45066424950100537, 'generation': 409}","{'id': 22710, 'rank': 20, 'fitness': 0.31905699010039834, 'generation': 409}","{'id': 22676, 'rank': 21, 'fitness': 0.27835174910387944, 'generation': 409}","{'id': 22631, 'rank': 22, 'fitness': 0.24612371660657567, 'generation': 409}","{'id': 22730, 'rank': 23, 'fitness': 0.20136742913875832, 'generation': 409}","{'id': 22730, 'rank': 24, 'fitness': 0.20136742913875832, 'generation': 409}","{'id': 22650, 'rank': 25, 'fitness': 0.1644441451494318, 'generation': 409}","{'id': 22718, 'rank': 26, 'fitness': 0.13176494734751037, 'generation': 409}","{'id': 22682, 'rank': 27, 'fitness': 0.12351375543154125, 'generation': 409}","{'id': 22705, 'rank': 28, 'fitness': 0.11761417975438215, 'generation': 409}","{'id': 22621, 'rank': 29, 'fitness': 0.10903076698553638, 'generation': 409}","{'id': 22733, 'rank': 30, 'fitness': 0.01798620996209155, 'generation': 409}"
"{'id': 22577, 'rank': 1, 'fitness': 0.9820137900379085, 'generation': 410}","{'id': 22627, 'rank': 2, 'fitness': 0.9755422417136128, 'generation': 410}","{'id': 22627, 'rank': 3, 'fitness': 0.9755422417136128, 'generation': 410}","{'id': 22627, 'rank': 4, 'fitness': 0.9755422417136128, 'generation': 410}","{'id': 22656, 'rank': 5, 'fitness': 0.9734842738905468, 'generation': 410}","{'id': 22261, 'rank': 6, 'fitness': 0.9177167639312453, 'generation': 410}","{'id': 22261, 'rank': 7, 'fitness': 0.9177167639312453, 'generation': 410}","{'id': 22261, 'rank': 8, 'fitness': 0.9177167639312453, 'generation': 410}","{'id': 22668, 'rank': 9, 'fitness': 0.9174956664884073, 'generation': 410}","{'id': 22795, 'rank': 10, 'fitness': 0.9081092160144988, 'generation': 410}","{'id': 22795, 'rank': 11, 'fitness': 0.9081092160144988, 'generation': 410}","{'id': 22772, 'rank': 12, 'fitness': 0.899166192176414, 'generation': 410}","{'id': 22613, 'rank': 13, 'fitness': 0.8975533040654544, 'generation': 410}","{'id': 22613, 'rank': 14, 'fitness': 0.8975533040654544, 'generation': 410}","{'id': 22637, 'rank': 15, 'fitness': 0.8275487213001631, 'generation': 410}","{'id': 22750, 'rank': 16, 'fitness': 0.7610615825499317, 'generation': 410}","{'id': 22750, 'rank': 17, 'fitness': 0.7610615825499317, 'generation': 410}","{'id': 22793, 'rank': 18, 'fitness': 0.6088637700238475, 'generation': 410}","{'id': 22785, 'rank': 19, 'fitness': 0.5617440856461002, 'generation': 410}","{'id': 22768, 'rank': 20, 'fitness': 0.5611733685128757, 'generation': 410}","{'id': 22676, 'rank': 21, 'fitness': 0.49541899640036274, 'generation': 410}","{'id': 22798, 'rank': 22, 'fitness': 0.46900038023227714, 'generation': 410}","{'id': 22631, 'rank': 23, 'fitness': 0.46167281280193573, 'generation': 410}","{'id': 22767, 'rank': 24, 'fitness': 0.435975751578015, 'generation': 410}","{'id': 22682, 'rank': 25, 'fitness': 0.30252895294123316, 'generation': 410}","{'id': 22788, 'rank': 26, 'fitness': 0.28686491481955434, 'generation': 410}","{'id': 22788, 'rank': 27, 'fitness': 0.28686491481955434, 'generation': 410}","{'id': 22771, 'rank': 28, 'fitness': 0.18109441033546236, 'generation': 410}","{'id': 22763, 'rank': 29, 'fitness': 0.09131871087513865, 'generation': 410}","{'id': 22774, 'rank': 30, 'fitness': 0.01798620996209155, 'generation': 410}"
"{'id': 22577, 'rank': 1, 'fitness': 0.9820137900379085, 'generation': 411}","{'id': 22577, 'rank': 2, 'fitness': 0.9820137900379085, 'generation': 411}","{'id': 22627, 'rank': 3, 'fitness': 0.9744535345741108, 'generation': 411}","{'id': 22656, 'rank': 4, 'fitness': 0.9719871854700932, 'generation': 411}","{'id': 22261, 'rank': 5, 'fitness': 0.8989623126297004, 'generation': 411}","{'id': 22795, 'rank': 6, 'fitness': 0.8857029310220504, 'generation': 411}","{'id': 22613, 'rank': 7, 'fitness': 0.8710204713394047, 'generation': 411}","{'id': 22827, 'rank': 8, 'fitness': 0.8180810290754486, 'generation': 411}","{'id': 22859, 'rank': 9, 'fitness': 0.7859070706726883, 'generation': 411}","{'id': 22825, 'rank': 10, 'fitness': 0.6601303444781762, 'generation': 411}","{'id': 22826, 'rank': 11, 'fitness': 0.520357434962119, 'generation': 411}","{'id': 22793, 'rank': 12, 'fitness': 0.4841046923724094, 'generation': 411}","{'id': 22768, 'rank': 13, 'fitness': 0.42844725012514157, 'generation': 411}","{'id': 22768, 'rank': 14, 'fitness': 0.42844725012514157, 'generation': 411}","{'id': 22676, 'rank': 15, 'fitness': 0.35662669020243076, 'generation': 411}","{'id': 22767, 'rank': 16, 'fitness': 0.2966603352029373, 'generation': 411}","{'id': 22851, 'rank': 17, 'fitness': 0.28187088004181715, 'generation': 411}","{'id': 22820, 'rank': 18, 'fitness': 0.280062103548846, 'generation': 411}","{'id': 22682, 'rank': 19, 'fitness': 0.17898655652071993, 'generation': 411}","{'id': 22849, 'rank': 20, 'fitness': 0.17377403397556818, 'generation': 411}","{'id': 22788, 'rank': 21, 'fitness': 0.16668188903579356, 'generation': 411}","{'id': 22852, 'rank': 22, 'fitness': 0.1266054456580047, 'generation': 411}","{'id': 22865, 'rank': 23, 'fitness': 0.10550158968539453, 'generation': 411}","{'id': 22808, 'rank': 24, 'fitness': 0.0618399089654722, 'generation': 411}","{'id': 22833, 'rank': 25, 'fitness': 0.05591115704816274, 'generation': 411}","{'id': 22862, 'rank': 26, 'fitness': 0.05568626200735666, 'generation': 411}","{'id': 22855, 'rank': 27, 'fitness': 0.04547399243161482, 'generation': 411}","{'id': 22872, 'rank': 28, 'fitness': 0.04010708136862651, 'generation': 411}","{'id': 22802, 'rank': 29, 'fitness': 0.03884554159089998, 'generation': 411}","{'id': 22871, 'rank': 30, 'fitness': 0.01798620996209155, 'generation': 411}"
"{'id': 22577, 'rank': 1, 'fitness': 0.9820137900379085, 'generation': 412}","{'id': 22577, 'rank': 2, 'fitness': 0.9820137900379085, 'generation': 412}","{'id': 22577, 'rank': 3, 'fitness': 0.9820137900379085, 'generation': 412}","{'id': 22895, 'rank': 4, 'fitness': 0.9814172229614471, 'generation': 412}","{'id': 22627, 'rank': 5, 'fitness': 0.9740591869946131, 'generation': 412}","{'id': 22911, 'rank': 6, 'fitness': 0.938632095299284, 'generation': 412}","{'id': 22881, 'rank': 7, 'fitness': 0.845237278631453, 'generation': 412}","{'id': 22881, 'rank': 8, 'fitness': 0.845237278631453, 'generation': 412}","{'id': 22827, 'rank': 9, 'fitness': 0.8012204714524525, 'generation': 412}","{'id': 22827, 'rank': 10, 'fitness': 0.8012204714524525, 'generation': 412}","{'id': 22901, 'rank': 11, 'fitness': 0.7822757333499797, 'generation': 412}","{'id': 22919, 'rank': 12, 'fitness': 0.6497999293101309, 'generation': 412}","{'id': 22902, 'rank': 13, 'fitness': 0.6395529824640227, 'generation': 412}","{'id': 22825, 'rank': 14, 'fitness': 0.6265880511632569, 'generation': 412}","{'id': 22825, 'rank': 15, 'fitness': 0.6265880511632569, 'generation': 412}","{'id': 22898, 'rank': 16, 'fitness': 0.5604848598436694, 'generation': 412}","{'id': 22896, 'rank': 17, 'fitness': 0.5086846439651591, 'generation': 412}","{'id': 22896, 'rank': 18, 'fitness': 0.5086846439651591, 'generation': 412}","{'id': 22899, 'rank': 19, 'fitness': 0.3930697184128335, 'generation': 412}","{'id': 22676, 'rank': 20, 'fitness': 0.31189395583771384, 'generation': 412}","{'id': 22912, 'rank': 21, 'fitness': 0.27705127622328113, 'generation': 412}","{'id': 22910, 'rank': 22, 'fitness': 0.2634093445246042, 'generation': 412}","{'id': 22851, 'rank': 23, 'fitness': 0.240201023641555, 'generation': 412}","{'id': 22682, 'rank': 24, 'fitness': 0.1461168694162145, 'generation': 412}","{'id': 22682, 'rank': 25, 'fitness': 0.1461168694162145, 'generation': 412}","{'id': 22788, 'rank': 26, 'fitness': 0.13525625955414877, 'generation': 412}","{'id': 22891, 'rank': 27, 'fitness': 0.10928762593939556, 'generation': 412}","{'id': 22889, 'rank': 28, 'fitness': 0.044806525161752375, 'generation': 412}","{'id': 22872, 'rank': 29, 'fitness': 0.029602150178099862, 'generation': 412}","{'id': 22890, 'rank': 30, 'fitness': 0.01798620996209155, 'generation': 412}"
"{'id': 22577, 'rank': 1, 'fitness': 0.9820137900379085, 'generation': 413}","{'id': 22577, 'rank': 2, 'fitness': 0.9820137900379085, 'generation': 413}","{'id': 22895, 'rank': 3, 'fitness': 0.9814120504203468, 'generation': 413}","{'id': 22980, 'rank': 4, 'fitness': 0.8804498602189017, 'generation': 413}","{'id': 22980, 'rank': 5, 'fitness': 0.8804498602189017, 'generation': 413}","{'id': 22980, 'rank': 6, 'fitness': 0.8804498602189017, 'generation': 413}","{'id': 22827, 'rank': 7, 'fitness': 0.7976554636271771, 'generation': 413}","{'id': 22901, 'rank': 8, 'fitness': 0.7782957029088594, 'generation': 413}","{'id': 22901, 'rank': 9, 'fitness': 0.7782957029088594, 'generation': 413}","{'id': 22901, 'rank': 10, 'fitness': 0.7782957029088594, 'generation': 413}","{'id': 22960, 'rank': 11, 'fitness': 0.7317882611322775, 'generation': 413}","{'id': 22981, 'rank': 12, 'fitness': 0.6624873081040551, 'generation': 413}","{'id': 22919, 'rank': 13, 'fitness': 0.6432058863814696, 'generation': 413}","{'id': 22940, 'rank': 14, 'fitness': 0.5874612801479147, 'generation': 413}","{'id': 22976, 'rank': 15, 'fitness': 0.5475800288578047, 'generation': 413}","{'id': 22976, 'rank': 16, 'fitness': 0.5475800288578047, 'generation': 413}","{'id': 22896, 'rank': 17, 'fitness': 0.5002276028790147, 'generation': 413}","{'id': 22896, 'rank': 18, 'fitness': 0.5002276028790147, 'generation': 413}","{'id': 22958, 'rank': 19, 'fitness': 0.49453094129681013, 'generation': 413}","{'id': 22899, 'rank': 20, 'fitness': 0.38408110542002527, 'generation': 413}","{'id': 22676, 'rank': 21, 'fitness': 0.30318875301019826, 'generation': 413}","{'id': 22912, 'rank': 22, 'fitness': 0.26865699166158497, 'generation': 413}","{'id': 22912, 'rank': 23, 'fitness': 0.26865699166158497, 'generation': 413}","{'id': 22982, 'rank': 24, 'fitness': 0.14414098253849517, 'generation': 413}","{'id': 22982, 'rank': 25, 'fitness': 0.14414098253849517, 'generation': 413}","{'id': 22974, 'rank': 26, 'fitness': 0.08600462656223334, 'generation': 413}","{'id': 22971, 'rank': 27, 'fitness': 0.0603184880544026, 'generation': 413}","{'id': 22941, 'rank': 28, 'fitness': 0.020837304863064288, 'generation': 413}","{'id': 22928, 'rank': 29, 'fitness': 0.01798620996209155, 'generation': 413}","{'id': 22928, 'rank': 30, 'fitness': 0.01798620996209155, 'generation': 413}"
"{'id': 22577, 'rank': 1, 'fitness': 0.9820137900379085, 'generation': 414}","{'id': 22577, 'rank': 2, 'fitness': 0.9820137900379085, 'generation': 414}","{'id': 22577, 'rank': 3, 'fitness': 0.9820137900379085, 'generation': 414}","{'id': 22980, 'rank': 4, 'fitness': 0.8962105341390127, 'generation': 414}","{'id': 22991, 'rank': 5, 'fitness': 0.8306605664385257, 'generation': 414}","{'id': 22901, 'rank': 6, 'fitness': 0.8136229208659136, 'generation': 414}","{'id': 22901, 'rank': 7, 'fitness': 0.8136229208659136, 'generation': 414}","{'id': 22901, 'rank': 8, 'fitness': 0.8136229208659136, 'generation': 414}","{'id': 22960, 'rank': 9, 'fitness': 0.7758591910737964, 'generation': 414}","{'id': 22981, 'rank': 10, 'fitness': 0.7188039562856618, 'generation': 414}","{'id': 22981, 'rank': 11, 'fitness': 0.7188039562856618, 'generation': 414}","{'id': 22940, 'rank': 12, 'fitness': 0.6554556211217549, 'generation': 414}","{'id': 22976, 'rank': 13, 'fitness': 0.6209160947427145, 'generation': 414}","{'id': 22976, 'rank': 14, 'fitness': 0.6209160947427145, 'generation': 414}","{'id': 23009, 'rank': 15, 'fitness': 0.6105200462002138, 'generation': 414}","{'id': 22995, 'rank': 16, 'fitness': 0.49657652059124274, 'generation': 414}","{'id': 22995, 'rank': 17, 'fitness': 0.49657652059124274, 'generation': 414}","{'id': 23038, 'rank': 18, 'fitness': 0.488372578696979, 'generation': 414}","{'id': 23002, 'rank': 19, 'fitness': 0.4749691282056078, 'generation': 414}","{'id': 22899, 'rank': 20, 'fitness': 0.4707711154197179, 'generation': 414}","{'id': 23005, 'rank': 21, 'fitness': 0.37406038686816223, 'generation': 414}","{'id': 23018, 'rank': 22, 'fitness': 0.37368302100082196, 'generation': 414}","{'id': 23018, 'rank': 23, 'fitness': 0.37368302100082196, 'generation': 414}","{'id': 22912, 'rank': 24, 'fitness': 0.35338255706997523, 'generation': 414}","{'id': 23008, 'rank': 25, 'fitness': 0.33864241851229726, 'generation': 414}","{'id': 23028, 'rank': 26, 'fitness': 0.11356770089949947, 'generation': 414}","{'id': 22971, 'rank': 27, 'fitness': 0.09884678684890263, 'generation': 414}","{'id': 23031, 'rank': 28, 'fitness': 0.08261004094363744, 'generation': 414}","{'id': 23039, 'rank': 29, 'fitness': 0.031823580387206896, 'generation': 414}","{'id': 23017, 'rank': 30, 'fitness': 0.01798620996209155, 'generation': 414}"
"{'id': 22577, 'rank': 1, 'fitness': 0.9820137900379085, 'generation': 415}","{'id': 22577, 'rank': 2, 'fitness': 0.9820137900379085, 'generation': 415}","{'id': 22980, 'rank': 3, 'fitness': 0.8962105341390127, 'generation': 415}","{'id': 22901, 'rank': 4, 'fitness': 0.8136229208659136, 'generation': 415}","{'id': 22901, 'rank': 5, 'fitness': 0.8136229208659136, 'generation': 415}","{'id': 23080, 'rank': 6, 'fitness': 0.8101629781968525, 'generation': 415}","{'id': 23060, 'rank': 7, 'fitness': 0.7925702922902477, 'generation': 415}","{'id': 23097, 'rank': 8, 'fitness': 0.7708534730195051, 'generation': 415}","{'id': 22940, 'rank': 9, 'fitness': 0.6554556211217549, 'generation': 415}","{'id': 23076, 'rank': 10, 'fitness': 0.5386863720982962, 'generation': 415}","{'id': 23055, 'rank': 11, 'fitness': 0.5145860731456418, 'generation': 415}","{'id': 23038, 'rank': 12, 'fitness': 0.488372578696979, 'generation': 415}","{'id': 23050, 'rank': 13, 'fitness': 0.46670744141947484, 'generation': 415}","{'id': 23044, 'rank': 14, 'fitness': 0.44512010471040525, 'generation': 415}","{'id': 23044, 'rank': 15, 'fitness': 0.44512010471040525, 'generation': 415}","{'id': 23098, 'rank': 16, 'fitness': 0.429151085560354, 'generation': 415}","{'id': 23059, 'rank': 17, 'fitness': 0.3985001914060913, 'generation': 415}","{'id': 23105, 'rank': 18, 'fitness': 0.3867766273653734, 'generation': 415}","{'id': 23005, 'rank': 19, 'fitness': 0.37406038686816223, 'generation': 415}","{'id': 23018, 'rank': 20, 'fitness': 0.37368302100082196, 'generation': 415}","{'id': 23018, 'rank': 21, 'fitness': 0.37368302100082196, 'generation': 415}","{'id': 23046, 'rank': 22, 'fitness': 0.26758791268691456, 'generation': 415}","{'id': 23075, 'rank': 23, 'fitness': 0.26191639930821986, 'generation': 415}","{'id': 23100, 'rank': 24, 'fitness': 0.2058588456207046, 'generation': 415}","{'id': 23081, 'rank': 25, 'fitness': 0.19719377447537756, 'generation': 415}","{'id': 23053, 'rank': 26, 'fitness': 0.1720086834212607, 'generation': 415}","{'id': 23067, 'rank': 27, 'fitness': 0.14607230943732502, 'generation': 415}","{'id': 23103, 'rank': 28, 'fitness': 0.1355446607527388, 'generation': 415}","{'id': 23066, 'rank': 29, 'fitness': 0.12663631886043458, 'generation': 415}","{'id': 23017, 'rank': 30, 'fitness': 0.01798620996209155, 'generation': 415}"
"{'id': 22577, 'rank': 1, 'fitness': 0.9820137900379085, 'generation': 416}","{'id': 23144, 'rank': 2, 'fitness': 0.9776113555509189, 'generation': 416}","{'id': 22980, 'rank': 3, 'fitness': 0.8920929418784956, 'generation': 416}","{'id': 23119, 'rank': 4, 'fitness': 0.862507952835306, 'generation': 416}","{'id': 22901, 'rank': 5, 'fitness': 0.8044151944566762, 'generation': 416}","{'id': 23080, 'rank': 6, 'fitness': 0.8007408899017204, 'generation': 416}","{'id': 23138, 'rank': 7, 'fitness': 0.6695582024328983, 'generation': 416}","{'id': 23138, 'rank': 8, 'fitness': 0.6695582024328983, 'generation': 416}","{'id': 23138, 'rank': 9, 'fitness': 0.6695582024328983, 'generation': 416}","{'id': 23141, 'rank': 10, 'fitness': 0.6570632313508515, 'generation': 416}","{'id': 23141, 'rank': 11, 'fitness': 0.6570632313508515, 'generation': 416}","{'id': 23129, 'rank': 12, 'fitness': 0.5387896554419889, 'generation': 416}","{'id': 23055, 'rank': 13, 'fitness': 0.4913418332917168, 'generation': 416}","{'id': 23123, 'rank': 14, 'fitness': 0.45901113104951896, 'generation': 416}","{'id': 23147, 'rank': 15, 'fitness': 0.42694777629985947, 'generation': 416}","{'id': 23044, 'rank': 16, 'fitness': 0.42068022271787, 'generation': 416}","{'id': 23098, 'rank': 17, 'fitness': 0.4045791582517204, 'generation': 416}","{'id': 23105, 'rank': 18, 'fitness': 0.36213036662013665, 'generation': 416}","{'id': 23018, 'rank': 19, 'fitness': 0.34909776637040624, 'generation': 416}","{'id': 23018, 'rank': 20, 'fitness': 0.34909776637040624, 'generation': 416}","{'id': 23046, 'rank': 21, 'fitness': 0.2450803443115439, 'generation': 416}","{'id': 23145, 'rank': 22, 'fitness': 0.2035280318870058, 'generation': 416}","{'id': 23100, 'rank': 23, 'fitness': 0.18598734487483648, 'generation': 416}","{'id': 23150, 'rank': 24, 'fitness': 0.17665403565518112, 'generation': 416}","{'id': 23124, 'rank': 25, 'fitness': 0.1352995609242313, 'generation': 416}","{'id': 23124, 'rank': 26, 'fitness': 0.1352995609242313, 'generation': 416}","{'id': 23110, 'rank': 27, 'fitness': 0.1062240616977721, 'generation': 416}","{'id': 23154, 'rank': 28, 'fitness': 0.07027996701375683, 'generation': 416}","{'id': 23139, 'rank': 29, 'fitness': 0.03320516453475009, 'generation': 416}","{'id': 23114, 'rank': 30, 'fitness': 0.01798620996209155, 'generation': 416}"
"{'id': 23144, 'rank': 1, 'fitness': 0.9820137900379085, 'generation': 417}","{'id': 23159, 'rank': 2, 'fitness': 0.9326952679434803, 'generation': 417}","{'id': 23159, 'rank': 3, 'fitness': 0.9326952679434803, 'generation': 417}","{'id': 23179, 'rank': 4, 'fitness': 0.9229389301954606, 'generation': 417}","{'id': 23205, 'rank': 5, 'fitness': 0.8726022206104318, 'generation': 417}","{'id': 22980, 'rank': 6, 'fitness': 0.862891820086674, 'generation': 417}","{'id': 22980, 'rank': 7, 'fitness': 0.862891820086674, 'generation': 417}","{'id': 23119, 'rank': 8, 'fitness': 0.8147533828032754, 'generation': 417}","{'id': 23119, 'rank': 9, 'fitness': 0.8147533828032754, 'generation': 417}","{'id': 23166, 'rank': 10, 'fitness': 0.7930579121282726, 'generation': 417}","{'id': 23168, 'rank': 11, 'fitness': 0.7087492928844992, 'generation': 417}","{'id': 23172, 'rank': 12, 'fitness': 0.5924512784293172, 'generation': 417}","{'id': 23191, 'rank': 13, 'fitness': 0.5066999800132497, 'generation': 417}","{'id': 23138, 'rank': 14, 'fitness': 0.503538405149008, 'generation': 417}","{'id': 23138, 'rank': 15, 'fitness': 0.503538405149008, 'generation': 417}","{'id': 23138, 'rank': 16, 'fitness': 0.503538405149008, 'generation': 417}","{'id': 23141, 'rank': 17, 'fitness': 0.4853834573618343, 'generation': 417}","{'id': 23129, 'rank': 18, 'fitness': 0.33164224975092704, 'generation': 417}","{'id': 23055, 'rank': 19, 'fitness': 0.27937637260349046, 'generation': 417}","{'id': 23123, 'rank': 20, 'fitness': 0.2467700541394528, 'generation': 417}","{'id': 23165, 'rank': 21, 'fitness': 0.22051340519774576, 'generation': 417}","{'id': 23147, 'rank': 22, 'fitness': 0.21675749262375588, 'generation': 417}","{'id': 23044, 'rank': 23, 'fitness': 0.2111541485074815, 'generation': 417}","{'id': 23163, 'rank': 24, 'fitness': 0.18728973801539206, 'generation': 417}","{'id': 23018, 'rank': 25, 'fitness': 0.1529874244476025, 'generation': 417}","{'id': 23169, 'rank': 26, 'fitness': 0.11915624986955464, 'generation': 417}","{'id': 23046, 'rank': 27, 'fitness': 0.0860331612824512, 'generation': 417}","{'id': 23046, 'rank': 28, 'fitness': 0.0860331612824512, 'generation': 417}","{'id': 23176, 'rank': 29, 'fitness': 0.02262174433317876, 'generation': 417}","{'id': 23158, 'rank': 30, 'fitness': 0.01798620996209155, 'generation': 417}"
"{'id': 23227, 'rank': 1, 'fitness': 0.9820137900379085, 'generation': 418}","{'id': 23227, 'rank': 2, 'fitness': 0.9820137900379085, 'generation': 418}","{'id': 23227, 'rank': 3, 'fitness': 0.9820137900379085, 'generation': 418}","{'id': 23159, 'rank': 4, 'fitness': 0.94449212171025, 'generation': 418}","{'id': 23205, 'rank': 5, 'fitness': 0.8996114033603969, 'generation': 418}","{'id': 22980, 'rank': 6, 'fitness': 0.8924382671978113, 'generation': 418}","{'id': 23119, 'rank': 7, 'fitness': 0.8569084756554284, 'generation': 418}","{'id': 23228, 'rank': 8, 'fitness': 0.7885824633654008, 'generation': 418}","{'id': 23172, 'rank': 9, 'fitness': 0.6862140597305829, 'generation': 418}","{'id': 23244, 'rank': 10, 'fitness': 0.6255782756430038, 'generation': 418}","{'id': 23191, 'rank': 11, 'fitness': 0.6145445151798449, 'generation': 418}","{'id': 23253, 'rank': 12, 'fitness': 0.5212754826459522, 'generation': 418}","{'id': 23216, 'rank': 13, 'fitness': 0.5008460486502304, 'generation': 418}","{'id': 23216, 'rank': 14, 'fitness': 0.5008460486502304, 'generation': 418}","{'id': 23211, 'rank': 15, 'fitness': 0.46577549820982517, 'generation': 418}","{'id': 23129, 'rank': 16, 'fitness': 0.4512610569696318, 'generation': 418}","{'id': 23129, 'rank': 17, 'fitness': 0.4512610569696318, 'generation': 418}","{'id': 23055, 'rank': 18, 'fitness': 0.39648385421140686, 'generation': 418}","{'id': 23232, 'rank': 19, 'fitness': 0.31827752795970554, 'generation': 418}","{'id': 23018, 'rank': 20, 'fitness': 0.24691377603436648, 'generation': 418}","{'id': 23238, 'rank': 21, 'fitness': 0.2017537504310803, 'generation': 418}","{'id': 23206, 'rank': 22, 'fitness': 0.17394176140021372, 'generation': 418}","{'id': 23046, 'rank': 23, 'fitness': 0.15340511341212237, 'generation': 418}","{'id': 23046, 'rank': 24, 'fitness': 0.15340511341212237, 'generation': 418}","{'id': 23240, 'rank': 25, 'fitness': 0.12014661435942098, 'generation': 418}","{'id': 23240, 'rank': 26, 'fitness': 0.12014661435942098, 'generation': 418}","{'id': 23230, 'rank': 27, 'fitness': 0.01970666756073347, 'generation': 418}","{'id': 23246, 'rank': 28, 'fitness': 0.01798620996209155, 'generation': 418}","{'id': 23246, 'rank': 29, 'fitness': 0.01798620996209155, 'generation': 418}","{'id': 23246, 'rank': 30, 'fitness': 0.01798620996209155, 'generation': 418}"
"{'id': 23227, 'rank': 1, 'fitness': 0.9820137900379085, 'generation': 419}","{'id': 23159, 'rank': 2, 'fitness': 0.9443390137243451, 'generation': 419}","{'id': 23287, 'rank': 3, 'fitness': 0.9179687753850915, 'generation': 419}","{'id': 22980, 'rank': 4, 'fitness': 0.8919849796762741, 'generation': 419}","{'id': 22980, 'rank': 5, 'fitness': 0.8919849796762741, 'generation': 419}","{'id': 23228, 'rank': 6, 'fitness': 0.7874610260724434, 'generation': 419}","{'id': 23270, 'rank': 7, 'fitness': 0.700931320209278, 'generation': 419}","{'id': 23172, 'rank': 8, 'fitness': 0.6844782886252003, 'generation': 419}","{'id': 23256, 'rank': 9, 'fitness': 0.6143961846486666, 'generation': 419}","{'id': 23256, 'rank': 10, 'fitness': 0.6143961846486666, 'generation': 419}","{'id': 23256, 'rank': 11, 'fitness': 0.6143961846486666, 'generation': 419}","{'id': 23273, 'rank': 12, 'fitness': 0.5687481377433493, 'generation': 419}","{'id': 23253, 'rank': 13, 'fitness': 0.5188310190168567, 'generation': 419}","{'id': 23216, 'rank': 14, 'fitness': 0.49834650889169957, 'generation': 419}","{'id': 23269, 'rank': 15, 'fitness': 0.4699996255688131, 'generation': 419}","{'id': 23129, 'rank': 16, 'fitness': 0.44866336264634726, 'generation': 419}","{'id': 23274, 'rank': 17, 'fitness': 0.3913848022781601, 'generation': 419}","{'id': 23274, 'rank': 18, 'fitness': 0.3913848022781601, 'generation': 419}","{'id': 23285, 'rank': 19, 'fitness': 0.3565596630234666, 'generation': 419}","{'id': 23275, 'rank': 20, 'fitness': 0.3244374830940979, 'generation': 419}","{'id': 23232, 'rank': 21, 'fitness': 0.3156984758627308, 'generation': 419}","{'id': 23260, 'rank': 22, 'fitness': 0.2597633577820587, 'generation': 419}","{'id': 23286, 'rank': 23, 'fitness': 0.22425489097430595, 'generation': 419}","{'id': 23282, 'rank': 24, 'fitness': 0.20598670803531538, 'generation': 419}","{'id': 23280, 'rank': 25, 'fitness': 0.19637045500575506, 'generation': 419}","{'id': 23206, 'rank': 26, 'fitness': 0.1719529840210639, 'generation': 419}","{'id': 23240, 'rank': 27, 'fitness': 0.11857125539206892, 'generation': 419}","{'id': 23264, 'rank': 28, 'fitness': 0.0675175944207459, 'generation': 419}","{'id': 23258, 'rank': 29, 'fitness': 0.04350711635430177, 'generation': 419}","{'id': 23296, 'rank': 30, 'fitness': 0.01798620996209155, 'generation': 419}"
"{'id': 23227, 'rank': 1, 'fitness': 0.9820137900379085, 'generation': 420}","{'id': 23320, 'rank': 2, 'fitness': 0.9758708965881965, 'generation': 420}","{'id': 23320, 'rank': 3, 'fitness': 0.9758708965881965, 'generation': 420}","{'id': 23304, 'rank': 4, 'fitness': 0.9726287209948657, 'generation': 420}","{'id': 23159, 'rank': 5, 'fitness': 0.9490434576216809, 'generation': 420}","{'id': 22980, 'rank': 6, 'fitness': 0.9056734787358469, 'generation': 420}","{'id': 22980, 'rank': 7, 'fitness': 0.9056734787358469, 'generation': 420}","{'id': 23346, 'rank': 8, 'fitness': 0.8420021724076071, 'generation': 420}","{'id': 23346, 'rank': 9, 'fitness': 0.8420021724076071, 'generation': 420}","{'id': 23337, 'rank': 10, 'fitness': 0.790430170246204, 'generation': 420}","{'id': 23328, 'rank': 11, 'fitness': 0.7741451465394095, 'generation': 420}","{'id': 23270, 'rank': 12, 'fitness': 0.7508187937145827, 'generation': 420}","{'id': 23270, 'rank': 13, 'fitness': 0.7508187937145827, 'generation': 420}","{'id': 23321, 'rank': 14, 'fitness': 0.7479703639506936, 'generation': 420}","{'id': 23321, 'rank': 15, 'fitness': 0.7479703639506936, 'generation': 420}","{'id': 23172, 'rank': 16, 'fitness': 0.7372736719218568, 'generation': 420}","{'id': 23309, 'rank': 17, 'fitness': 0.7076062153718061, 'generation': 420}","{'id': 23309, 'rank': 18, 'fitness': 0.7076062153718061, 'generation': 420}","{'id': 23352, 'rank': 19, 'fitness': 0.6937796586704581, 'generation': 420}","{'id': 23352, 'rank': 20, 'fitness': 0.6937796586704581, 'generation': 420}","{'id': 23331, 'rank': 21, 'fitness': 0.6877179462369348, 'generation': 420}","{'id': 23256, 'rank': 22, 'fitness': 0.678715312550739, 'generation': 420}","{'id': 23256, 'rank': 23, 'fitness': 0.678715312550739, 'generation': 420}","{'id': 23325, 'rank': 24, 'fitness': 0.6404835491439748, 'generation': 420}","{'id': 23274, 'rank': 25, 'fitness': 0.47825341157358037, 'generation': 420}","{'id': 23327, 'rank': 26, 'fitness': 0.10566594679971592, 'generation': 420}","{'id': 23341, 'rank': 27, 'fitness': 0.0690415984216951, 'generation': 420}","{'id': 23341, 'rank': 28, 'fitness': 0.0690415984216951, 'generation': 420}","{'id': 23348, 'rank': 29, 'fitness': 0.029167696156017053, 'generation': 420}","{'id': 23312, 'rank': 30, 'fitness': 0.01798620996209155, 'generation': 420}"
"{'id': 23227, 'rank': 1, 'fitness': 0.9820137900379085, 'generation': 421}","{'id': 23320, 'rank': 2, 'fitness': 0.9764550725473129, 'generation': 421}","{'id': 23364, 'rank': 3, 'fitness': 0.9531621153494856, 'generation': 421}","{'id': 22980, 'rank': 4, 'fitness': 0.9173847306692153, 'generation': 421}","{'id': 22980, 'rank': 5, 'fitness': 0.9173847306692153, 'generation': 421}","{'id': 23337, 'rank': 6, 'fitness': 0.8250742969491589, 'generation': 421}","{'id': 23328, 'rank': 7, 'fitness': 0.8120615207067283, 'generation': 421}","{'id': 23369, 'rank': 8, 'fitness': 0.7962412993889281, 'generation': 421}","{'id': 23369, 'rank': 9, 'fitness': 0.7962412993889281, 'generation': 421}","{'id': 23270, 'rank': 10, 'fitness': 0.793370254258861, 'generation': 421}","{'id': 23270, 'rank': 11, 'fitness': 0.793370254258861, 'generation': 421}","{'id': 23321, 'rank': 12, 'fitness': 0.7910825558944616, 'generation': 421}","{'id': 23172, 'rank': 13, 'fitness': 0.7824796441878907, 'generation': 421}","{'id': 23309, 'rank': 14, 'fitness': 0.7585054124994579, 'generation': 421}","{'id': 23331, 'rank': 15, 'fitness': 0.7423233363693885, 'generation': 421}","{'id': 23256, 'rank': 16, 'fitness': 0.7349651550652463, 'generation': 421}","{'id': 23274, 'rank': 17, 'fitness': 0.5633819855928615, 'generation': 421}","{'id': 23274, 'rank': 18, 'fitness': 0.5633819855928615, 'generation': 421}","{'id': 23365, 'rank': 19, 'fitness': 0.5404856768544162, 'generation': 421}","{'id': 23365, 'rank': 20, 'fitness': 0.5404856768544162, 'generation': 421}","{'id': 23365, 'rank': 21, 'fitness': 0.5404856768544162, 'generation': 421}","{'id': 23366, 'rank': 22, 'fitness': 0.52374175842806, 'generation': 421}","{'id': 23414, 'rank': 23, 'fitness': 0.18659814331213492, 'generation': 421}","{'id': 23392, 'rank': 24, 'fitness': 0.15842022685987805, 'generation': 421}","{'id': 23400, 'rank': 25, 'fitness': 0.15336592742984334, 'generation': 421}","{'id': 23370, 'rank': 26, 'fitness': 0.14167590341748115, 'generation': 421}","{'id': 23394, 'rank': 27, 'fitness': 0.06631700577462019, 'generation': 421}","{'id': 23417, 'rank': 28, 'fitness': 0.049168457062072124, 'generation': 421}","{'id': 23398, 'rank': 29, 'fitness': 0.04728249147578634, 'generation': 421}","{'id': 23388, 'rank': 30, 'fitness': 0.01798620996209155, 'generation': 421}"
"{'id': 23436, 'rank': 1, 'fitness': 0.9820137900379085, 'generation': 422}","{'id': 23227, 'rank': 2, 'fitness': 0.9178933923007169, 'generation': 422}","{'id': 23488, 'rank': 3, 'fitness': 0.7254187010733018, 'generation': 422}","{'id': 23337, 'rank': 4, 'fitness': 0.5503981867372191, 'generation': 422}","{'id': 23429, 'rank': 5, 'fitness': 0.5229052800424837, 'generation': 422}","{'id': 23369, 'rank': 6, 'fitness': 0.5080867865192101, 'generation': 422}","{'id': 23270, 'rank': 7, 'fitness': 0.5041124346295425, 'generation': 422}","{'id': 23331, 'rank': 8, 'fitness': 0.4395430016636238, 'generation': 422}","{'id': 23427, 'rank': 9, 'fitness': 0.2984513906443386, 'generation': 422}","{'id': 23365, 'rank': 10, 'fitness': 0.25882828607308284, 'generation': 422}","{'id': 23365, 'rank': 11, 'fitness': 0.25882828607308284, 'generation': 422}","{'id': 23424, 'rank': 12, 'fitness': 0.25402574058314975, 'generation': 422}","{'id': 23424, 'rank': 13, 'fitness': 0.25402574058314975, 'generation': 422}","{'id': 23424, 'rank': 14, 'fitness': 0.25402574058314975, 'generation': 422}","{'id': 23425, 'rank': 15, 'fitness': 0.23943185464059752, 'generation': 422}","{'id': 23425, 'rank': 16, 'fitness': 0.23943185464059752, 'generation': 422}","{'id': 23437, 'rank': 17, 'fitness': 0.2282830701372754, 'generation': 422}","{'id': 23444, 'rank': 18, 'fitness': 0.2114421862137591, 'generation': 422}","{'id': 23475, 'rank': 19, 'fitness': 0.1488675259520174, 'generation': 422}","{'id': 23441, 'rank': 20, 'fitness': 0.10939735811082668, 'generation': 422}","{'id': 23474, 'rank': 21, 'fitness': 0.09871501239756608, 'generation': 422}","{'id': 23474, 'rank': 22, 'fitness': 0.09871501239756608, 'generation': 422}","{'id': 23482, 'rank': 23, 'fitness': 0.09796695410376333, 'generation': 422}","{'id': 23460, 'rank': 24, 'fitness': 0.0632462716591844, 'generation': 422}","{'id': 23435, 'rank': 25, 'fitness': 0.053646318926794445, 'generation': 422}","{'id': 23483, 'rank': 26, 'fitness': 0.03405929061362134, 'generation': 422}","{'id': 23479, 'rank': 27, 'fitness': 0.03169611774250103, 'generation': 422}","{'id': 23417, 'rank': 28, 'fitness': 0.020353419177256138, 'generation': 422}","{'id': 23417, 'rank': 29, 'fitness': 0.020353419177256138, 'generation': 422}","{'id': 23423, 'rank': 30, 'fitness': 0.01798620996209155, 'generation': 422}"
"{'id': 23436, 'rank': 1, 'fitness': 0.9820137900379085, 'generation': 423}","{'id': 23436, 'rank': 2, 'fitness': 0.9820137900379085, 'generation': 423}","{'id': 23436, 'rank': 3, 'fitness': 0.9820137900379085, 'generation': 423}","{'id': 23513, 'rank': 4, 'fitness': 0.9278322888104488, 'generation': 423}","{'id': 23513, 'rank': 5, 'fitness': 0.9278322888104488, 'generation': 423}","{'id': 23492, 'rank': 6, 'fitness': 0.907182286145418, 'generation': 423}","{'id': 23493, 'rank': 7, 'fitness': 0.8241065039590079, 'generation': 423}","{'id': 23493, 'rank': 8, 'fitness': 0.8241065039590079, 'generation': 423}","{'id': 23517, 'rank': 9, 'fitness': 0.7917264132426967, 'generation': 423}","{'id': 23517, 'rank': 10, 'fitness': 0.7917264132426967, 'generation': 423}","{'id': 23498, 'rank': 11, 'fitness': 0.680431486615699, 'generation': 423}","{'id': 23490, 'rank': 12, 'fitness': 0.6618422134505798, 'generation': 423}","{'id': 23490, 'rank': 13, 'fitness': 0.6618422134505798, 'generation': 423}","{'id': 23490, 'rank': 14, 'fitness': 0.6618422134505798, 'generation': 423}","{'id': 23515, 'rank': 15, 'fitness': 0.4985336101189406, 'generation': 423}","{'id': 23515, 'rank': 16, 'fitness': 0.4985336101189406, 'generation': 423}","{'id': 23516, 'rank': 17, 'fitness': 0.48980086542145096, 'generation': 423}","{'id': 23516, 'rank': 18, 'fitness': 0.48980086542145096, 'generation': 423}","{'id': 23270, 'rank': 19, 'fitness': 0.44413490799068306, 'generation': 423}","{'id': 23520, 'rank': 20, 'fitness': 0.4288893257001993, 'generation': 423}","{'id': 23427, 'rank': 21, 'fitness': 0.24081808208360111, 'generation': 423}","{'id': 23427, 'rank': 22, 'fitness': 0.24081808208360111, 'generation': 423}","{'id': 23496, 'rank': 23, 'fitness': 0.23021117503149036, 'generation': 423}","{'id': 23365, 'rank': 24, 'fitness': 0.2046439976829152, 'generation': 423}","{'id': 23424, 'rank': 25, 'fitness': 0.20033068857737685, 'generation': 423}","{'id': 23424, 'rank': 26, 'fitness': 0.20033068857737685, 'generation': 423}","{'id': 23437, 'rank': 27, 'fitness': 0.1774798143576678, 'generation': 423}","{'id': 23499, 'rank': 28, 'fitness': 0.09683612634299005, 'generation': 423}","{'id': 23474, 'rank': 29, 'fitness': 0.0699706743491354, 'generation': 423}","{'id': 23502, 'rank': 30, 'fitness': 0.01798620996209155, 'generation': 423}"
"{'id': 23436, 'rank': 1, 'fitness': 0.9820137900379085, 'generation': 424}","{'id': 23436, 'rank': 2, 'fitness': 0.9820137900379085, 'generation': 424}","{'id': 23436, 'rank': 3, 'fitness': 0.9820137900379085, 'generation': 424}","{'id': 23436, 'rank': 4, 'fitness': 0.9820137900379085, 'generation': 424}","{'id': 23436, 'rank': 5, 'fitness': 0.9820137900379085, 'generation': 424}","{'id': 23436, 'rank': 6, 'fitness': 0.9820137900379085, 'generation': 424}","{'id': 23513, 'rank': 7, 'fitness': 0.9320345179570124, 'generation': 424}","{'id': 23513, 'rank': 8, 'fitness': 0.9320345179570124, 'generation': 424}","{'id': 23492, 'rank': 9, 'fitness': 0.913445332989999, 'generation': 424}","{'id': 23493, 'rank': 10, 'fitness': 0.8394259684138223, 'generation': 424}","{'id': 23493, 'rank': 11, 'fitness': 0.8394259684138223, 'generation': 424}","{'id': 23498, 'rank': 12, 'fitness': 0.7110480315059915, 'generation': 424}","{'id': 23550, 'rank': 13, 'fitness': 0.6207277709790455, 'generation': 424}","{'id': 23549, 'rank': 14, 'fitness': 0.5652193686248479, 'generation': 424}","{'id': 23516, 'rank': 15, 'fitness': 0.5348075782314998, 'generation': 424}","{'id': 23572, 'rank': 16, 'fitness': 0.5121373700002271, 'generation': 424}","{'id': 23270, 'rank': 17, 'fitness': 0.4910136932475212, 'generation': 424}","{'id': 23551, 'rank': 18, 'fitness': 0.4393672284915198, 'generation': 424}","{'id': 23573, 'rank': 19, 'fitness': 0.40464708283224504, 'generation': 424}","{'id': 23567, 'rank': 20, 'fitness': 0.3549161801140337, 'generation': 424}","{'id': 23568, 'rank': 21, 'fitness': 0.3092992629525775, 'generation': 424}","{'id': 23574, 'rank': 22, 'fitness': 0.29415697859725376, 'generation': 424}","{'id': 23427, 'rank': 23, 'fitness': 0.2852552441370171, 'generation': 424}","{'id': 23570, 'rank': 24, 'fitness': 0.2728196281345073, 'generation': 424}","{'id': 23437, 'rank': 25, 'fitness': 0.21641717310598363, 'generation': 424}","{'id': 23530, 'rank': 26, 'fitness': 0.1571170510196176, 'generation': 424}","{'id': 23560, 'rank': 27, 'fitness': 0.048912684351889, 'generation': 424}","{'id': 23561, 'rank': 28, 'fitness': 0.025916917418874863, 'generation': 424}","{'id': 23502, 'rank': 29, 'fitness': 0.02550302944572891, 'generation': 424}","{'id': 23575, 'rank': 30, 'fitness': 0.01798620996209155, 'generation': 424}"
"{'id': 23436, 'rank': 1, 'fitness': 0.9820137900379085, 'generation': 425}","{'id': 23436, 'rank': 2, 'fitness': 0.9820137900379085, 'generation': 425}","{'id': 23436, 'rank': 3, 'fitness': 0.9820137900379085, 'generation': 425}","{'id': 23513, 'rank': 4, 'fitness': 0.9297078692584454, 'generation': 425}","{'id': 23492, 'rank': 5, 'fitness': 0.909983468368376, 'generation': 425}","{'id': 23493, 'rank': 6, 'fitness': 0.8309765202234936, 'generation': 425}","{'id': 23498, 'rank': 7, 'fitness': 0.6941005575103525, 'generation': 425}","{'id': 23580, 'rank': 8, 'fitness': 0.6716573405483792, 'generation': 425}","{'id': 23612, 'rank': 9, 'fitness': 0.6015340409636333, 'generation': 425}","{'id': 23550, 'rank': 10, 'fitness': 0.5988907791627062, 'generation': 425}","{'id': 23588, 'rank': 11, 'fitness': 0.5542518945643065, 'generation': 425}","{'id': 23516, 'rank': 12, 'fitness': 0.5096037356633688, 'generation': 425}","{'id': 23516, 'rank': 13, 'fitness': 0.5096037356633688, 'generation': 425}","{'id': 23270, 'rank': 14, 'fitness': 0.464665019166945, 'generation': 425}","{'id': 23595, 'rank': 15, 'fitness': 0.4517624079707494, 'generation': 425}","{'id': 23568, 'rank': 16, 'fitness': 0.283105423949316, 'generation': 425}","{'id': 23427, 'rank': 17, 'fitness': 0.2597503140694013, 'generation': 425}","{'id': 23437, 'rank': 18, 'fitness': 0.19387442035711266, 'generation': 425}","{'id': 23621, 'rank': 19, 'fitness': 0.1817143878791082, 'generation': 425}","{'id': 23621, 'rank': 20, 'fitness': 0.1817143878791082, 'generation': 425}","{'id': 23606, 'rank': 21, 'fitness': 0.17288155124457621, 'generation': 425}","{'id': 23606, 'rank': 22, 'fitness': 0.17288155124457621, 'generation': 425}","{'id': 23603, 'rank': 23, 'fitness': 0.07604780053565391, 'generation': 425}","{'id': 23591, 'rank': 24, 'fitness': 0.0723658934652236, 'generation': 425}","{'id': 23618, 'rank': 25, 'fitness': 0.06872664528604944, 'generation': 425}","{'id': 23623, 'rank': 26, 'fitness': 0.06400933892900296, 'generation': 425}","{'id': 23617, 'rank': 27, 'fitness': 0.05606603875758004, 'generation': 425}","{'id': 23560, 'rank': 28, 'fitness': 0.04109439791110403, 'generation': 425}","{'id': 23592, 'rank': 29, 'fitness': 0.041014242448255966, 'generation': 425}","{'id': 23616, 'rank': 30, 'fitness': 0.01798620996209155, 'generation': 425}"
"{'id': 23436, 'rank': 1, 'fitness': 0.9820137900379085, 'generation': 426}","{'id': 23436, 'rank': 2, 'fitness': 0.9820137900379085, 'generation': 426}","{'id': 23647, 'rank': 3, 'fitness': 0.9485456588318526, 'generation': 426}","{'id': 23513, 'rank': 4, 'fitness': 0.9255222842147264, 'generation': 426}","{'id': 23492, 'rank': 5, 'fitness': 0.9037201192021249, 'generation': 426}","{'id': 23493, 'rank': 6, 'fitness': 0.8155806935533441, 'generation': 426}","{'id': 23659, 'rank': 7, 'fitness': 0.7917797143839617, 'generation': 426}","{'id': 23612, 'rank': 8, 'fitness': 0.5631755328449991, 'generation': 426}","{'id': 23550, 'rank': 9, 'fitness': 0.5603443997453594, 'generation': 426}","{'id': 23588, 'rank': 10, 'fitness': 0.5128802685594809, 'generation': 426}","{'id': 23678, 'rank': 11, 'fitness': 0.44989469776987395, 'generation': 426}","{'id': 23632, 'rank': 12, 'fitness': 0.2895837829468854, 'generation': 426}","{'id': 23632, 'rank': 13, 'fitness': 0.2895837829468854, 'generation': 426}","{'id': 23427, 'rank': 14, 'fitness': 0.21938769574804368, 'generation': 426}","{'id': 23427, 'rank': 15, 'fitness': 0.21938769574804368, 'generation': 426}","{'id': 23437, 'rank': 16, 'fitness': 0.15927748549618082, 'generation': 426}","{'id': 23437, 'rank': 17, 'fitness': 0.15927748549618082, 'generation': 426}","{'id': 23437, 'rank': 18, 'fitness': 0.15927748549618082, 'generation': 426}","{'id': 23655, 'rank': 19, 'fitness': 0.15156759271278986, 'generation': 426}","{'id': 23621, 'rank': 20, 'fitness': 0.14844276037943627, 'generation': 426}","{'id': 23621, 'rank': 21, 'fitness': 0.14844276037943627, 'generation': 426}","{'id': 23621, 'rank': 22, 'fitness': 0.14844276037943627, 'generation': 426}","{'id': 23630, 'rank': 23, 'fitness': 0.13103485585668023, 'generation': 426}","{'id': 23646, 'rank': 24, 'fitness': 0.07918179297334599, 'generation': 426}","{'id': 23646, 'rank': 25, 'fitness': 0.07918179297334599, 'generation': 426}","{'id': 23603, 'rank': 26, 'fitness': 0.058247574618764286, 'generation': 426}","{'id': 23656, 'rank': 27, 'fitness': 0.04931123399065562, 'generation': 426}","{'id': 23645, 'rank': 28, 'fitness': 0.04657467240986862, 'generation': 426}","{'id': 23617, 'rank': 29, 'fitness': 0.04214361381341997, 'generation': 426}","{'id': 23649, 'rank': 30, 'fitness': 0.01798620996209155, 'generation': 426}"
"{'id': 23436, 'rank': 1, 'fitness': 0.9820137900379085, 'generation': 427}","{'id': 23436, 'rank': 2, 'fitness': 0.9820137900379085, 'generation': 427}","{'id': 23647, 'rank': 3, 'fitness': 0.9414210011784525, 'generation': 427}","{'id': 23513, 'rank': 4, 'fitness': 0.911556955138681, 'generation': 427}","{'id': 23492, 'rank': 5, 'fitness': 0.8825429703937473, 'generation': 427}","{'id': 23492, 'rank': 6, 'fitness': 0.8825429703937473, 'generation': 427}","{'id': 23659, 'rank': 7, 'fitness': 0.7308552250392191, 'generation': 427}","{'id': 23713, 'rank': 8, 'fitness': 0.4570527020556617, 'generation': 427}","{'id': 23612, 'rank': 9, 'fitness': 0.4453791810416207, 'generation': 427}","{'id': 23612, 'rank': 10, 'fitness': 0.4453791810416207, 'generation': 427}","{'id': 23718, 'rank': 11, 'fitness': 0.4402861421235872, 'generation': 427}","{'id': 23689, 'rank': 12, 'fitness': 0.4234182070453768, 'generation': 427}","{'id': 23588, 'rank': 13, 'fitness': 0.3899596363919702, 'generation': 427}","{'id': 23588, 'rank': 14, 'fitness': 0.3899596363919702, 'generation': 427}","{'id': 23678, 'rank': 15, 'fitness': 0.32474762030408566, 'generation': 427}","{'id': 23690, 'rank': 16, 'fitness': 0.2902532117038973, 'generation': 427}","{'id': 23712, 'rank': 17, 'fitness': 0.28907931805046416, 'generation': 427}","{'id': 23699, 'rank': 18, 'fitness': 0.21015299404393817, 'generation': 427}","{'id': 23711, 'rank': 19, 'fitness': 0.20664219137519946, 'generation': 427}","{'id': 23711, 'rank': 20, 'fitness': 0.20664219137519946, 'generation': 427}","{'id': 23716, 'rank': 21, 'fitness': 0.19642897401804688, 'generation': 427}","{'id': 23427, 'rank': 22, 'fitness': 0.12617901703908568, 'generation': 427}","{'id': 23700, 'rank': 23, 'fitness': 0.1107933587333213, 'generation': 427}","{'id': 23719, 'rank': 24, 'fitness': 0.10622076276369546, 'generation': 427}","{'id': 23719, 'rank': 25, 'fitness': 0.10622076276369546, 'generation': 427}","{'id': 23720, 'rank': 26, 'fitness': 0.09063548004628452, 'generation': 427}","{'id': 23437, 'rank': 27, 'fitness': 0.08475776607967811, 'generation': 427}","{'id': 23621, 'rank': 28, 'fitness': 0.07776084013777645, 'generation': 427}","{'id': 23630, 'rank': 29, 'fitness': 0.06682840748886992, 'generation': 427}","{'id': 23692, 'rank': 30, 'fitness': 0.01798620996209155, 'generation': 427}"
"{'id': 23436, 'rank': 1, 'fitness': 0.9820137900379085, 'generation': 428}","{'id': 23436, 'rank': 2, 'fitness': 0.9820137900379085, 'generation': 428}","{'id': 23492, 'rank': 3, 'fitness': 0.8924636489670406, 'generation': 428}","{'id': 23492, 'rank': 4, 'fitness': 0.8924636489670406, 'generation': 428}","{'id': 23492, 'rank': 5, 'fitness': 0.8924636489670406, 'generation': 428}","{'id': 23767, 'rank': 6, 'fitness': 0.8440934718601721, 'generation': 428}","{'id': 23659, 'rank': 7, 'fitness': 0.7594029657821106, 'generation': 428}","{'id': 23659, 'rank': 8, 'fitness': 0.7594029657821106, 'generation': 428}","{'id': 23659, 'rank': 9, 'fitness': 0.7594029657821106, 'generation': 428}","{'id': 23727, 'rank': 10, 'fitness': 0.5972261307315181, 'generation': 428}","{'id': 23713, 'rank': 11, 'fitness': 0.5092342737927585, 'generation': 428}","{'id': 23713, 'rank': 12, 'fitness': 0.5092342737927585, 'generation': 428}","{'id': 23734, 'rank': 13, 'fitness': 0.5040329377494818, 'generation': 428}","{'id': 23724, 'rank': 14, 'fitness': 0.4993269019767956, 'generation': 428}","{'id': 23588, 'rank': 15, 'fitness': 0.44410270057885076, 'generation': 428}","{'id': 23769, 'rank': 16, 'fitness': 0.41125949703705, 'generation': 428}","{'id': 23712, 'rank': 17, 'fitness': 0.34203746931053286, 'generation': 428}","{'id': 23754, 'rank': 18, 'fitness': 0.34164220136560614, 'generation': 428}","{'id': 23729, 'rank': 19, 'fitness': 0.3088663672360064, 'generation': 428}","{'id': 23729, 'rank': 20, 'fitness': 0.3088663672360064, 'generation': 428}","{'id': 23711, 'rank': 21, 'fitness': 0.25401273490627285, 'generation': 428}","{'id': 23711, 'rank': 22, 'fitness': 0.25401273490627285, 'generation': 428}","{'id': 23427, 'rank': 23, 'fitness': 0.16278629957615265, 'generation': 428}","{'id': 23700, 'rank': 24, 'fitness': 0.1445828763259353, 'generation': 428}","{'id': 23719, 'rank': 25, 'fitness': 0.1391170672654734, 'generation': 428}","{'id': 23766, 'rank': 26, 'fitness': 0.13393831938736633, 'generation': 428}","{'id': 23736, 'rank': 27, 'fitness': 0.08496748330156534, 'generation': 428}","{'id': 23736, 'rank': 28, 'fitness': 0.08496748330156534, 'generation': 428}","{'id': 23737, 'rank': 29, 'fitness': 0.040059291013362586, 'generation': 428}","{'id': 23735, 'rank': 30, 'fitness': 0.01798620996209155, 'generation': 428}"
"{'id': 23436, 'rank': 1, 'fitness': 0.9820137900379085, 'generation': 429}","{'id': 23770, 'rank': 2, 'fitness': 0.9300198364762453, 'generation': 429}","{'id': 23492, 'rank': 3, 'fitness': 0.8966236445607378, 'generation': 429}","{'id': 23492, 'rank': 4, 'fitness': 0.8966236445607378, 'generation': 429}","{'id': 23492, 'rank': 5, 'fitness': 0.8966236445607378, 'generation': 429}","{'id': 23492, 'rank': 6, 'fitness': 0.8966236445607378, 'generation': 429}","{'id': 23767, 'rank': 7, 'fitness': 0.8510816367999784, 'generation': 429}","{'id': 23659, 'rank': 8, 'fitness': 0.7713844170499962, 'generation': 429}","{'id': 23659, 'rank': 9, 'fitness': 0.7713844170499962, 'generation': 429}","{'id': 23818, 'rank': 10, 'fitness': 0.5910111025031045, 'generation': 429}","{'id': 23713, 'rank': 11, 'fitness': 0.5323849472292188, 'generation': 429}","{'id': 23713, 'rank': 12, 'fitness': 0.5323849472292188, 'generation': 429}","{'id': 23734, 'rank': 13, 'fitness': 0.5273225967501599, 'generation': 429}","{'id': 23724, 'rank': 14, 'fitness': 0.5227381996209303, 'generation': 429}","{'id': 23588, 'rank': 15, 'fitness': 0.46863466178778945, 'generation': 429}","{'id': 23588, 'rank': 16, 'fitness': 0.46863466178778945, 'generation': 429}","{'id': 23588, 'rank': 17, 'fitness': 0.46863466178778945, 'generation': 429}","{'id': 23771, 'rank': 18, 'fitness': 0.43788657343610304, 'generation': 429}","{'id': 23769, 'rank': 19, 'fitness': 0.4361708782064736, 'generation': 429}","{'id': 23712, 'rank': 20, 'fitness': 0.36696331765496537, 'generation': 429}","{'id': 23754, 'rank': 21, 'fitness': 0.3665648423630067, 'generation': 429}","{'id': 23787, 'rank': 22, 'fitness': 0.13444696708079934, 'generation': 429}","{'id': 23787, 'rank': 23, 'fitness': 0.13444696708079934, 'generation': 429}","{'id': 23736, 'rank': 24, 'fitness': 0.09731638398335968, 'generation': 429}","{'id': 23801, 'rank': 25, 'fitness': 0.054969498091994085, 'generation': 429}","{'id': 23793, 'rank': 26, 'fitness': 0.05211771806518484, 'generation': 429}","{'id': 23781, 'rank': 27, 'fitness': 0.029284290285920778, 'generation': 429}","{'id': 23808, 'rank': 28, 'fitness': 0.019742259113392724, 'generation': 429}","{'id': 23808, 'rank': 29, 'fitness': 0.019742259113392724, 'generation': 429}","{'id': 23811, 'rank': 30, 'fitness': 0.01798620996209155, 'generation': 429}"
"{'id': 23865, 'rank': 1, 'fitness': 0.9820137900379085, 'generation': 430}","{'id': 23770, 'rank': 2, 'fitness': 0.975799722194332, 'generation': 430}","{'id': 23492, 'rank': 3, 'fitness': 0.9624995746502536, 'generation': 430}","{'id': 23492, 'rank': 4, 'fitness': 0.9624995746502536, 'generation': 430}","{'id': 23492, 'rank': 5, 'fitness': 0.9624995746502536, 'generation': 430}","{'id': 23767, 'rank': 6, 'fitness': 0.9428708291401077, 'generation': 430}","{'id': 23659, 'rank': 7, 'fitness': 0.9042880753929088, 'generation': 430}","{'id': 23659, 'rank': 8, 'fitness': 0.9042880753929088, 'generation': 430}","{'id': 23659, 'rank': 9, 'fitness': 0.9042880753929088, 'generation': 430}","{'id': 23659, 'rank': 10, 'fitness': 0.9042880753929088, 'generation': 430}","{'id': 23659, 'rank': 11, 'fitness': 0.9042880753929088, 'generation': 430}","{'id': 23835, 'rank': 12, 'fitness': 0.8186352427186461, 'generation': 430}","{'id': 23835, 'rank': 13, 'fitness': 0.8186352427186461, 'generation': 430}","{'id': 23713, 'rank': 14, 'fitness': 0.7494705672897191, 'generation': 430}","{'id': 23588, 'rank': 15, 'fitness': 0.695401918405893, 'generation': 430}","{'id': 23856, 'rank': 16, 'fitness': 0.4308847927102021, 'generation': 430}","{'id': 23825, 'rank': 17, 'fitness': 0.3393349352016166, 'generation': 430}","{'id': 23866, 'rank': 18, 'fitness': 0.2973518266349918, 'generation': 430}","{'id': 23787, 'rank': 19, 'fitness': 0.2664476215704847, 'generation': 430}","{'id': 23852, 'rank': 20, 'fitness': 0.2574345573564018, 'generation': 430}","{'id': 23823, 'rank': 21, 'fitness': 0.08671255152166185, 'generation': 430}","{'id': 23830, 'rank': 22, 'fitness': 0.08533520899574254, 'generation': 430}","{'id': 23858, 'rank': 23, 'fitness': 0.0539520587690841, 'generation': 430}","{'id': 23828, 'rank': 24, 'fitness': 0.04777337991886221, 'generation': 430}","{'id': 23808, 'rank': 25, 'fitness': 0.040111669362462354, 'generation': 430}","{'id': 23808, 'rank': 26, 'fitness': 0.040111669362462354, 'generation': 430}","{'id': 23870, 'rank': 27, 'fitness': 0.03541741494376771, 'generation': 430}","{'id': 23867, 'rank': 28, 'fitness': 0.03292944573174739, 'generation': 430}","{'id': 23864, 'rank': 29, 'fitness': 0.02127463092532711, 'generation': 430}","{'id': 23863, 'rank': 30, 'fitness': 0.01798620996209155, 'generation': 430}"
"{'id': 23897, 'rank': 1, 'fitness': 0.9820137900379085, 'generation': 431}","{'id': 23770, 'rank': 2, 'fitness': 0.9805960714855187, 'generation': 431}","{'id': 23492, 'rank': 3, 'fitness': 0.9694835346320738, 'generation': 431}","{'id': 23892, 'rank': 4, 'fitness': 0.9624076656590673, 'generation': 431}","{'id': 23910, 'rank': 5, 'fitness': 0.9602627954957574, 'generation': 431}","{'id': 23896, 'rank': 6, 'fitness': 0.9197840926313515, 'generation': 431}","{'id': 23659, 'rank': 7, 'fitness': 0.919199389150275, 'generation': 431}","{'id': 23659, 'rank': 8, 'fitness': 0.919199389150275, 'generation': 431}","{'id': 23659, 'rank': 9, 'fitness': 0.919199389150275, 'generation': 431}","{'id': 23659, 'rank': 10, 'fitness': 0.919199389150275, 'generation': 431}","{'id': 23895, 'rank': 11, 'fitness': 0.9141558007252982, 'generation': 431}","{'id': 23895, 'rank': 12, 'fitness': 0.9141558007252982, 'generation': 431}","{'id': 23835, 'rank': 13, 'fitness': 0.841900856057631, 'generation': 431}","{'id': 23835, 'rank': 14, 'fitness': 0.841900856057631, 'generation': 431}","{'id': 23713, 'rank': 15, 'fitness': 0.7772550642705978, 'generation': 431}","{'id': 23912, 'rank': 16, 'fitness': 0.7502422153674575, 'generation': 431}","{'id': 23893, 'rank': 17, 'fitness': 0.7458014685046, 'generation': 431}","{'id': 23588, 'rank': 18, 'fitness': 0.7255143849705514, 'generation': 431}","{'id': 23911, 'rank': 19, 'fitness': 0.6288417223726479, 'generation': 431}","{'id': 23911, 'rank': 20, 'fitness': 0.6288417223726479, 'generation': 431}","{'id': 23886, 'rank': 21, 'fitness': 0.6032339975546266, 'generation': 431}","{'id': 23889, 'rank': 22, 'fitness': 0.5751151795247028, 'generation': 431}","{'id': 23917, 'rank': 23, 'fitness': 0.1813226827599757, 'generation': 431}","{'id': 23917, 'rank': 24, 'fitness': 0.1813226827599757, 'generation': 431}","{'id': 23884, 'rank': 25, 'fitness': 0.15133342706788772, 'generation': 431}","{'id': 23884, 'rank': 26, 'fitness': 0.15133342706788772, 'generation': 431}","{'id': 23898, 'rank': 27, 'fitness': 0.1386610041312017, 'generation': 431}","{'id': 23872, 'rank': 28, 'fitness': 0.060018436649910745, 'generation': 431}","{'id': 23908, 'rank': 29, 'fitness': 0.031051724118797308, 'generation': 431}","{'id': 23888, 'rank': 30, 'fitness': 0.01798620996209155, 'generation': 431}"
"{'id': 23770, 'rank': 1, 'fitness': 0.9820137900379085, 'generation': 432}","{'id': 23492, 'rank': 2, 'fitness': 0.9708259009420738, 'generation': 432}","{'id': 23492, 'rank': 3, 'fitness': 0.9708259009420738, 'generation': 432}","{'id': 23492, 'rank': 4, 'fitness': 0.9708259009420738, 'generation': 432}","{'id': 23928, 'rank': 5, 'fitness': 0.9657112494249932, 'generation': 432}","{'id': 23910, 'rank': 6, 'fitness': 0.9613223971561351, 'generation': 432}","{'id': 23896, 'rank': 7, 'fitness': 0.9181781062798307, 'generation': 432}","{'id': 23896, 'rank': 8, 'fitness': 0.9181781062798307, 'generation': 432}","{'id': 23659, 'rank': 9, 'fitness': 0.9175429145162339, 'generation': 432}","{'id': 23659, 'rank': 10, 'fitness': 0.9175429145162339, 'generation': 432}","{'id': 23969, 'rank': 11, 'fitness': 0.7482226270055604, 'generation': 432}","{'id': 23588, 'rank': 12, 'fitness': 0.7011083861182492, 'generation': 432}","{'id': 23588, 'rank': 13, 'fitness': 0.7011083861182492, 'generation': 432}","{'id': 23911, 'rank': 14, 'fitness': 0.5934392291237105, 'generation': 432}","{'id': 23911, 'rank': 15, 'fitness': 0.5934392291237105, 'generation': 432}","{'id': 23886, 'rank': 16, 'fitness': 0.5652972699597444, 'generation': 432}","{'id': 23960, 'rank': 17, 'fitness': 0.45410073179515176, 'generation': 432}","{'id': 23954, 'rank': 18, 'fitness': 0.40552360803656157, 'generation': 432}","{'id': 23954, 'rank': 19, 'fitness': 0.40552360803656157, 'generation': 432}","{'id': 23936, 'rank': 20, 'fitness': 0.16888181437599908, 'generation': 432}","{'id': 23963, 'rank': 21, 'fitness': 0.1366347802268677, 'generation': 432}","{'id': 23940, 'rank': 22, 'fitness': 0.12488785128491436, 'generation': 432}","{'id': 23884, 'rank': 23, 'fitness': 0.11677536930996085, 'generation': 432}","{'id': 23898, 'rank': 24, 'fitness': 0.10598537984176226, 'generation': 432}","{'id': 23972, 'rank': 25, 'fitness': 0.07818822527036662, 'generation': 432}","{'id': 23947, 'rank': 26, 'fitness': 0.05644308506351908, 'generation': 432}","{'id': 23949, 'rank': 27, 'fitness': 0.051258614849055695, 'generation': 432}","{'id': 23965, 'rank': 28, 'fitness': 0.022424726285937002, 'generation': 432}","{'id': 23962, 'rank': 29, 'fitness': 0.021835817252513434, 'generation': 432}","{'id': 23935, 'rank': 30, 'fitness': 0.01798620996209155, 'generation': 432}"
"{'id': 23492, 'rank': 1, 'fitness': 0.9820137900379085, 'generation': 433}","{'id': 23910, 'rank': 2, 'fitness': 0.9766939874521824, 'generation': 433}","{'id': 24032, 'rank': 3, 'fitness': 0.9621919929549378, 'generation': 433}","{'id': 23896, 'rank': 4, 'fitness': 0.9532291029502571, 'generation': 433}","{'id': 23896, 'rank': 5, 'fitness': 0.9532291029502571, 'generation': 433}","{'id': 23659, 'rank': 6, 'fitness': 0.9528874124788197, 'generation': 433}","{'id': 23979, 'rank': 7, 'fitness': 0.9039360721007451, 'generation': 433}","{'id': 23911, 'rank': 8, 'fitness': 0.7623511166051584, 'generation': 433}","{'id': 23911, 'rank': 9, 'fitness': 0.7623511166051584, 'generation': 433}","{'id': 23886, 'rank': 10, 'fitness': 0.7428622689065301, 'generation': 433}","{'id': 23954, 'rank': 11, 'fitness': 0.6168074699852896, 'generation': 433}","{'id': 23954, 'rank': 12, 'fitness': 0.6168074699852896, 'generation': 433}","{'id': 24010, 'rank': 13, 'fitness': 0.37134564446520424, 'generation': 433}","{'id': 23991, 'rank': 14, 'fitness': 0.3636029571476511, 'generation': 433}","{'id': 24025, 'rank': 15, 'fitness': 0.3277955377282751, 'generation': 433}","{'id': 23963, 'rank': 16, 'fitness': 0.2997623214943975, 'generation': 433}","{'id': 24028, 'rank': 17, 'fitness': 0.27687374901457584, 'generation': 433}","{'id': 23898, 'rank': 18, 'fitness': 0.24781141476594337, 'generation': 433}","{'id': 23947, 'rank': 19, 'fitness': 0.15053871458797818, 'generation': 433}","{'id': 23981, 'rank': 20, 'fitness': 0.12843129205548165, 'generation': 433}","{'id': 24009, 'rank': 21, 'fitness': 0.10858140286014106, 'generation': 433}","{'id': 23986, 'rank': 22, 'fitness': 0.1016261706323145, 'generation': 433}","{'id': 24000, 'rank': 23, 'fitness': 0.08931697845553394, 'generation': 433}","{'id': 24000, 'rank': 24, 'fitness': 0.08931697845553394, 'generation': 433}","{'id': 24000, 'rank': 25, 'fitness': 0.08931697845553394, 'generation': 433}","{'id': 23962, 'rank': 26, 'fitness': 0.06761337902414455, 'generation': 433}","{'id': 23989, 'rank': 27, 'fitness': 0.04960624657102869, 'generation': 433}","{'id': 24018, 'rank': 28, 'fitness': 0.03708246831355766, 'generation': 433}","{'id': 23994, 'rank': 29, 'fitness': 0.019778878045930093, 'generation': 433}","{'id': 24004, 'rank': 30, 'fitness': 0.01798620996209155, 'generation': 433}"
"{'id': 24078, 'rank': 1, 'fitness': 0.9820137900379085, 'generation': 434}","{'id': 23492, 'rank': 2, 'fitness': 0.9678489001644376, 'generation': 434}","{'id': 23492, 'rank': 3, 'fitness': 0.9678489001644376, 'generation': 434}","{'id': 23910, 'rank': 4, 'fitness': 0.9591749834025425, 'generation': 434}","{'id': 24048, 'rank': 5, 'fitness': 0.9436431133604358, 'generation': 434}","{'id': 24048, 'rank': 6, 'fitness': 0.9436431133604358, 'generation': 434}","{'id': 24032, 'rank': 7, 'fitness': 0.9364025498639184, 'generation': 434}","{'id': 24084, 'rank': 8, 'fitness': 0.903667204590433, 'generation': 434}","{'id': 24068, 'rank': 9, 'fitness': 0.8835622044369392, 'generation': 434}","{'id': 24060, 'rank': 10, 'fitness': 0.8573876002286299, 'generation': 434}","{'id': 23979, 'rank': 11, 'fitness': 0.8528693518408523, 'generation': 434}","{'id': 24077, 'rank': 12, 'fitness': 0.8489148226373306, 'generation': 434}","{'id': 24072, 'rank': 13, 'fitness': 0.6431730969115055, 'generation': 434}","{'id': 24072, 'rank': 14, 'fitness': 0.6431730969115055, 'generation': 434}","{'id': 24049, 'rank': 15, 'fitness': 0.5928698460063325, 'generation': 434}","{'id': 23954, 'rank': 16, 'fitness': 0.5257129475237717, 'generation': 434}","{'id': 23954, 'rank': 17, 'fitness': 0.5257129475237717, 'generation': 434}","{'id': 23954, 'rank': 18, 'fitness': 0.5257129475237717, 'generation': 434}","{'id': 23954, 'rank': 19, 'fitness': 0.5257129475237717, 'generation': 434}","{'id': 24050, 'rank': 20, 'fitness': 0.5077396046066672, 'generation': 434}","{'id': 24076, 'rank': 21, 'fitness': 0.39637085028133023, 'generation': 434}","{'id': 24051, 'rank': 22, 'fitness': 0.3497643232787494, 'generation': 434}","{'id': 24082, 'rank': 23, 'fitness': 0.3495504680175487, 'generation': 434}","{'id': 24082, 'rank': 24, 'fitness': 0.3495504680175487, 'generation': 434}","{'id': 23991, 'rank': 25, 'fitness': 0.2957748481440382, 'generation': 434}","{'id': 24025, 'rank': 26, 'fitness': 0.2658230435510488, 'generation': 434}","{'id': 24069, 'rank': 27, 'fitness': 0.23869501216261407, 'generation': 434}","{'id': 24069, 'rank': 28, 'fitness': 0.23869501216261407, 'generation': 434}","{'id': 23986, 'rank': 29, 'fitness': 0.08433416360712692, 'generation': 434}","{'id': 23994, 'rank': 30, 'fitness': 0.01798620996209155, 'generation': 434}"
"{'id': 23492, 'rank': 1, 'fitness': 0.9820137900379085, 'generation': 435}","{'id': 24048, 'rank': 2, 'fitness': 0.9685179985788274, 'generation': 435}","{'id': 24048, 'rank': 3, 'fitness': 0.9685179985788274, 'generation': 435}","{'id': 24032, 'rank': 4, 'fitness': 0.9644499070882832, 'generation': 435}","{'id': 24084, 'rank': 5, 'fitness': 0.9458198720586987, 'generation': 435}","{'id': 24124, 'rank': 6, 'fitness': 0.8599954633884654, 'generation': 435}","{'id': 24132, 'rank': 7, 'fitness': 0.814243882893717, 'generation': 435}","{'id': 24132, 'rank': 8, 'fitness': 0.814243882893717, 'generation': 435}","{'id': 24122, 'rank': 9, 'fitness': 0.8056524564029581, 'generation': 435}","{'id': 24151, 'rank': 10, 'fitness': 0.7302863384046084, 'generation': 435}","{'id': 24151, 'rank': 11, 'fitness': 0.7302863384046084, 'generation': 435}","{'id': 24097, 'rank': 12, 'fitness': 0.6843525917702084, 'generation': 435}","{'id': 23954, 'rank': 13, 'fitness': 0.6837652850056476, 'generation': 435}","{'id': 24120, 'rank': 14, 'fitness': 0.6654059315136813, 'generation': 435}","{'id': 24088, 'rank': 15, 'fitness': 0.6457136019350607, 'generation': 435}","{'id': 24107, 'rank': 16, 'fitness': 0.5890832757770946, 'generation': 435}","{'id': 24082, 'rank': 17, 'fitness': 0.5157792851147788, 'generation': 435}","{'id': 24092, 'rank': 18, 'fitness': 0.5135840413335556, 'generation': 435}","{'id': 24149, 'rank': 19, 'fitness': 0.4775659066693674, 'generation': 435}","{'id': 24025, 'rank': 20, 'fitness': 0.41993115314198226, 'generation': 435}","{'id': 24069, 'rank': 21, 'fitness': 0.386082390854756, 'generation': 435}","{'id': 24112, 'rank': 22, 'fitness': 0.25722404240177155, 'generation': 435}","{'id': 24121, 'rank': 23, 'fitness': 0.23365196674268662, 'generation': 435}","{'id': 24139, 'rank': 24, 'fitness': 0.16524769071890166, 'generation': 435}","{'id': 24139, 'rank': 25, 'fitness': 0.16524769071890166, 'generation': 435}","{'id': 23986, 'rank': 26, 'fitness': 0.1595191816576899, 'generation': 435}","{'id': 24146, 'rank': 27, 'fitness': 0.045629076032860594, 'generation': 435}","{'id': 24141, 'rank': 28, 'fitness': 0.03724576467219931, 'generation': 435}","{'id': 24099, 'rank': 29, 'fitness': 0.03682501897082452, 'generation': 435}","{'id': 24110, 'rank': 30, 'fitness': 0.01798620996209155, 'generation': 435}"
"{'id': 24162, 'rank': 1, 'fitness': 0.9820137900379085, 'generation': 436}","{'id': 24162, 'rank': 2, 'fitness': 0.9820137900379085, 'generation': 436}","{'id': 24162, 'rank': 3, 'fitness': 0.9820137900379085, 'generation': 436}","{'id': 24048, 'rank': 4, 'fitness': 0.9811242373756202, 'generation': 436}","{'id': 24048, 'rank': 5, 'fitness': 0.9811242373756202, 'generation': 436}","{'id': 24032, 'rank': 6, 'fitness': 0.9775181053031778, 'generation': 436}","{'id': 24179, 'rank': 7, 'fitness': 0.9743296854955283, 'generation': 436}","{'id': 24179, 'rank': 8, 'fitness': 0.9743296854955283, 'generation': 436}","{'id': 24159, 'rank': 9, 'fitness': 0.9723081518224015, 'generation': 436}","{'id': 24084, 'rank': 10, 'fitness': 0.9587654565930092, 'generation': 436}","{'id': 24160, 'rank': 11, 'fitness': 0.8394843291454815, 'generation': 436}","{'id': 24170, 'rank': 12, 'fitness': 0.8192707774518693, 'generation': 436}","{'id': 24132, 'rank': 13, 'fitness': 0.7657373983652632, 'generation': 436}","{'id': 24122, 'rank': 14, 'fitness': 0.7512228355883743, 'generation': 436}","{'id': 24151, 'rank': 15, 'fitness': 0.6225607623872195, 'generation': 436}","{'id': 24120, 'rank': 16, 'fitness': 0.5155701936861855, 'generation': 436}","{'id': 24088, 'rank': 17, 'fitness': 0.48461927241114894, 'generation': 436}","{'id': 24107, 'rank': 18, 'fitness': 0.40073893292173557, 'generation': 436}","{'id': 24183, 'rank': 19, 'fitness': 0.3163034078098071, 'generation': 436}","{'id': 24082, 'rank': 20, 'fitness': 0.304892176972122, 'generation': 436}","{'id': 24092, 'rank': 21, 'fitness': 0.30225422145089387, 'generation': 436}","{'id': 24181, 'rank': 22, 'fitness': 0.15866116248163226, 'generation': 436}","{'id': 24161, 'rank': 23, 'fitness': 0.10719096967843483, 'generation': 436}","{'id': 24154, 'rank': 24, 'fitness': 0.10543783731499046, 'generation': 436}","{'id': 24154, 'rank': 25, 'fitness': 0.10543783731499046, 'generation': 436}","{'id': 24169, 'rank': 26, 'fitness': 0.08834905650076591, 'generation': 436}","{'id': 24188, 'rank': 27, 'fitness': 0.054413469245680635, 'generation': 436}","{'id': 24186, 'rank': 28, 'fitness': 0.050541976179010184, 'generation': 436}","{'id': 24176, 'rank': 29, 'fitness': 0.019488675592118754, 'generation': 436}","{'id': 24190, 'rank': 30, 'fitness': 0.01798620996209155, 'generation': 436}"
"{'id': 24242, 'rank': 1, 'fitness': 0.9820137900379085, 'generation': 437}","{'id': 24242, 'rank': 2, 'fitness': 0.9820137900379085, 'generation': 437}","{'id': 24199, 'rank': 3, 'fitness': 0.8226677820736739, 'generation': 437}","{'id': 24199, 'rank': 4, 'fitness': 0.8226677820736739, 'generation': 437}","{'id': 24162, 'rank': 5, 'fitness': 0.8112335895738237, 'generation': 437}","{'id': 24162, 'rank': 6, 'fitness': 0.8112335895738237, 'generation': 437}","{'id': 24159, 'rank': 7, 'fitness': 0.7580755757978793, 'generation': 437}","{'id': 24084, 'rank': 8, 'fitness': 0.6999869398081038, 'generation': 437}","{'id': 24241, 'rank': 9, 'fitness': 0.6726157316229371, 'generation': 437}","{'id': 24241, 'rank': 10, 'fitness': 0.6726157316229371, 'generation': 437}","{'id': 24170, 'rank': 11, 'fitness': 0.4200306785507552, 'generation': 437}","{'id': 24132, 'rank': 12, 'fitness': 0.36432445179061945, 'generation': 437}","{'id': 24132, 'rank': 13, 'fitness': 0.36432445179061945, 'generation': 437}","{'id': 24132, 'rank': 14, 'fitness': 0.36432445179061945, 'generation': 437}","{'id': 24132, 'rank': 15, 'fitness': 0.36432445179061945, 'generation': 437}","{'id': 24211, 'rank': 16, 'fitness': 0.3200340656266606, 'generation': 437}","{'id': 24120, 'rank': 17, 'fitness': 0.2043130105487262, 'generation': 437}","{'id': 24088, 'rank': 18, 'fitness': 0.19028366768644045, 'generation': 437}","{'id': 24261, 'rank': 19, 'fitness': 0.15309075166427866, 'generation': 437}","{'id': 24201, 'rank': 20, 'fitness': 0.12487467823365817, 'generation': 437}","{'id': 24092, 'rank': 21, 'fitness': 0.11891486579761767, 'generation': 437}","{'id': 24154, 'rank': 22, 'fitness': 0.05049253335841142, 'generation': 437}","{'id': 24154, 'rank': 23, 'fitness': 0.05049253335841142, 'generation': 437}","{'id': 24219, 'rank': 24, 'fitness': 0.05037834626321647, 'generation': 437}","{'id': 24169, 'rank': 25, 'fitness': 0.04418475178049164, 'generation': 437}","{'id': 24209, 'rank': 26, 'fitness': 0.04274197342205721, 'generation': 437}","{'id': 24258, 'rank': 27, 'fitness': 0.03961179813423621, 'generation': 437}","{'id': 24253, 'rank': 28, 'fitness': 0.03539961162972738, 'generation': 437}","{'id': 24213, 'rank': 29, 'fitness': 0.03107840038697607, 'generation': 437}","{'id': 24236, 'rank': 30, 'fitness': 0.01798620996209155, 'generation': 437}"
"{'id': 24242, 'rank': 1, 'fitness': 0.9820137900379085, 'generation': 438}","{'id': 24310, 'rank': 2, 'fitness': 0.9420826538468423, 'generation': 438}","{'id': 24199, 'rank': 3, 'fitness': 0.8481277551665514, 'generation': 438}","{'id': 24162, 'rank': 4, 'fitness': 0.8387914298503, 'generation': 438}","{'id': 24262, 'rank': 5, 'fitness': 0.8345941805260235, 'generation': 438}","{'id': 24306, 'rank': 6, 'fitness': 0.8146134618223989, 'generation': 438}","{'id': 24306, 'rank': 7, 'fitness': 0.8146134618223989, 'generation': 438}","{'id': 24270, 'rank': 8, 'fitness': 0.7462599737277724, 'generation': 438}","{'id': 24270, 'rank': 9, 'fitness': 0.7462599737277724, 'generation': 438}","{'id': 24241, 'rank': 10, 'fitness': 0.7244758477513285, 'generation': 438}","{'id': 24271, 'rank': 11, 'fitness': 0.6480228040814425, 'generation': 438}","{'id': 24170, 'rank': 12, 'fitness': 0.5006304419894902, 'generation': 438}","{'id': 24132, 'rank': 13, 'fitness': 0.4467348804678331, 'generation': 438}","{'id': 24132, 'rank': 14, 'fitness': 0.4467348804678331, 'generation': 438}","{'id': 24132, 'rank': 15, 'fitness': 0.4467348804678331, 'generation': 438}","{'id': 24268, 'rank': 16, 'fitness': 0.3705247138406872, 'generation': 438}","{'id': 24296, 'rank': 17, 'fitness': 0.31254397475881257, 'generation': 438}","{'id': 24290, 'rank': 18, 'fitness': 0.2921562522042429, 'generation': 438}","{'id': 24120, 'rank': 19, 'fitness': 0.27760301529164383, 'generation': 438}","{'id': 24266, 'rank': 20, 'fitness': 0.2338176228892489, 'generation': 438}","{'id': 24266, 'rank': 21, 'fitness': 0.2338176228892489, 'generation': 438}","{'id': 24278, 'rank': 22, 'fitness': 0.13704912942043807, 'generation': 438}","{'id': 24291, 'rank': 23, 'fitness': 0.1354396226209933, 'generation': 438}","{'id': 24291, 'rank': 24, 'fitness': 0.1354396226209933, 'generation': 438}","{'id': 24154, 'rank': 25, 'fitness': 0.08222431116343965, 'generation': 438}","{'id': 24154, 'rank': 26, 'fitness': 0.08222431116343965, 'generation': 438}","{'id': 24258, 'rank': 27, 'fitness': 0.06614445861867196, 'generation': 438}","{'id': 24258, 'rank': 28, 'fitness': 0.06614445861867196, 'generation': 438}","{'id': 24213, 'rank': 29, 'fitness': 0.05314989127277053, 'generation': 438}","{'id': 24276, 'rank': 30, 'fitness': 0.01798620996209155, 'generation': 438}"
"{'id': 24310, 'rank': 1, 'fitness': 0.9820137900379085, 'generation': 439}","{'id': 24199, 'rank': 2, 'fitness': 0.9222107763576526, 'generation': 439}","{'id': 24199, 'rank': 3, 'fitness': 0.9222107763576526, 'generation': 439}","{'id': 24162, 'rank': 4, 'fitness': 0.9146462064780659, 'generation': 439}","{'id': 24241, 'rank': 5, 'fitness': 0.8016706406403389, 'generation': 439}","{'id': 24271, 'rank': 6, 'fitness': 0.7083983497487432, 'generation': 439}","{'id': 24360, 'rank': 7, 'fitness': 0.6287370928950027, 'generation': 439}","{'id': 24170, 'rank': 8, 'fitness': 0.5048243216174704, 'generation': 439}","{'id': 24336, 'rank': 9, 'fitness': 0.46765534388540697, 'generation': 439}","{'id': 24132, 'rank': 10, 'fitness': 0.42804570779351414, 'generation': 439}","{'id': 24132, 'rank': 11, 'fitness': 0.42804570779351414, 'generation': 439}","{'id': 24132, 'rank': 12, 'fitness': 0.42804570779351414, 'generation': 439}","{'id': 24352, 'rank': 13, 'fitness': 0.279331021126757, 'generation': 439}","{'id': 24316, 'rank': 14, 'fitness': 0.24671640376209059, 'generation': 439}","{'id': 24343, 'rank': 15, 'fitness': 0.22888774986601018, 'generation': 439}","{'id': 24290, 'rank': 16, 'fitness': 0.2229653880503829, 'generation': 439}","{'id': 24120, 'rank': 17, 'fitness': 0.20578295137129687, 'generation': 439}","{'id': 24330, 'rank': 18, 'fitness': 0.2026498600395817, 'generation': 439}","{'id': 24266, 'rank': 19, 'fitness': 0.15712096295145023, 'generation': 439}","{'id': 24357, 'rank': 20, 'fitness': 0.08114632263492871, 'generation': 439}","{'id': 24345, 'rank': 21, 'fitness': 0.07509885125034227, 'generation': 439}","{'id': 24345, 'rank': 22, 'fitness': 0.07509885125034227, 'generation': 439}","{'id': 24291, 'rank': 23, 'fitness': 0.06708329684858261, 'generation': 439}","{'id': 24321, 'rank': 24, 'fitness': 0.043197607031746355, 'generation': 439}","{'id': 24348, 'rank': 25, 'fitness': 0.0351295062363956, 'generation': 439}","{'id': 24154, 'rank': 26, 'fitness': 0.031350935668252145, 'generation': 439}","{'id': 24334, 'rank': 27, 'fitness': 0.03030480866028834, 'generation': 439}","{'id': 24258, 'rank': 28, 'fitness': 0.022613513722461176, 'generation': 439}","{'id': 24329, 'rank': 29, 'fitness': 0.01798620996209155, 'generation': 439}","{'id': 24329, 'rank': 30, 'fitness': 0.01798620996209155, 'generation': 439}"
"{'id': 24310, 'rank': 1, 'fitness': 0.9820137900379085, 'generation': 440}","{'id': 24310, 'rank': 2, 'fitness': 0.9820137900379085, 'generation': 440}","{'id': 24371, 'rank': 3, 'fitness': 0.9800034976660728, 'generation': 440}","{'id': 24199, 'rank': 4, 'fitness': 0.9235522229698534, 'generation': 440}","{'id': 24405, 'rank': 5, 'fitness': 0.8346173817459254, 'generation': 440}","{'id': 24405, 'rank': 6, 'fitness': 0.8346173817459254, 'generation': 440}","{'id': 24405, 'rank': 7, 'fitness': 0.8346173817459254, 'generation': 440}","{'id': 24241, 'rank': 8, 'fitness': 0.806729406170048, 'generation': 440}","{'id': 24271, 'rank': 9, 'fitness': 0.7162691621367326, 'generation': 440}","{'id': 24379, 'rank': 10, 'fitness': 0.7072060916001442, 'generation': 440}","{'id': 24381, 'rank': 11, 'fitness': 0.5535917715035913, 'generation': 440}","{'id': 24381, 'rank': 12, 'fitness': 0.5535917715035913, 'generation': 440}","{'id': 24336, 'rank': 13, 'fitness': 0.4803616611719524, 'generation': 440}","{'id': 24406, 'rank': 14, 'fitness': 0.4522436324902248, 'generation': 440}","{'id': 24406, 'rank': 15, 'fitness': 0.4522436324902248, 'generation': 440}","{'id': 24132, 'rank': 16, 'fitness': 0.44105405318550917, 'generation': 440}","{'id': 24132, 'rank': 17, 'fitness': 0.44105405318550917, 'generation': 440}","{'id': 24132, 'rank': 18, 'fitness': 0.44105405318550917, 'generation': 440}","{'id': 24384, 'rank': 19, 'fitness': 0.24876424423751203, 'generation': 440}","{'id': 24266, 'rank': 20, 'fitness': 0.16662901436382405, 'generation': 440}","{'id': 24388, 'rank': 21, 'fitness': 0.14267689914294834, 'generation': 440}","{'id': 24363, 'rank': 22, 'fitness': 0.1173234668873413, 'generation': 440}","{'id': 24345, 'rank': 23, 'fitness': 0.08087433748609413, 'generation': 440}","{'id': 24400, 'rank': 24, 'fitness': 0.0686225261366123, 'generation': 440}","{'id': 24154, 'rank': 25, 'fitness': 0.03425883533411578, 'generation': 440}","{'id': 24334, 'rank': 26, 'fitness': 0.03313283610835477, 'generation': 440}","{'id': 24258, 'rank': 27, 'fitness': 0.02483180313233252, 'generation': 440}","{'id': 24392, 'rank': 28, 'fitness': 0.021651594676236008, 'generation': 440}","{'id': 24329, 'rank': 29, 'fitness': 0.01981569261625432, 'generation': 440}","{'id': 24402, 'rank': 30, 'fitness': 0.01798620996209155, 'generation': 440}"
"{'id': 24310, 'rank': 1, 'fitness': 0.9820137900379085, 'generation': 441}","{'id': 24310, 'rank': 2, 'fitness': 0.9820137900379085, 'generation': 441}","{'id': 24310, 'rank': 3, 'fitness': 0.9820137900379085, 'generation': 441}","{'id': 24199, 'rank': 4, 'fitness': 0.9327119842413278, 'generation': 441}","{'id': 24451, 'rank': 5, 'fitness': 0.8730049531879727, 'generation': 441}","{'id': 24271, 'rank': 6, 'fitness': 0.7696319981904831, 'generation': 441}","{'id': 24379, 'rank': 7, 'fitness': 0.7624365401734478, 'generation': 441}","{'id': 24454, 'rank': 8, 'fitness': 0.7227952641082847, 'generation': 441}","{'id': 24381, 'rank': 9, 'fitness': 0.6364973507705101, 'generation': 441}","{'id': 24406, 'rank': 10, 'fitness': 0.5474745895053982, 'generation': 441}","{'id': 24406, 'rank': 11, 'fitness': 0.5474745895053982, 'generation': 441}","{'id': 24132, 'rank': 12, 'fitness': 0.5372616440588555, 'generation': 441}","{'id': 24132, 'rank': 13, 'fitness': 0.5372616440588555, 'generation': 441}","{'id': 24439, 'rank': 14, 'fitness': 0.450691059485365, 'generation': 441}","{'id': 24432, 'rank': 15, 'fitness': 0.3930890837091163, 'generation': 441}","{'id': 24432, 'rank': 16, 'fitness': 0.3930890837091163, 'generation': 441}","{'id': 24407, 'rank': 17, 'fitness': 0.38615630648232824, 'generation': 441}","{'id': 24452, 'rank': 18, 'fitness': 0.19734534327958753, 'generation': 441}","{'id': 24452, 'rank': 19, 'fitness': 0.19734534327958753, 'generation': 441}","{'id': 24411, 'rank': 20, 'fitness': 0.15873437637149268, 'generation': 441}","{'id': 24345, 'rank': 21, 'fitness': 0.1365366309313606, 'generation': 441}","{'id': 24449, 'rank': 22, 'fitness': 0.11750622968482405, 'generation': 441}","{'id': 24433, 'rank': 23, 'fitness': 0.09639294539995269, 'generation': 441}","{'id': 24431, 'rank': 24, 'fitness': 0.09010840377106921, 'generation': 441}","{'id': 24154, 'rank': 25, 'fitness': 0.06476835650269974, 'generation': 441}","{'id': 24416, 'rank': 26, 'fitness': 0.041493651787756325, 'generation': 441}","{'id': 24424, 'rank': 27, 'fitness': 0.02938317640996374, 'generation': 441}","{'id': 24428, 'rank': 28, 'fitness': 0.02739282983390451, 'generation': 441}","{'id': 24428, 'rank': 29, 'fitness': 0.02739282983390451, 'generation': 441}","{'id': 24455, 'rank': 30, 'fitness': 0.01798620996209155, 'generation': 441}"
"{'id': 24310, 'rank': 1, 'fitness': 0.9820137900379085, 'generation': 442}","{'id': 24310, 'rank': 2, 'fitness': 0.9820137900379085, 'generation': 442}","{'id': 24472, 'rank': 3, 'fitness': 0.9790920328816031, 'generation': 442}","{'id': 24486, 'rank': 4, 'fitness': 0.9268194417752863, 'generation': 442}","{'id': 24451, 'rank': 5, 'fitness': 0.8505491648362521, 'generation': 442}","{'id': 24379, 'rank': 6, 'fitness': 0.7125451629868111, 'generation': 442}","{'id': 24501, 'rank': 7, 'fitness': 0.6775940525297094, 'generation': 442}","{'id': 24454, 'rank': 8, 'fitness': 0.6639908145245393, 'generation': 442}","{'id': 24439, 'rank': 9, 'fitness': 0.3588154801048996, 'generation': 442}","{'id': 24502, 'rank': 10, 'fitness': 0.3299616282199255, 'generation': 442}","{'id': 24432, 'rank': 11, 'fitness': 0.30184459566991556, 'generation': 442}","{'id': 24432, 'rank': 12, 'fitness': 0.30184459566991556, 'generation': 442}","{'id': 24432, 'rank': 13, 'fitness': 0.30184459566991556, 'generation': 442}","{'id': 24407, 'rank': 14, 'fitness': 0.29518377837274795, 'generation': 442}","{'id': 24407, 'rank': 15, 'fitness': 0.29518377837274795, 'generation': 442}","{'id': 24470, 'rank': 16, 'fitness': 0.2762914854912523, 'generation': 442}","{'id': 24481, 'rank': 17, 'fitness': 0.23000756645817294, 'generation': 442}","{'id': 24479, 'rank': 18, 'fitness': 0.1922498956994511, 'generation': 442}","{'id': 24482, 'rank': 19, 'fitness': 0.1777887369232899, 'generation': 442}","{'id': 24482, 'rank': 20, 'fitness': 0.1777887369232899, 'generation': 442}","{'id': 24483, 'rank': 21, 'fitness': 0.1124830386726201, 'generation': 442}","{'id': 24411, 'rank': 22, 'fitness': 0.1011715187329677, 'generation': 442}","{'id': 24345, 'rank': 23, 'fitness': 0.08493858993688186, 'generation': 442}","{'id': 24506, 'rank': 24, 'fitness': 0.05875750117186973, 'generation': 442}","{'id': 24431, 'rank': 25, 'fitness': 0.05276648663531236, 'generation': 442}","{'id': 24462, 'rank': 26, 'fitness': 0.04917012524896719, 'generation': 442}","{'id': 24462, 'rank': 27, 'fitness': 0.04917012524896719, 'generation': 442}","{'id': 24467, 'rank': 28, 'fitness': 0.046772717493390736, 'generation': 442}","{'id': 24505, 'rank': 29, 'fitness': 0.021266632732646673, 'generation': 442}","{'id': 24488, 'rank': 30, 'fitness': 0.01798620996209155, 'generation': 442}"
"{'id': 24535, 'rank': 1, 'fitness': 0.9820137900379085, 'generation': 443}","{'id': 24310, 'rank': 2, 'fitness': 0.9647857440009235, 'generation': 443}","{'id': 24472, 'rank': 3, 'fitness': 0.9601918018979314, 'generation': 443}","{'id': 24486, 'rank': 4, 'fitness': 0.8906907499209351, 'generation': 443}","{'id': 24379, 'rank': 5, 'fitness': 0.6779118950581453, 'generation': 443}","{'id': 24536, 'rank': 6, 'fitness': 0.6149197734630704, 'generation': 443}","{'id': 24545, 'rank': 7, 'fitness': 0.5431138514237093, 'generation': 443}","{'id': 24545, 'rank': 8, 'fitness': 0.5431138514237093, 'generation': 443}","{'id': 24545, 'rank': 9, 'fitness': 0.5431138514237093, 'generation': 443}","{'id': 24533, 'rank': 10, 'fitness': 0.39905670994695674, 'generation': 443}","{'id': 24502, 'rank': 11, 'fitness': 0.35501809141555024, 'generation': 443}","{'id': 24432, 'rank': 12, 'fitness': 0.3306861323419942, 'generation': 443}","{'id': 24432, 'rank': 13, 'fitness': 0.3306861323419942, 'generation': 443}","{'id': 24532, 'rank': 14, 'fitness': 0.3306570251714297, 'generation': 443}","{'id': 24407, 'rank': 15, 'fitness': 0.324869501231068, 'generation': 443}","{'id': 24470, 'rank': 16, 'fitness': 0.3082472290147965, 'generation': 443}","{'id': 24537, 'rank': 17, 'fitness': 0.30266030617402057, 'generation': 443}","{'id': 24524, 'rank': 18, 'fitness': 0.28680762280621747, 'generation': 443}","{'id': 24481, 'rank': 19, 'fitness': 0.2666017002734815, 'generation': 443}","{'id': 24481, 'rank': 20, 'fitness': 0.2666017002734815, 'generation': 443}","{'id': 24481, 'rank': 21, 'fitness': 0.2666017002734815, 'generation': 443}","{'id': 24482, 'rank': 22, 'fitness': 0.2175325167241441, 'generation': 443}","{'id': 24482, 'rank': 23, 'fitness': 0.2175325167241441, 'generation': 443}","{'id': 24509, 'rank': 24, 'fitness': 0.19902432397983788, 'generation': 443}","{'id': 24540, 'rank': 25, 'fitness': 0.0890553953352442, 'generation': 443}","{'id': 24540, 'rank': 26, 'fitness': 0.0890553953352442, 'generation': 443}","{'id': 24431, 'rank': 27, 'fitness': 0.08274037607230139, 'generation': 443}","{'id': 24517, 'rank': 28, 'fitness': 0.05076728102457989, 'generation': 443}","{'id': 24549, 'rank': 29, 'fitness': 0.020930749313785302, 'generation': 443}","{'id': 24514, 'rank': 30, 'fitness': 0.01798620996209155, 'generation': 443}"
"{'id': 24556, 'rank': 1, 'fitness': 0.9820137900379085, 'generation': 444}","{'id': 24555, 'rank': 2, 'fitness': 0.9694200266167767, 'generation': 444}","{'id': 24555, 'rank': 3, 'fitness': 0.9694200266167767, 'generation': 444}","{'id': 24472, 'rank': 4, 'fitness': 0.9692751489782158, 'generation': 444}","{'id': 24486, 'rank': 5, 'fitness': 0.9377392264946911, 'generation': 444}","{'id': 24561, 'rank': 6, 'fitness': 0.9349163803136592, 'generation': 444}","{'id': 24589, 'rank': 7, 'fitness': 0.8898077283782437, 'generation': 444}","{'id': 24379, 'rank': 8, 'fitness': 0.8569231668402408, 'generation': 444}","{'id': 24379, 'rank': 9, 'fitness': 0.8569231668402408, 'generation': 444}","{'id': 24536, 'rank': 10, 'fitness': 0.8322745993359819, 'generation': 444}","{'id': 24575, 'rank': 11, 'fitness': 0.8182419785401964, 'generation': 444}","{'id': 24545, 'rank': 12, 'fitness': 0.8023038120336672, 'generation': 444}","{'id': 24545, 'rank': 13, 'fitness': 0.8023038120336672, 'generation': 444}","{'id': 24568, 'rank': 14, 'fitness': 0.7957778310653025, 'generation': 444}","{'id': 24586, 'rank': 15, 'fitness': 0.7782858708990026, 'generation': 444}","{'id': 24595, 'rank': 16, 'fitness': 0.7370683344506718, 'generation': 444}","{'id': 24432, 'rank': 17, 'fitness': 0.6905365223071313, 'generation': 444}","{'id': 24432, 'rank': 18, 'fitness': 0.6905365223071313, 'generation': 444}","{'id': 24470, 'rank': 19, 'fitness': 0.675308281642488, 'generation': 444}","{'id': 24470, 'rank': 20, 'fitness': 0.675308281642488, 'generation': 444}","{'id': 24470, 'rank': 21, 'fitness': 0.675308281642488, 'generation': 444}","{'id': 24537, 'rank': 22, 'fitness': 0.671362077105423, 'generation': 444}","{'id': 24567, 'rank': 23, 'fitness': 0.6546651638974833, 'generation': 444}","{'id': 24567, 'rank': 24, 'fitness': 0.6546651638974833, 'generation': 444}","{'id': 24481, 'rank': 25, 'fitness': 0.64418693304016, 'generation': 444}","{'id': 24509, 'rank': 26, 'fitness': 0.5828254698581985, 'generation': 444}","{'id': 24559, 'rank': 27, 'fitness': 0.5471446745764565, 'generation': 444}","{'id': 24572, 'rank': 28, 'fitness': 0.35558848699085455, 'generation': 444}","{'id': 24583, 'rank': 29, 'fitness': 0.20576916733294137, 'generation': 444}","{'id': 24580, 'rank': 30, 'fitness': 0.01798620996209155, 'generation': 444}"
"{'id': 24555, 'rank': 1, 'fitness': 0.9820137900379085, 'generation': 445}","{'id': 24472, 'rank': 2, 'fitness': 0.9819047864320365, 'generation': 445}","{'id': 24561, 'rank': 3, 'fitness': 0.9526234301341355, 'generation': 445}","{'id': 24638, 'rank': 4, 'fitness': 0.88799580633531, 'generation': 445}","{'id': 24638, 'rank': 5, 'fitness': 0.88799580633531, 'generation': 445}","{'id': 24379, 'rank': 6, 'fitness': 0.8695661949657016, 'generation': 445}","{'id': 24379, 'rank': 7, 'fitness': 0.8695661949657016, 'generation': 445}","{'id': 24575, 'rank': 8, 'fitness': 0.823008600203214, 'generation': 445}","{'id': 24545, 'rank': 9, 'fitness': 0.8031295402147403, 'generation': 445}","{'id': 24432, 'rank': 10, 'fitness': 0.6572746099392619, 'generation': 445}","{'id': 24470, 'rank': 11, 'fitness': 0.6370107589695204, 'generation': 445}","{'id': 24608, 'rank': 12, 'fitness': 0.5614039359653364, 'generation': 445}","{'id': 24509, 'rank': 13, 'fitness': 0.5150646090249072, 'generation': 445}","{'id': 24559, 'rank': 14, 'fitness': 0.4692862153768114, 'generation': 445}","{'id': 24616, 'rank': 15, 'fitness': 0.4240599559748846, 'generation': 445}","{'id': 24607, 'rank': 16, 'fitness': 0.307676619996459, 'generation': 445}","{'id': 24622, 'rank': 17, 'fitness': 0.29745128323632697, 'generation': 445}","{'id': 24640, 'rank': 18, 'fitness': 0.28882369799517216, 'generation': 445}","{'id': 24660, 'rank': 19, 'fitness': 0.2877070801161288, 'generation': 445}","{'id': 24606, 'rank': 20, 'fitness': 0.2766477710853442, 'generation': 445}","{'id': 24599, 'rank': 21, 'fitness': 0.23991050033832062, 'generation': 445}","{'id': 24628, 'rank': 22, 'fitness': 0.1950939858878608, 'generation': 445}","{'id': 24613, 'rank': 23, 'fitness': 0.1177221292818253, 'generation': 445}","{'id': 24631, 'rank': 24, 'fitness': 0.11265872015458345, 'generation': 445}","{'id': 24637, 'rank': 25, 'fitness': 0.10635001967750096, 'generation': 445}","{'id': 24650, 'rank': 26, 'fitness': 0.06613875307754546, 'generation': 445}","{'id': 24655, 'rank': 27, 'fitness': 0.04154855254941614, 'generation': 445}","{'id': 24649, 'rank': 28, 'fitness': 0.038877951494589225, 'generation': 445}","{'id': 24620, 'rank': 29, 'fitness': 0.02588238156896877, 'generation': 445}","{'id': 24659, 'rank': 30, 'fitness': 0.01798620996209155, 'generation': 445}"
"{'id': 24555, 'rank': 1, 'fitness': 0.9820137900379085, 'generation': 446}","{'id': 24472, 'rank': 2, 'fitness': 0.9818759739917469, 'generation': 446}","{'id': 24472, 'rank': 3, 'fitness': 0.9818759739917469, 'generation': 446}","{'id': 24561, 'rank': 4, 'fitness': 0.9392344363490236, 'generation': 446}","{'id': 24561, 'rank': 5, 'fitness': 0.9392344363490236, 'generation': 446}","{'id': 24672, 'rank': 6, 'fitness': 0.917916855970204, 'generation': 446}","{'id': 24687, 'rank': 7, 'fitness': 0.8425105812751419, 'generation': 446}","{'id': 24687, 'rank': 8, 'fitness': 0.8425105812751419, 'generation': 446}","{'id': 24379, 'rank': 9, 'fitness': 0.7930425420186756, 'generation': 446}","{'id': 24379, 'rank': 10, 'fitness': 0.7930425420186756, 'generation': 446}","{'id': 24379, 'rank': 11, 'fitness': 0.7930425420186756, 'generation': 446}","{'id': 24379, 'rank': 12, 'fitness': 0.7930425420186756, 'generation': 446}","{'id': 24379, 'rank': 13, 'fitness': 0.7930425420186756, 'generation': 446}","{'id': 24675, 'rank': 14, 'fitness': 0.7556446667939059, 'generation': 446}","{'id': 24432, 'rank': 15, 'fitness': 0.4425795327695049, 'generation': 446}","{'id': 24470, 'rank': 16, 'fitness': 0.4151216469050737, 'generation': 446}","{'id': 24703, 'rank': 17, 'fitness': 0.38565273513930876, 'generation': 446}","{'id': 24703, 'rank': 18, 'fitness': 0.38565273513930876, 'generation': 446}","{'id': 24703, 'rank': 19, 'fitness': 0.38565273513930876, 'generation': 446}","{'id': 24679, 'rank': 20, 'fitness': 0.29743785758288876, 'generation': 446}","{'id': 24679, 'rank': 21, 'fitness': 0.29743785758288876, 'generation': 446}","{'id': 24676, 'rank': 22, 'fitness': 0.21845278618127317, 'generation': 446}","{'id': 24700, 'rank': 23, 'fitness': 0.13405612110681442, 'generation': 446}","{'id': 24640, 'rank': 24, 'fitness': 0.10049392097838133, 'generation': 446}","{'id': 24640, 'rank': 25, 'fitness': 0.10049392097838133, 'generation': 446}","{'id': 24667, 'rank': 26, 'fitness': 0.07709180906859375, 'generation': 446}","{'id': 24680, 'rank': 27, 'fitness': 0.07649316050894989, 'generation': 446}","{'id': 24628, 'rank': 28, 'fitness': 0.05500228081801828, 'generation': 446}","{'id': 24702, 'rank': 29, 'fitness': 0.02305942211309614, 'generation': 446}","{'id': 24701, 'rank': 30, 'fitness': 0.01798620996209155, 'generation': 446}"
"{'id': 24741, 'rank': 1, 'fitness': 0.9820137900379085, 'generation': 447}","{'id': 24555, 'rank': 2, 'fitness': 0.9673146762495813, 'generation': 447}","{'id': 24555, 'rank': 3, 'fitness': 0.9673146762495813, 'generation': 447}","{'id': 24716, 'rank': 4, 'fitness': 0.9533080191311317, 'generation': 447}","{'id': 24760, 'rank': 5, 'fitness': 0.920068969442756, 'generation': 447}","{'id': 24561, 'rank': 6, 'fitness': 0.8995082255244193, 'generation': 447}","{'id': 24561, 'rank': 7, 'fitness': 0.8995082255244193, 'generation': 447}","{'id': 24672, 'rank': 8, 'fitness': 0.8681919740629178, 'generation': 447}","{'id': 24687, 'rank': 9, 'fitness': 0.7660895451415002, 'generation': 447}","{'id': 24687, 'rank': 10, 'fitness': 0.7660895451415002, 'generation': 447}","{'id': 24379, 'rank': 11, 'fitness': 0.7047835653252217, 'generation': 447}","{'id': 24379, 'rank': 12, 'fitness': 0.7047835653252217, 'generation': 447}","{'id': 24379, 'rank': 13, 'fitness': 0.7047835653252217, 'generation': 447}","{'id': 24740, 'rank': 14, 'fitness': 0.7037232698064737, 'generation': 447}","{'id': 24675, 'rank': 15, 'fitness': 0.6608316692024429, 'generation': 447}","{'id': 24761, 'rank': 16, 'fitness': 0.5425021270878646, 'generation': 447}","{'id': 24470, 'rank': 17, 'fitness': 0.32571084494389496, 'generation': 447}","{'id': 24703, 'rank': 18, 'fitness': 0.30069196803074605, 'generation': 447}","{'id': 24739, 'rank': 19, 'fitness': 0.2391179135849708, 'generation': 447}","{'id': 24676, 'rank': 20, 'fitness': 0.16649315831068134, 'generation': 447}","{'id': 24700, 'rank': 21, 'fitness': 0.10242371029064956, 'generation': 447}","{'id': 24640, 'rank': 22, 'fitness': 0.07729551379196992, 'generation': 447}","{'id': 24667, 'rank': 23, 'fitness': 0.05979259087900607, 'generation': 447}","{'id': 24751, 'rank': 24, 'fitness': 0.05704622206687937, 'generation': 447}","{'id': 24628, 'rank': 25, 'fitness': 0.04320796094785606, 'generation': 447}","{'id': 24717, 'rank': 26, 'fitness': 0.0396126928228232, 'generation': 447}","{'id': 24755, 'rank': 27, 'fitness': 0.02759679676294724, 'generation': 447}","{'id': 24744, 'rank': 28, 'fitness': 0.02532078511160807, 'generation': 447}","{'id': 24702, 'rank': 29, 'fitness': 0.018839004302838802, 'generation': 447}","{'id': 24732, 'rank': 30, 'fitness': 0.01798620996209155, 'generation': 447}"
"{'id': 24816, 'rank': 1, 'fitness': 0.9820137900379085, 'generation': 448}","{'id': 24741, 'rank': 2, 'fitness': 0.9551071415943244, 'generation': 448}","{'id': 24555, 'rank': 3, 'fitness': 0.9292085765244908, 'generation': 448}","{'id': 24555, 'rank': 4, 'fitness': 0.9292085765244908, 'generation': 448}","{'id': 24716, 'rank': 5, 'fitness': 0.9073615181494861, 'generation': 448}","{'id': 24760, 'rank': 6, 'fitness': 0.8617493555893057, 'generation': 448}","{'id': 24687, 'rank': 7, 'fitness': 0.6981845331850255, 'generation': 448}","{'id': 24379, 'rank': 8, 'fitness': 0.6432101388846003, 'generation': 448}","{'id': 24379, 'rank': 9, 'fitness': 0.6432101388846003, 'generation': 448}","{'id': 24740, 'rank': 10, 'fitness': 0.6422882937256649, 'generation': 448}","{'id': 24740, 'rank': 11, 'fitness': 0.6422882937256649, 'generation': 448}","{'id': 24774, 'rank': 12, 'fitness': 0.6152019881787377, 'generation': 448}","{'id': 24675, 'rank': 13, 'fitness': 0.6056573660289324, 'generation': 448}","{'id': 24675, 'rank': 14, 'fitness': 0.6056573660289324, 'generation': 448}","{'id': 24807, 'rank': 15, 'fitness': 0.5143732305411368, 'generation': 448}","{'id': 24781, 'rank': 16, 'fitness': 0.35668194571540557, 'generation': 448}","{'id': 24470, 'rank': 17, 'fitness': 0.3383292742284747, 'generation': 448}","{'id': 24767, 'rank': 18, 'fitness': 0.24353314355374972, 'generation': 448}","{'id': 24767, 'rank': 19, 'fitness': 0.24353314355374972, 'generation': 448}","{'id': 24771, 'rank': 20, 'fitness': 0.11749309702202154, 'generation': 448}","{'id': 24640, 'rank': 21, 'fitness': 0.11380805489720391, 'generation': 448}","{'id': 24667, 'rank': 22, 'fitness': 0.09366201263919027, 'generation': 448}","{'id': 24814, 'rank': 23, 'fitness': 0.08097504589951604, 'generation': 448}","{'id': 24770, 'rank': 24, 'fitness': 0.07473090617724826, 'generation': 448}","{'id': 24717, 'rank': 25, 'fitness': 0.06842332355358194, 'generation': 448}","{'id': 24717, 'rank': 26, 'fitness': 0.06842332355358194, 'generation': 448}","{'id': 24755, 'rank': 27, 'fitness': 0.051857021566068584, 'generation': 448}","{'id': 24819, 'rank': 28, 'fitness': 0.049938974263611935, 'generation': 448}","{'id': 24744, 'rank': 29, 'fitness': 0.048534065961738926, 'generation': 448}","{'id': 24782, 'rank': 30, 'fitness': 0.01798620996209155, 'generation': 448}"
"{'id': 24816, 'rank': 1, 'fitness': 0.9820137900379085, 'generation': 449}","{'id': 24816, 'rank': 2, 'fitness': 0.9820137900379085, 'generation': 449}","{'id': 24816, 'rank': 3, 'fitness': 0.9820137900379085, 'generation': 449}","{'id': 24555, 'rank': 4, 'fitness': 0.9068510441715305, 'generation': 449}","{'id': 24555, 'rank': 5, 'fitness': 0.9068510441715305, 'generation': 449}","{'id': 24716, 'rank': 6, 'fitness': 0.8723218995579106, 'generation': 449}","{'id': 24716, 'rank': 7, 'fitness': 0.8723218995579106, 'generation': 449}","{'id': 24716, 'rank': 8, 'fitness': 0.8723218995579106, 'generation': 449}","{'id': 24835, 'rank': 9, 'fitness': 0.8562174688129722, 'generation': 449}","{'id': 24833, 'rank': 10, 'fitness': 0.7803515908830136, 'generation': 449}","{'id': 24833, 'rank': 11, 'fitness': 0.7803515908830136, 'generation': 449}","{'id': 24379, 'rank': 12, 'fitness': 0.4686217656546674, 'generation': 449}","{'id': 24740, 'rank': 13, 'fitness': 0.46741267867559544, 'generation': 449}","{'id': 24740, 'rank': 14, 'fitness': 0.46741267867559544, 'generation': 449}","{'id': 24740, 'rank': 15, 'fitness': 0.46741267867559544, 'generation': 449}","{'id': 24840, 'rank': 16, 'fitness': 0.4238404278018999, 'generation': 449}","{'id': 24675, 'rank': 17, 'fitness': 0.4207979808593374, 'generation': 449}","{'id': 24830, 'rank': 18, 'fitness': 0.2591119418384506, 'generation': 449}","{'id': 24838, 'rank': 19, 'fitness': 0.17912964261517123, 'generation': 449}","{'id': 24781, 'rank': 20, 'fitness': 0.17479990455751965, 'generation': 449}","{'id': 24470, 'rank': 21, 'fitness': 0.16112131613049657, 'generation': 449}","{'id': 24848, 'rank': 22, 'fitness': 0.12501722123866854, 'generation': 449}","{'id': 24767, 'rank': 23, 'fitness': 0.09889566378543502, 'generation': 449}","{'id': 24767, 'rank': 24, 'fitness': 0.09889566378543502, 'generation': 449}","{'id': 24844, 'rank': 25, 'fitness': 0.07828036587267351, 'generation': 449}","{'id': 24822, 'rank': 26, 'fitness': 0.07134554908099705, 'generation': 449}","{'id': 24771, 'rank': 27, 'fitness': 0.03634620612314754, 'generation': 449}","{'id': 24839, 'rank': 28, 'fitness': 0.029179190506969654, 'generation': 449}","{'id': 24814, 'rank': 29, 'fitness': 0.02237980197911338, 'generation': 449}","{'id': 24846, 'rank': 30, 'fitness': 0.01798620996209155, 'generation': 449}"
"{'id': 24816, 'rank': 1, 'fitness': 0.9820137900379085, 'generation': 450}","{'id': 24816, 'rank': 2, 'fitness': 0.9820137900379085, 'generation': 450}","{'id': 24816, 'rank': 3, 'fitness': 0.9820137900379085, 'generation': 450}","{'id': 24555, 'rank': 4, 'fitness': 0.9212856909852, 'generation': 450}","{'id': 24555, 'rank': 5, 'fitness': 0.9212856909852, 'generation': 450}","{'id': 24716, 'rank': 6, 'fitness': 0.8950728280991731, 'generation': 450}","{'id': 24716, 'rank': 7, 'fitness': 0.8950728280991731, 'generation': 450}","{'id': 24716, 'rank': 8, 'fitness': 0.8950728280991731, 'generation': 450}","{'id': 24716, 'rank': 9, 'fitness': 0.8950728280991731, 'generation': 450}","{'id': 24835, 'rank': 10, 'fitness': 0.8829733390247562, 'generation': 450}","{'id': 24919, 'rank': 11, 'fitness': 0.6007426212082305, 'generation': 450}","{'id': 24740, 'rank': 12, 'fitness': 0.5770450667895397, 'generation': 450}","{'id': 24740, 'rank': 13, 'fitness': 0.5770450667895397, 'generation': 450}","{'id': 24840, 'rank': 14, 'fitness': 0.5381787814759524, 'generation': 450}","{'id': 24893, 'rank': 15, 'fitness': 0.5172445117489428, 'generation': 450}","{'id': 24890, 'rank': 16, 'fitness': 0.4160134739395351, 'generation': 450}","{'id': 24920, 'rank': 17, 'fitness': 0.28662421776750246, 'generation': 450}","{'id': 24880, 'rank': 18, 'fitness': 0.2416655132263998, 'generation': 450}","{'id': 24848, 'rank': 19, 'fitness': 0.2123735400115736, 'generation': 450}","{'id': 24915, 'rank': 20, 'fitness': 0.20665303114945088, 'generation': 450}","{'id': 24767, 'rank': 21, 'fitness': 0.17562087609306953, 'generation': 450}","{'id': 24822, 'rank': 22, 'fitness': 0.13413815190383854, 'generation': 450}","{'id': 24910, 'rank': 23, 'fitness': 0.11248804073278645, 'generation': 450}","{'id': 24899, 'rank': 24, 'fitness': 0.07203374133679508, 'generation': 450}","{'id': 24899, 'rank': 25, 'fitness': 0.07203374133679508, 'generation': 450}","{'id': 24846, 'rank': 26, 'fitness': 0.04126867837444026, 'generation': 450}","{'id': 24918, 'rank': 27, 'fitness': 0.032549401057515415, 'generation': 450}","{'id': 24900, 'rank': 28, 'fitness': 0.02845311592163091, 'generation': 450}","{'id': 24883, 'rank': 29, 'fitness': 0.02212664893135985, 'generation': 450}","{'id': 24873, 'rank': 30, 'fitness': 0.01798620996209155, 'generation': 450}"
"{'id': 24816, 'rank': 1, 'fitness': 0.9820137900379085, 'generation': 451}","{'id': 24816, 'rank': 2, 'fitness': 0.9820137900379085, 'generation': 451}","{'id': 24816, 'rank': 3, 'fitness': 0.9820137900379085, 'generation': 451}","{'id': 24816, 'rank': 4, 'fitness': 0.9820137900379085, 'generation': 451}","{'id': 24816, 'rank': 5, 'fitness': 0.9820137900379085, 'generation': 451}","{'id': 24555, 'rank': 6, 'fitness': 0.9350621183599772, 'generation': 451}","{'id': 24555, 'rank': 7, 'fitness': 0.9350621183599772, 'generation': 451}","{'id': 24960, 'rank': 8, 'fitness': 0.9270877963607166, 'generation': 451}","{'id': 24716, 'rank': 9, 'fitness': 0.9163256082690153, 'generation': 451}","{'id': 24835, 'rank': 10, 'fitness': 0.9078122727105671, 'generation': 451}","{'id': 24968, 'rank': 11, 'fitness': 0.9055620984301662, 'generation': 451}","{'id': 24968, 'rank': 12, 'fitness': 0.9055620984301662, 'generation': 451}","{'id': 24840, 'rank': 13, 'fitness': 0.6616555353684579, 'generation': 451}","{'id': 24890, 'rank': 14, 'fitness': 0.5608805177598574, 'generation': 451}","{'id': 24890, 'rank': 15, 'fitness': 0.5608805177598574, 'generation': 451}","{'id': 24890, 'rank': 16, 'fitness': 0.5608805177598574, 'generation': 451}","{'id': 24890, 'rank': 17, 'fitness': 0.5608805177598574, 'generation': 451}","{'id': 24925, 'rank': 18, 'fitness': 0.46656126161197664, 'generation': 451}","{'id': 24848, 'rank': 19, 'fitness': 0.3552481414773437, 'generation': 451}","{'id': 24922, 'rank': 20, 'fitness': 0.2512430632024484, 'generation': 451}","{'id': 24928, 'rank': 21, 'fitness': 0.18146308498868507, 'generation': 451}","{'id': 24899, 'rank': 22, 'fitness': 0.15793480957127948, 'generation': 451}","{'id': 24938, 'rank': 23, 'fitness': 0.12486009165136147, 'generation': 451}","{'id': 24846, 'rank': 24, 'fitness': 0.10119870852379598, 'generation': 451}","{'id': 24942, 'rank': 25, 'fitness': 0.05567710931833991, 'generation': 451}","{'id': 24873, 'rank': 26, 'fitness': 0.05100477186095165, 'generation': 451}","{'id': 24953, 'rank': 27, 'fitness': 0.04467217122778866, 'generation': 451}","{'id': 24936, 'rank': 28, 'fitness': 0.03777716555235633, 'generation': 451}","{'id': 24948, 'rank': 29, 'fitness': 0.02446937697614393, 'generation': 451}","{'id': 24952, 'rank': 30, 'fitness': 0.01798620996209155, 'generation': 451}"
"{'id': 24816, 'rank': 1, 'fitness': 0.9820137900379085, 'generation': 452}","{'id': 24816, 'rank': 2, 'fitness': 0.9820137900379085, 'generation': 452}","{'id': 24816, 'rank': 3, 'fitness': 0.9820137900379085, 'generation': 452}","{'id': 24555, 'rank': 4, 'fitness': 0.9466766503098203, 'generation': 452}","{'id': 24555, 'rank': 5, 'fitness': 0.9466766503098203, 'generation': 452}","{'id': 24716, 'rank': 6, 'fitness': 0.9337546538012219, 'generation': 452}","{'id': 24835, 'rank': 7, 'fitness': 0.9279962848146595, 'generation': 452}","{'id': 24968, 'rank': 8, 'fitness': 0.9264838507894438, 'generation': 452}","{'id': 25023, 'rank': 9, 'fitness': 0.9004220409581454, 'generation': 452}","{'id': 25017, 'rank': 10, 'fitness': 0.8750654672843599, 'generation': 452}","{'id': 25027, 'rank': 11, 'fitness': 0.7855176580196488, 'generation': 452}","{'id': 24997, 'rank': 12, 'fitness': 0.7844368099242807, 'generation': 452}","{'id': 24997, 'rank': 13, 'fitness': 0.7844368099242807, 'generation': 452}","{'id': 24840, 'rank': 14, 'fitness': 0.7674121350729957, 'generation': 452}","{'id': 25011, 'rank': 15, 'fitness': 0.7521497298781795, 'generation': 452}","{'id': 24981, 'rank': 16, 'fitness': 0.7111809051088469, 'generation': 452}","{'id': 24981, 'rank': 17, 'fitness': 0.7111809051088469, 'generation': 452}","{'id': 24890, 'rank': 18, 'fitness': 0.697354674387274, 'generation': 452}","{'id': 24890, 'rank': 19, 'fitness': 0.697354674387274, 'generation': 452}","{'id': 24890, 'rank': 20, 'fitness': 0.697354674387274, 'generation': 452}","{'id': 24890, 'rank': 21, 'fitness': 0.697354674387274, 'generation': 452}","{'id': 24982, 'rank': 22, 'fitness': 0.5985312407220027, 'generation': 452}","{'id': 25014, 'rank': 23, 'fitness': 0.5017351129796491, 'generation': 452}","{'id': 25005, 'rank': 24, 'fitness': 0.35703769152594406, 'generation': 452}","{'id': 25005, 'rank': 25, 'fitness': 0.35703769152594406, 'generation': 452}","{'id': 24846, 'rank': 26, 'fitness': 0.22927659897089392, 'generation': 452}","{'id': 24986, 'rank': 27, 'fitness': 0.13236106635001132, 'generation': 452}","{'id': 24974, 'rank': 28, 'fitness': 0.09909473956723125, 'generation': 452}","{'id': 24988, 'rank': 29, 'fitness': 0.07178814518328491, 'generation': 452}","{'id': 24985, 'rank': 30, 'fitness': 0.01798620996209155, 'generation': 452}"
"{'id': 24816, 'rank': 1, 'fitness': 0.9820137900379085, 'generation': 453}","{'id': 24816, 'rank': 2, 'fitness': 0.9820137900379085, 'generation': 453}","{'id': 24555, 'rank': 3, 'fitness': 0.935499381094304, 'generation': 453}","{'id': 24835, 'rank': 4, 'fitness': 0.9085862470898702, 'generation': 453}","{'id': 25023, 'rank': 5, 'fitness': 0.8674190396757435, 'generation': 453}","{'id': 25094, 'rank': 6, 'fitness': 0.7478786345778385, 'generation': 453}","{'id': 25094, 'rank': 7, 'fitness': 0.7478786345778385, 'generation': 453}","{'id': 25094, 'rank': 8, 'fitness': 0.7478786345778385, 'generation': 453}","{'id': 25027, 'rank': 9, 'fitness': 0.6925070535676965, 'generation': 453}","{'id': 24997, 'rank': 10, 'fitness': 0.6908957286924837, 'generation': 453}","{'id': 24981, 'rank': 11, 'fitness': 0.5850240090850621, 'generation': 453}","{'id': 24981, 'rank': 12, 'fitness': 0.5850240090850621, 'generation': 453}","{'id': 24890, 'rank': 13, 'fitness': 0.5658870652018938, 'generation': 453}","{'id': 24890, 'rank': 14, 'fitness': 0.5658870652018938, 'generation': 453}","{'id': 25038, 'rank': 15, 'fitness': 0.4169526109070403, 'generation': 453}","{'id': 25037, 'rank': 16, 'fitness': 0.40338382969243347, 'generation': 453}","{'id': 25076, 'rank': 17, 'fitness': 0.31030800031447103, 'generation': 453}","{'id': 25088, 'rank': 18, 'fitness': 0.23648888155941528, 'generation': 453}","{'id': 25088, 'rank': 19, 'fitness': 0.23648888155941528, 'generation': 453}","{'id': 25064, 'rank': 20, 'fitness': 0.151712651857898, 'generation': 453}","{'id': 25036, 'rank': 21, 'fitness': 0.12450886280007989, 'generation': 453}","{'id': 25086, 'rank': 22, 'fitness': 0.11352921233895552, 'generation': 453}","{'id': 25075, 'rank': 23, 'fitness': 0.11347365586876434, 'generation': 453}","{'id': 25028, 'rank': 24, 'fitness': 0.07817645232421921, 'generation': 453}","{'id': 25093, 'rank': 25, 'fitness': 0.06618759956451875, 'generation': 453}","{'id': 25070, 'rank': 26, 'fitness': 0.05419241595230884, 'generation': 453}","{'id': 25072, 'rank': 27, 'fitness': 0.04748982496870657, 'generation': 453}","{'id': 25059, 'rank': 28, 'fitness': 0.038547224429663074, 'generation': 453}","{'id': 25054, 'rank': 29, 'fitness': 0.03025407034007227, 'generation': 453}","{'id': 25032, 'rank': 30, 'fitness': 0.01798620996209155, 'generation': 453}"
"{'id': 24816, 'rank': 1, 'fitness': 0.9820137900379085, 'generation': 454}","{'id': 24835, 'rank': 2, 'fitness': 0.90520911312108, 'generation': 454}","{'id': 25023, 'rank': 3, 'fitness': 0.8615839281499575, 'generation': 454}","{'id': 25023, 'rank': 4, 'fitness': 0.8615839281499575, 'generation': 454}","{'id': 25142, 'rank': 5, 'fitness': 0.7703182280731491, 'generation': 454}","{'id': 25142, 'rank': 6, 'fitness': 0.7703182280731491, 'generation': 454}","{'id': 25146, 'rank': 7, 'fitness': 0.7658917693861204, 'generation': 454}","{'id': 24997, 'rank': 8, 'fitness': 0.6746450814633672, 'generation': 454}","{'id': 25126, 'rank': 9, 'fitness': 0.6100012825851147, 'generation': 454}","{'id': 25126, 'rank': 10, 'fitness': 0.6100012825851147, 'generation': 454}","{'id': 25123, 'rank': 11, 'fitness': 0.5592807186538521, 'generation': 454}","{'id': 25121, 'rank': 12, 'fitness': 0.5046564762278297, 'generation': 454}","{'id': 25121, 'rank': 13, 'fitness': 0.5046564762278297, 'generation': 454}","{'id': 25101, 'rank': 14, 'fitness': 0.40256469867676575, 'generation': 454}","{'id': 25117, 'rank': 15, 'fitness': 0.40044481675817567, 'generation': 454}","{'id': 25038, 'rank': 16, 'fitness': 0.3924331762225218, 'generation': 454}","{'id': 25038, 'rank': 17, 'fitness': 0.3924331762225218, 'generation': 454}","{'id': 25112, 'rank': 18, 'fitness': 0.36652888814192164, 'generation': 454}","{'id': 25115, 'rank': 19, 'fitness': 0.3384813866166019, 'generation': 454}","{'id': 25115, 'rank': 20, 'fitness': 0.3384813866166019, 'generation': 454}","{'id': 25132, 'rank': 21, 'fitness': 0.3349055918070743, 'generation': 454}","{'id': 25147, 'rank': 22, 'fitness': 0.29576487996009326, 'generation': 454}","{'id': 25076, 'rank': 23, 'fitness': 0.2867214569955975, 'generation': 454}","{'id': 25088, 'rank': 24, 'fitness': 0.21526532542057386, 'generation': 454}","{'id': 25086, 'rank': 25, 'fitness': 0.09998655855417132, 'generation': 454}","{'id': 25086, 'rank': 26, 'fitness': 0.09998655855417132, 'generation': 454}","{'id': 25096, 'rank': 27, 'fitness': 0.05038811015681627, 'generation': 454}","{'id': 25072, 'rank': 28, 'fitness': 0.040585053704992824, 'generation': 454}","{'id': 25105, 'rank': 29, 'fitness': 0.028690180467931092, 'generation': 454}","{'id': 25098, 'rank': 30, 'fitness': 0.01798620996209155, 'generation': 454}"
"{'id': 25175, 'rank': 1, 'fitness': 0.9820137900379085, 'generation': 455}","{'id': 25023, 'rank': 2, 'fitness': 0.9656373774625797, 'generation': 455}","{'id': 25154, 'rank': 3, 'fitness': 0.9527148439190773, 'generation': 455}","{'id': 25154, 'rank': 4, 'fitness': 0.9527148439190773, 'generation': 455}","{'id': 25154, 'rank': 5, 'fitness': 0.9527148439190773, 'generation': 455}","{'id': 25154, 'rank': 6, 'fitness': 0.9527148439190773, 'generation': 455}","{'id': 25174, 'rank': 7, 'fitness': 0.9443586300720048, 'generation': 455}","{'id': 25168, 'rank': 8, 'fitness': 0.9384741226828426, 'generation': 455}","{'id': 25168, 'rank': 9, 'fitness': 0.9384741226828426, 'generation': 455}","{'id': 25142, 'rank': 10, 'fitness': 0.9251158850818301, 'generation': 455}","{'id': 25165, 'rank': 11, 'fitness': 0.8813709733108548, 'generation': 455}","{'id': 25126, 'rank': 12, 'fitness': 0.8176104309160036, 'generation': 455}","{'id': 25126, 'rank': 13, 'fitness': 0.8176104309160036, 'generation': 455}","{'id': 25167, 'rank': 14, 'fitness': 0.8086087513530563, 'generation': 455}","{'id': 25167, 'rank': 15, 'fitness': 0.8086087513530563, 'generation': 455}","{'id': 25117, 'rank': 16, 'fitness': 0.5913069113920325, 'generation': 455}","{'id': 25170, 'rank': 17, 'fitness': 0.5735565341673102, 'generation': 455}","{'id': 25112, 'rank': 18, 'fitness': 0.5445387653621578, 'generation': 455}","{'id': 25115, 'rank': 19, 'fitness': 0.5038134605208794, 'generation': 455}","{'id': 25132, 'rank': 20, 'fitness': 0.4984938548486765, 'generation': 455}","{'id': 25147, 'rank': 21, 'fitness': 0.4385149601414156, 'generation': 455}","{'id': 25186, 'rank': 22, 'fitness': 0.26002555742973327, 'generation': 455}","{'id': 25149, 'rank': 23, 'fitness': 0.17139524499524217, 'generation': 455}","{'id': 25172, 'rank': 24, 'fitness': 0.12102908923323374, 'generation': 455}","{'id': 25172, 'rank': 25, 'fitness': 0.12102908923323374, 'generation': 455}","{'id': 25086, 'rank': 26, 'fitness': 0.11768818197618364, 'generation': 455}","{'id': 25086, 'rank': 27, 'fitness': 0.11768818197618364, 'generation': 455}","{'id': 25086, 'rank': 28, 'fitness': 0.11768818197618364, 'generation': 455}","{'id': 25199, 'rank': 29, 'fitness': 0.03809217889145722, 'generation': 455}","{'id': 25171, 'rank': 30, 'fitness': 0.01798620996209155, 'generation': 455}"
"{'id': 25253, 'rank': 1, 'fitness': 0.9820137900379085, 'generation': 456}","{'id': 25023, 'rank': 2, 'fitness': 0.9577960643315813, 'generation': 456}","{'id': 25023, 'rank': 3, 'fitness': 0.9577960643315813, 'generation': 456}","{'id': 25023, 'rank': 4, 'fitness': 0.9577960643315813, 'generation': 456}","{'id': 25154, 'rank': 5, 'fitness': 0.945792571334536, 'generation': 456}","{'id': 25154, 'rank': 6, 'fitness': 0.945792571334536, 'generation': 456}","{'id': 25154, 'rank': 7, 'fitness': 0.945792571334536, 'generation': 456}","{'id': 25154, 'rank': 8, 'fitness': 0.945792571334536, 'generation': 456}","{'id': 25174, 'rank': 9, 'fitness': 0.9384075826111515, 'generation': 456}","{'id': 25168, 'rank': 10, 'fitness': 0.9333460315412203, 'generation': 456}","{'id': 25142, 'rank': 11, 'fitness': 0.9222028700020231, 'generation': 456}","{'id': 25126, 'rank': 12, 'fitness': 0.8417830811027646, 'generation': 456}","{'id': 25167, 'rank': 13, 'fitness': 0.8354473095674877, 'generation': 456}","{'id': 25211, 'rank': 14, 'fitness': 0.8242824372425126, 'generation': 456}","{'id': 25213, 'rank': 15, 'fitness': 0.8213354043911842, 'generation': 456}","{'id': 25260, 'rank': 16, 'fitness': 0.8155232824489215, 'generation': 456}","{'id': 25112, 'rank': 17, 'fitness': 0.651843085295916, 'generation': 456}","{'id': 25115, 'rank': 18, 'fitness': 0.621999534586251, 'generation': 456}","{'id': 25226, 'rank': 19, 'fitness': 0.4914674117980044, 'generation': 456}","{'id': 25207, 'rank': 20, 'fitness': 0.4585278069448056, 'generation': 456}","{'id': 25186, 'rank': 21, 'fitness': 0.41569222626315866, 'generation': 456}","{'id': 25220, 'rank': 22, 'fitness': 0.3653703364303382, 'generation': 456}","{'id': 25255, 'rank': 23, 'fitness': 0.2523698609567079, 'generation': 456}","{'id': 25222, 'rank': 24, 'fitness': 0.2168303529970978, 'generation': 456}","{'id': 25254, 'rank': 25, 'fitness': 0.15280391737629256, 'generation': 456}","{'id': 25221, 'rank': 26, 'fitness': 0.12644722230453215, 'generation': 456}","{'id': 25214, 'rank': 27, 'fitness': 0.11682033933665836, 'generation': 456}","{'id': 25199, 'rank': 28, 'fitness': 0.1124798014523955, 'generation': 456}","{'id': 25243, 'rank': 29, 'fitness': 0.0708562740537721, 'generation': 456}","{'id': 25256, 'rank': 30, 'fitness': 0.01798620996209155, 'generation': 456}"
"{'id': 25321, 'rank': 1, 'fitness': 0.9820137900379085, 'generation': 457}","{'id': 25284, 'rank': 2, 'fitness': 0.9729089642256371, 'generation': 457}","{'id': 25284, 'rank': 3, 'fitness': 0.9729089642256371, 'generation': 457}","{'id': 25023, 'rank': 4, 'fitness': 0.9676495776594584, 'generation': 457}","{'id': 25023, 'rank': 5, 'fitness': 0.9676495776594584, 'generation': 457}","{'id': 25023, 'rank': 6, 'fitness': 0.9676495776594584, 'generation': 457}","{'id': 25023, 'rank': 7, 'fitness': 0.9676495776594584, 'generation': 457}","{'id': 25023, 'rank': 8, 'fitness': 0.9676495776594584, 'generation': 457}","{'id': 25154, 'rank': 9, 'fitness': 0.9580129191623284, 'generation': 457}","{'id': 25154, 'rank': 10, 'fitness': 0.9580129191623284, 'generation': 457}","{'id': 25174, 'rank': 11, 'fitness': 0.9520246544256824, 'generation': 457}","{'id': 25309, 'rank': 12, 'fitness': 0.9315784473685089, 'generation': 457}","{'id': 25312, 'rank': 13, 'fitness': 0.9029368682917748, 'generation': 457}","{'id': 25313, 'rank': 14, 'fitness': 0.90081712855934, 'generation': 457}","{'id': 25313, 'rank': 15, 'fitness': 0.90081712855934, 'generation': 457}","{'id': 25126, 'rank': 16, 'fitness': 0.8703989183053933, 'generation': 457}","{'id': 25213, 'rank': 17, 'fitness': 0.8524573257906806, 'generation': 457}","{'id': 25274, 'rank': 18, 'fitness': 0.6728178612123894, 'generation': 457}","{'id': 25303, 'rank': 19, 'fitness': 0.5760460475557033, 'generation': 457}","{'id': 25273, 'rank': 20, 'fitness': 0.5532984185379843, 'generation': 457}","{'id': 25273, 'rank': 21, 'fitness': 0.5532984185379843, 'generation': 457}","{'id': 25281, 'rank': 22, 'fitness': 0.5478956840295417, 'generation': 457}","{'id': 25276, 'rank': 23, 'fitness': 0.4852505946653092, 'generation': 457}","{'id': 25305, 'rank': 24, 'fitness': 0.39261959032672633, 'generation': 457}","{'id': 25305, 'rank': 25, 'fitness': 0.39261959032672633, 'generation': 457}","{'id': 25301, 'rank': 26, 'fitness': 0.31039829539495273, 'generation': 457}","{'id': 25272, 'rank': 27, 'fitness': 0.23649293040732117, 'generation': 457}","{'id': 25267, 'rank': 28, 'fitness': 0.16310925570526574, 'generation': 457}","{'id': 25262, 'rank': 29, 'fitness': 0.15289463977261736, 'generation': 457}","{'id': 25265, 'rank': 30, 'fitness': 0.01798620996209155, 'generation': 457}"
"{'id': 25023, 'rank': 1, 'fitness': 0.9820137900379085, 'generation': 458}","{'id': 25023, 'rank': 2, 'fitness': 0.9820137900379085, 'generation': 458}","{'id': 25023, 'rank': 3, 'fitness': 0.9820137900379085, 'generation': 458}","{'id': 25023, 'rank': 4, 'fitness': 0.9820137900379085, 'generation': 458}","{'id': 25174, 'rank': 5, 'fitness': 0.9726913423201669, 'generation': 458}","{'id': 25174, 'rank': 6, 'fitness': 0.9726913423201669, 'generation': 458}","{'id': 25313, 'rank': 7, 'fitness': 0.9404365427060235, 'generation': 458}","{'id': 25126, 'rank': 8, 'fitness': 0.9202023138947271, 'generation': 458}","{'id': 25274, 'rank': 9, 'fitness': 0.7708499780573844, 'generation': 458}","{'id': 25356, 'rank': 10, 'fitness': 0.7122653550466067, 'generation': 458}","{'id': 25303, 'rank': 11, 'fitness': 0.6860589304631448, 'generation': 458}","{'id': 25303, 'rank': 12, 'fitness': 0.6860589304631448, 'generation': 458}","{'id': 25303, 'rank': 13, 'fitness': 0.6860589304631448, 'generation': 458}","{'id': 25273, 'rank': 14, 'fitness': 0.664945820282786, 'generation': 458}","{'id': 25273, 'rank': 15, 'fitness': 0.664945820282786, 'generation': 458}","{'id': 25335, 'rank': 16, 'fitness': 0.6212236513896898, 'generation': 458}","{'id': 25340, 'rank': 17, 'fitness': 0.617506667312315, 'generation': 458}","{'id': 25358, 'rank': 18, 'fitness': 0.5950058050007747, 'generation': 458}","{'id': 25384, 'rank': 19, 'fitness': 0.5591272494156144, 'generation': 458}","{'id': 25338, 'rank': 20, 'fitness': 0.5581470292007299, 'generation': 458}","{'id': 25352, 'rank': 21, 'fitness': 0.5564667840866344, 'generation': 458}","{'id': 25341, 'rank': 22, 'fitness': 0.5502303905996948, 'generation': 458}","{'id': 25332, 'rank': 23, 'fitness': 0.4986187278187959, 'generation': 458}","{'id': 25385, 'rank': 24, 'fitness': 0.3629455692764255, 'generation': 458}","{'id': 25359, 'rank': 25, 'fitness': 0.3452752029343634, 'generation': 458}","{'id': 25367, 'rank': 26, 'fitness': 0.27516235661588206, 'generation': 458}","{'id': 25394, 'rank': 27, 'fitness': 0.17848465838581873, 'generation': 458}","{'id': 25364, 'rank': 28, 'fitness': 0.11406996660073454, 'generation': 458}","{'id': 25362, 'rank': 29, 'fitness': 0.037277239969465914, 'generation': 458}","{'id': 25391, 'rank': 30, 'fitness': 0.01798620996209155, 'generation': 458}"
"{'id': 25023, 'rank': 1, 'fitness': 0.9820137900379085, 'generation': 459}","{'id': 25023, 'rank': 2, 'fitness': 0.9820137900379085, 'generation': 459}","{'id': 25023, 'rank': 3, 'fitness': 0.9820137900379085, 'generation': 459}","{'id': 25174, 'rank': 4, 'fitness': 0.9714952683965941, 'generation': 459}","{'id': 25442, 'rank': 5, 'fitness': 0.8520795113560873, 'generation': 459}","{'id': 25423, 'rank': 6, 'fitness': 0.6880434990435523, 'generation': 459}","{'id': 25443, 'rank': 7, 'fitness': 0.6248075467840354, 'generation': 459}","{'id': 25303, 'rank': 8, 'fitness': 0.6105236124658251, 'generation': 459}","{'id': 25303, 'rank': 9, 'fitness': 0.6105236124658251, 'generation': 459}","{'id': 25410, 'rank': 10, 'fitness': 0.546246949875144, 'generation': 459}","{'id': 25410, 'rank': 11, 'fitness': 0.546246949875144, 'generation': 459}","{'id': 25335, 'rank': 12, 'fitness': 0.533168745613318, 'generation': 459}","{'id': 25335, 'rank': 13, 'fitness': 0.533168745613318, 'generation': 459}","{'id': 25335, 'rank': 14, 'fitness': 0.533168745613318, 'generation': 459}","{'id': 25340, 'rank': 15, 'fitness': 0.5288369148159137, 'generation': 459}","{'id': 25384, 'rank': 16, 'fitness': 0.46237145208451835, 'generation': 459}","{'id': 25352, 'rank': 17, 'fitness': 0.4594147755927849, 'generation': 459}","{'id': 25398, 'rank': 18, 'fitness': 0.3438248666436171, 'generation': 459}","{'id': 25463, 'rank': 19, 'fitness': 0.2841650205727016, 'generation': 459}","{'id': 25463, 'rank': 20, 'fitness': 0.2841650205727016, 'generation': 459}","{'id': 25385, 'rank': 21, 'fitness': 0.26237985966897837, 'generation': 459}","{'id': 25455, 'rank': 22, 'fitness': 0.25517166841610434, 'generation': 459}","{'id': 25435, 'rank': 23, 'fitness': 0.2526765959953541, 'generation': 459}","{'id': 25416, 'rank': 24, 'fitness': 0.24586961030918097, 'generation': 459}","{'id': 25409, 'rank': 25, 'fitness': 0.1988945971067515, 'generation': 459}","{'id': 25432, 'rank': 26, 'fitness': 0.16876752176099752, 'generation': 459}","{'id': 25432, 'rank': 27, 'fitness': 0.16876752176099752, 'generation': 459}","{'id': 25450, 'rank': 28, 'fitness': 0.08477939655801225, 'generation': 459}","{'id': 25450, 'rank': 29, 'fitness': 0.08477939655801225, 'generation': 459}","{'id': 25362, 'rank': 30, 'fitness': 0.01798620996209155, 'generation': 459}"
"{'id': 25500, 'rank': 1, 'fitness': 0.9820137900379085, 'generation': 460}","{'id': 25501, 'rank': 2, 'fitness': 0.9814854583853146, 'generation': 460}","{'id': 25499, 'rank': 3, 'fitness': 0.9238763904472506, 'generation': 460}","{'id': 25174, 'rank': 4, 'fitness': 0.8880392519662912, 'generation': 460}","{'id': 25467, 'rank': 5, 'fitness': 0.8383552760202441, 'generation': 460}","{'id': 25468, 'rank': 6, 'fitness': 0.7251086733327731, 'generation': 460}","{'id': 25468, 'rank': 7, 'fitness': 0.7251086733327731, 'generation': 460}","{'id': 25478, 'rank': 8, 'fitness': 0.6493580363530971, 'generation': 460}","{'id': 25478, 'rank': 9, 'fitness': 0.6493580363530971, 'generation': 460}","{'id': 25481, 'rank': 10, 'fitness': 0.5850109381724479, 'generation': 460}","{'id': 25442, 'rank': 11, 'fitness': 0.5607141068726318, 'generation': 460}","{'id': 25442, 'rank': 12, 'fitness': 0.5607141068726318, 'generation': 460}","{'id': 25466, 'rank': 13, 'fitness': 0.5556229217749266, 'generation': 460}","{'id': 25466, 'rank': 14, 'fitness': 0.5556229217749266, 'generation': 460}","{'id': 25485, 'rank': 15, 'fitness': 0.5122566428682263, 'generation': 460}","{'id': 25476, 'rank': 16, 'fitness': 0.45126706572116726, 'generation': 460}","{'id': 25476, 'rank': 17, 'fitness': 0.45126706572116726, 'generation': 460}","{'id': 25443, 'rank': 18, 'fitness': 0.2628560154021159, 'generation': 460}","{'id': 25443, 'rank': 19, 'fitness': 0.2628560154021159, 'generation': 460}","{'id': 25443, 'rank': 20, 'fitness': 0.2628560154021159, 'generation': 460}","{'id': 25486, 'rank': 21, 'fitness': 0.2317453336653364, 'generation': 460}","{'id': 25335, 'rank': 22, 'fitness': 0.19486298361839377, 'generation': 460}","{'id': 25335, 'rank': 23, 'fitness': 0.19486298361839377, 'generation': 460}","{'id': 25335, 'rank': 24, 'fitness': 0.19486298361839377, 'generation': 460}","{'id': 25488, 'rank': 25, 'fitness': 0.10000094771606322, 'generation': 460}","{'id': 25488, 'rank': 26, 'fitness': 0.10000094771606322, 'generation': 460}","{'id': 25463, 'rank': 27, 'fitness': 0.07553389663530996, 'generation': 460}","{'id': 25463, 'rank': 28, 'fitness': 0.07553389663530996, 'generation': 460}","{'id': 25471, 'rank': 29, 'fitness': 0.04731908292359949, 'generation': 460}","{'id': 25450, 'rank': 30, 'fitness': 0.01798620996209155, 'generation': 460}"
"{'id': 25522, 'rank': 1, 'fitness': 0.9820137900379085, 'generation': 461}","{'id': 25174, 'rank': 2, 'fitness': 0.97364894247607, 'generation': 461}","{'id': 25467, 'rank': 3, 'fitness': 0.9533400745319822, 'generation': 461}","{'id': 25521, 'rank': 4, 'fitness': 0.9297865721681597, 'generation': 461}","{'id': 25536, 'rank': 5, 'fitness': 0.9128307118782326, 'generation': 461}","{'id': 25468, 'rank': 6, 'fitness': 0.8883715317720322, 'generation': 461}","{'id': 25468, 'rank': 7, 'fitness': 0.8883715317720322, 'generation': 461}","{'id': 25526, 'rank': 8, 'fitness': 0.8707805195197043, 'generation': 461}","{'id': 25442, 'rank': 9, 'fitness': 0.7430546378941064, 'generation': 461}","{'id': 25466, 'rank': 10, 'fitness': 0.7375195219612954, 'generation': 461}","{'id': 25466, 'rank': 11, 'fitness': 0.7375195219612954, 'generation': 461}","{'id': 25512, 'rank': 12, 'fitness': 0.7183390415771957, 'generation': 461}","{'id': 25512, 'rank': 13, 'fitness': 0.7183390415771957, 'generation': 461}","{'id': 25512, 'rank': 14, 'fitness': 0.7183390415771957, 'generation': 461}","{'id': 25512, 'rank': 15, 'fitness': 0.7183390415771957, 'generation': 461}","{'id': 25476, 'rank': 16, 'fitness': 0.6103606251392226, 'generation': 461}","{'id': 25443, 'rank': 17, 'fitness': 0.3281597137441522, 'generation': 461}","{'id': 25443, 'rank': 18, 'fitness': 0.3281597137441522, 'generation': 461}","{'id': 25545, 'rank': 19, 'fitness': 0.3012155010208826, 'generation': 461}","{'id': 25548, 'rank': 20, 'fitness': 0.23892118879233964, 'generation': 461}","{'id': 25548, 'rank': 21, 'fitness': 0.23892118879233964, 'generation': 461}","{'id': 25488, 'rank': 22, 'fitness': 0.08765116683172991, 'generation': 461}","{'id': 25553, 'rank': 23, 'fitness': 0.08740966597190536, 'generation': 461}","{'id': 25534, 'rank': 24, 'fitness': 0.05760879618228304, 'generation': 461}","{'id': 25539, 'rank': 25, 'fitness': 0.030539306527839816, 'generation': 461}","{'id': 25539, 'rank': 26, 'fitness': 0.030539306527839816, 'generation': 461}","{'id': 25538, 'rank': 27, 'fitness': 0.027076165112868866, 'generation': 461}","{'id': 25538, 'rank': 28, 'fitness': 0.027076165112868866, 'generation': 461}","{'id': 25557, 'rank': 29, 'fitness': 0.01798620996209155, 'generation': 461}","{'id': 25557, 'rank': 30, 'fitness': 0.01798620996209155, 'generation': 461}"
"{'id': 25580, 'rank': 1, 'fitness': 0.9820137900379085, 'generation': 462}","{'id': 25624, 'rank': 2, 'fitness': 0.944510631460153, 'generation': 462}","{'id': 25585, 'rank': 3, 'fitness': 0.9157977760086389, 'generation': 462}","{'id': 25468, 'rank': 4, 'fitness': 0.709821068842327, 'generation': 462}","{'id': 25466, 'rank': 5, 'fitness': 0.535639549637402, 'generation': 462}","{'id': 25466, 'rank': 6, 'fitness': 0.535639549637402, 'generation': 462}","{'id': 25512, 'rank': 7, 'fitness': 0.5182045388621401, 'generation': 462}","{'id': 25512, 'rank': 8, 'fitness': 0.5182045388621401, 'generation': 462}","{'id': 25512, 'rank': 9, 'fitness': 0.5182045388621401, 'generation': 462}","{'id': 25596, 'rank': 10, 'fitness': 0.49608248815880956, 'generation': 462}","{'id': 25596, 'rank': 11, 'fitness': 0.49608248815880956, 'generation': 462}","{'id': 25443, 'rank': 12, 'fitness': 0.24591716907938904, 'generation': 462}","{'id': 25612, 'rank': 13, 'fitness': 0.20991320041275557, 'generation': 462}","{'id': 25548, 'rank': 14, 'fitness': 0.19159038895706743, 'generation': 462}","{'id': 25488, 'rank': 15, 'fitness': 0.0915675026956092, 'generation': 462}","{'id': 25614, 'rank': 16, 'fitness': 0.07979462913230562, 'generation': 462}","{'id': 25606, 'rank': 17, 'fitness': 0.07805919131880501, 'generation': 462}","{'id': 25582, 'rank': 18, 'fitness': 0.0768124942477661, 'generation': 462}","{'id': 25616, 'rank': 19, 'fitness': 0.07071996589768936, 'generation': 462}","{'id': 25571, 'rank': 20, 'fitness': 0.0640755148827934, 'generation': 462}","{'id': 25566, 'rank': 21, 'fitness': 0.04555213498830574, 'generation': 462}","{'id': 25539, 'rank': 22, 'fitness': 0.04311682085770968, 'generation': 462}","{'id': 25538, 'rank': 23, 'fitness': 0.03957234478246019, 'generation': 462}","{'id': 25557, 'rank': 24, 'fitness': 0.029560435540126773, 'generation': 462}","{'id': 25557, 'rank': 25, 'fitness': 0.029560435540126773, 'generation': 462}","{'id': 25605, 'rank': 26, 'fitness': 0.027446345037709596, 'generation': 462}","{'id': 25621, 'rank': 27, 'fitness': 0.022200096619645615, 'generation': 462}","{'id': 25564, 'rank': 28, 'fitness': 0.018434852767844567, 'generation': 462}","{'id': 25564, 'rank': 29, 'fitness': 0.018434852767844567, 'generation': 462}","{'id': 25576, 'rank': 30, 'fitness': 0.01798620996209155, 'generation': 462}"
"{'id': 25659, 'rank': 1, 'fitness': 0.9820137900379085, 'generation': 463}","{'id': 25580, 'rank': 2, 'fitness': 0.9803958858829005, 'generation': 463}","{'id': 25650, 'rank': 3, 'fitness': 0.9782570932457625, 'generation': 463}","{'id': 25625, 'rank': 4, 'fitness': 0.949105126613446, 'generation': 463}","{'id': 25624, 'rank': 5, 'fitness': 0.9313316163636697, 'generation': 463}","{'id': 25653, 'rank': 6, 'fitness': 0.8531064345205893, 'generation': 463}","{'id': 25653, 'rank': 7, 'fitness': 0.8531064345205893, 'generation': 463}","{'id': 25653, 'rank': 8, 'fitness': 0.8531064345205893, 'generation': 463}","{'id': 25626, 'rank': 9, 'fitness': 0.826016662657329, 'generation': 463}","{'id': 25626, 'rank': 10, 'fitness': 0.826016662657329, 'generation': 463}","{'id': 25648, 'rank': 11, 'fitness': 0.6435275920909691, 'generation': 463}","{'id': 25648, 'rank': 12, 'fitness': 0.6435275920909691, 'generation': 463}","{'id': 25634, 'rank': 13, 'fitness': 0.5707613087470671, 'generation': 463}","{'id': 25652, 'rank': 14, 'fitness': 0.44416449568599026, 'generation': 463}","{'id': 25641, 'rank': 15, 'fitness': 0.4377560885511137, 'generation': 463}","{'id': 25641, 'rank': 16, 'fitness': 0.4377560885511137, 'generation': 463}","{'id': 25596, 'rank': 17, 'fitness': 0.3580996904259205, 'generation': 463}","{'id': 25596, 'rank': 18, 'fitness': 0.3580996904259205, 'generation': 463}","{'id': 25637, 'rank': 19, 'fitness': 0.28075153091680094, 'generation': 463}","{'id': 25654, 'rank': 20, 'fitness': 0.18187587680038542, 'generation': 463}","{'id': 25664, 'rank': 21, 'fitness': 0.13746936575202123, 'generation': 463}","{'id': 25668, 'rank': 22, 'fitness': 0.12720935643915332, 'generation': 463}","{'id': 25668, 'rank': 23, 'fitness': 0.12720935643915332, 'generation': 463}","{'id': 25612, 'rank': 24, 'fitness': 0.11405087945880987, 'generation': 463}","{'id': 25614, 'rank': 25, 'fitness': 0.03544815210047286, 'generation': 463}","{'id': 25582, 'rank': 26, 'fitness': 0.03389980983250879, 'generation': 463}","{'id': 25649, 'rank': 27, 'fitness': 0.01863762801998048, 'generation': 463}","{'id': 25649, 'rank': 28, 'fitness': 0.01863762801998048, 'generation': 463}","{'id': 25649, 'rank': 29, 'fitness': 0.01863762801998048, 'generation': 463}","{'id': 25644, 'rank': 30, 'fitness': 0.01798620996209155, 'generation': 463}"
"{'id': 25659, 'rank': 1, 'fitness': 0.9820137900379085, 'generation': 464}","{'id': 25580, 'rank': 2, 'fitness': 0.980574619041002, 'generation': 464}","{'id': 25580, 'rank': 3, 'fitness': 0.980574619041002, 'generation': 464}","{'id': 25580, 'rank': 4, 'fitness': 0.980574619041002, 'generation': 464}","{'id': 25650, 'rank': 5, 'fitness': 0.9786908114899311, 'generation': 464}","{'id': 25650, 'rank': 6, 'fitness': 0.9786908114899311, 'generation': 464}","{'id': 25650, 'rank': 7, 'fitness': 0.9786908114899311, 'generation': 464}","{'id': 25729, 'rank': 8, 'fitness': 0.94868416607716, 'generation': 464}","{'id': 25684, 'rank': 9, 'fitness': 0.9315215440013898, 'generation': 464}","{'id': 25698, 'rank': 10, 'fitness': 0.930766961800433, 'generation': 464}","{'id': 25653, 'rank': 11, 'fitness': 0.8805478402751872, 'generation': 464}","{'id': 25686, 'rank': 12, 'fitness': 0.8791138961828552, 'generation': 464}","{'id': 25626, 'rank': 13, 'fitness': 0.8602721330048675, 'generation': 464}","{'id': 25626, 'rank': 14, 'fitness': 0.8602721330048675, 'generation': 464}","{'id': 25693, 'rank': 15, 'fitness': 0.6950571485602451, 'generation': 464}","{'id': 25634, 'rank': 16, 'fitness': 0.6638024896711334, 'generation': 464}","{'id': 25641, 'rank': 17, 'fitness': 0.5503313330683611, 'generation': 464}","{'id': 25641, 'rank': 18, 'fitness': 0.5503313330683611, 'generation': 464}","{'id': 25690, 'rank': 19, 'fitness': 0.3130979065447499, 'generation': 464}","{'id': 25714, 'rank': 20, 'fitness': 0.22553751687076795, 'generation': 464}","{'id': 25714, 'rank': 21, 'fitness': 0.22553751687076795, 'generation': 464}","{'id': 25668, 'rank': 22, 'fitness': 0.21496143337691587, 'generation': 464}","{'id': 25668, 'rank': 23, 'fitness': 0.21496143337691587, 'generation': 464}","{'id': 25682, 'rank': 24, 'fitness': 0.14445802521203588, 'generation': 464}","{'id': 25676, 'rank': 25, 'fitness': 0.0769897412350598, 'generation': 464}","{'id': 25727, 'rank': 26, 'fitness': 0.0702943330680903, 'generation': 464}","{'id': 25679, 'rank': 27, 'fitness': 0.03857855926551196, 'generation': 464}","{'id': 25719, 'rank': 28, 'fitness': 0.03731572921219689, 'generation': 464}","{'id': 25699, 'rank': 29, 'fitness': 0.019173733426469775, 'generation': 464}","{'id': 25725, 'rank': 30, 'fitness': 0.01798620996209155, 'generation': 464}"
"{'id': 25659, 'rank': 1, 'fitness': 0.9820137900379085, 'generation': 465}","{'id': 25659, 'rank': 2, 'fitness': 0.9820137900379085, 'generation': 465}","{'id': 25659, 'rank': 3, 'fitness': 0.9820137900379085, 'generation': 465}","{'id': 25659, 'rank': 4, 'fitness': 0.9820137900379085, 'generation': 465}","{'id': 25650, 'rank': 5, 'fitness': 0.9791215194706921, 'generation': 465}","{'id': 25684, 'rank': 6, 'fitness': 0.9414718890167071, 'generation': 465}","{'id': 25653, 'rank': 7, 'fitness': 0.9037123527856388, 'generation': 465}","{'id': 25739, 'rank': 8, 'fitness': 0.9035739233144235, 'generation': 465}","{'id': 25626, 'rank': 9, 'fitness': 0.8890246761149531, 'generation': 465}","{'id': 25626, 'rank': 10, 'fitness': 0.8890246761149531, 'generation': 465}","{'id': 25626, 'rank': 11, 'fitness': 0.8890246761149531, 'generation': 465}","{'id': 25733, 'rank': 12, 'fitness': 0.8556230963668854, 'generation': 465}","{'id': 25733, 'rank': 13, 'fitness': 0.8556230963668854, 'generation': 465}","{'id': 25693, 'rank': 14, 'fitness': 0.7697678825683465, 'generation': 465}","{'id': 25634, 'rank': 15, 'fitness': 0.7466335124106643, 'generation': 465}","{'id': 25641, 'rank': 16, 'fitness': 0.6592951599876509, 'generation': 465}","{'id': 25641, 'rank': 17, 'fitness': 0.6592951599876509, 'generation': 465}","{'id': 25764, 'rank': 18, 'fitness': 0.3939642824837735, 'generation': 465}","{'id': 25785, 'rank': 19, 'fitness': 0.2648598888958989, 'generation': 465}","{'id': 25772, 'rank': 20, 'fitness': 0.2157076503690667, 'generation': 465}","{'id': 25765, 'rank': 21, 'fitness': 0.13891859769015036, 'generation': 465}","{'id': 25748, 'rank': 22, 'fitness': 0.1289528804540072, 'generation': 465}","{'id': 25789, 'rank': 23, 'fitness': 0.10414884877904079, 'generation': 465}","{'id': 25740, 'rank': 24, 'fitness': 0.10066956463760413, 'generation': 465}","{'id': 25757, 'rank': 25, 'fitness': 0.096570045671236, 'generation': 465}","{'id': 25734, 'rank': 26, 'fitness': 0.04357383506790752, 'generation': 465}","{'id': 25734, 'rank': 27, 'fitness': 0.04357383506790752, 'generation': 465}","{'id': 25753, 'rank': 28, 'fitness': 0.03759918593096884, 'generation': 465}","{'id': 25732, 'rank': 29, 'fitness': 0.021703294845072496, 'generation': 465}","{'id': 25773, 'rank': 30, 'fitness': 0.01798620996209155, 'generation': 465}"
"{'id': 25842, 'rank': 1, 'fitness': 0.9820137900379085, 'generation': 466}","{'id': 25838, 'rank': 2, 'fitness': 0.9478010598308917, 'generation': 466}","{'id': 25659, 'rank': 3, 'fitness': 0.9357454816416386, 'generation': 466}","{'id': 25739, 'rank': 4, 'fitness': 0.77448401259422, 'generation': 466}","{'id': 25739, 'rank': 5, 'fitness': 0.77448401259422, 'generation': 466}","{'id': 25626, 'rank': 6, 'fitness': 0.7512525319317978, 'generation': 466}","{'id': 25626, 'rank': 7, 'fitness': 0.7512525319317978, 'generation': 466}","{'id': 25626, 'rank': 8, 'fitness': 0.7512525319317978, 'generation': 466}","{'id': 25626, 'rank': 9, 'fitness': 0.7512525319317978, 'generation': 466}","{'id': 25626, 'rank': 10, 'fitness': 0.7512525319317978, 'generation': 466}","{'id': 25733, 'rank': 11, 'fitness': 0.7022905050876566, 'generation': 466}","{'id': 25634, 'rank': 12, 'fitness': 0.5708992066047502, 'generation': 466}","{'id': 25841, 'rank': 13, 'fitness': 0.5661144020196726, 'generation': 466}","{'id': 25641, 'rank': 14, 'fitness': 0.48519479645718677, 'generation': 466}","{'id': 25809, 'rank': 15, 'fitness': 0.35253275233734255, 'generation': 466}","{'id': 25809, 'rank': 16, 'fitness': 0.35253275233734255, 'generation': 466}","{'id': 25846, 'rank': 17, 'fitness': 0.24023603306393188, 'generation': 466}","{'id': 25846, 'rank': 18, 'fitness': 0.24023603306393188, 'generation': 466}","{'id': 25845, 'rank': 19, 'fitness': 0.21439738825848248, 'generation': 466}","{'id': 25845, 'rank': 20, 'fitness': 0.21439738825848248, 'generation': 466}","{'id': 25785, 'rank': 21, 'fitness': 0.19198001503077983, 'generation': 466}","{'id': 25823, 'rank': 22, 'fitness': 0.11372363143342074, 'generation': 466}","{'id': 25827, 'rank': 23, 'fitness': 0.09174370342212951, 'generation': 466}","{'id': 25789, 'rank': 24, 'fitness': 0.08593014741234806, 'generation': 466}","{'id': 25789, 'rank': 25, 'fitness': 0.08593014741234806, 'generation': 466}","{'id': 25740, 'rank': 26, 'fitness': 0.08352401022792699, 'generation': 466}","{'id': 25832, 'rank': 27, 'fitness': 0.054579837207186066, 'generation': 466}","{'id': 25830, 'rank': 28, 'fitness': 0.05414434199769719, 'generation': 466}","{'id': 25818, 'rank': 29, 'fitness': 0.03099766190434805, 'generation': 466}","{'id': 25853, 'rank': 30, 'fitness': 0.01798620996209155, 'generation': 466}"
"{'id': 25842, 'rank': 1, 'fitness': 0.9820137900379085, 'generation': 467}","{'id': 25842, 'rank': 2, 'fitness': 0.9820137900379085, 'generation': 467}","{'id': 25838, 'rank': 3, 'fitness': 0.9472439217990289, 'generation': 467}","{'id': 25659, 'rank': 4, 'fitness': 0.9349320394427496, 'generation': 467}","{'id': 25659, 'rank': 5, 'fitness': 0.9349320394427496, 'generation': 467}","{'id': 25659, 'rank': 6, 'fitness': 0.9349320394427496, 'generation': 467}","{'id': 25862, 'rank': 7, 'fitness': 0.8081675117139312, 'generation': 467}","{'id': 25739, 'rank': 8, 'fitness': 0.7695288058721368, 'generation': 467}","{'id': 25626, 'rank': 9, 'fitness': 0.7457063792690511, 'generation': 467}","{'id': 25626, 'rank': 10, 'fitness': 0.7457063792690511, 'generation': 467}","{'id': 25626, 'rank': 11, 'fitness': 0.7457063792690511, 'generation': 467}","{'id': 25626, 'rank': 12, 'fitness': 0.7457063792690511, 'generation': 467}","{'id': 25626, 'rank': 13, 'fitness': 0.7457063792690511, 'generation': 467}","{'id': 25626, 'rank': 14, 'fitness': 0.7457063792690511, 'generation': 467}","{'id': 25878, 'rank': 15, 'fitness': 0.4807589287017907, 'generation': 467}","{'id': 25878, 'rank': 16, 'fitness': 0.4807589287017907, 'generation': 467}","{'id': 25641, 'rank': 17, 'fitness': 0.47488321120786015, 'generation': 467}","{'id': 25871, 'rank': 18, 'fitness': 0.3784984976323576, 'generation': 467}","{'id': 25809, 'rank': 19, 'fitness': 0.3419035780875539, 'generation': 467}","{'id': 25883, 'rank': 20, 'fitness': 0.2909173634490956, 'generation': 467}","{'id': 25845, 'rank': 21, 'fitness': 0.20545419336706322, 'generation': 467}","{'id': 25845, 'rank': 22, 'fitness': 0.20545419336706322, 'generation': 467}","{'id': 25905, 'rank': 23, 'fitness': 0.19215874425284035, 'generation': 467}","{'id': 25785, 'rank': 24, 'fitness': 0.1835417534659749, 'generation': 467}","{'id': 25893, 'rank': 25, 'fitness': 0.09899539163813786, 'generation': 467}","{'id': 25789, 'rank': 26, 'fitness': 0.08097693479448081, 'generation': 467}","{'id': 25890, 'rank': 27, 'fitness': 0.06290124009432119, 'generation': 467}","{'id': 25832, 'rank': 28, 'fitness': 0.05109111992999016, 'generation': 467}","{'id': 25865, 'rank': 29, 'fitness': 0.03489030423811523, 'generation': 467}","{'id': 25881, 'rank': 30, 'fitness': 0.01798620996209155, 'generation': 467}"
"{'id': 25954, 'rank': 1, 'fitness': 0.9820137900379085, 'generation': 468}","{'id': 25838, 'rank': 2, 'fitness': 0.8470526361099606, 'generation': 468}","{'id': 25926, 'rank': 3, 'fitness': 0.5309486981495385, 'generation': 468}","{'id': 25739, 'rank': 4, 'fitness': 0.5144447156865674, 'generation': 468}","{'id': 25626, 'rank': 5, 'fitness': 0.4825502187268048, 'generation': 468}","{'id': 25626, 'rank': 6, 'fitness': 0.4825502187268048, 'generation': 468}","{'id': 25626, 'rank': 7, 'fitness': 0.4825502187268048, 'generation': 468}","{'id': 25626, 'rank': 8, 'fitness': 0.4825502187268048, 'generation': 468}","{'id': 25626, 'rank': 9, 'fitness': 0.4825502187268048, 'generation': 468}","{'id': 25917, 'rank': 10, 'fitness': 0.4415968359419543, 'generation': 468}","{'id': 25938, 'rank': 11, 'fitness': 0.42966380878143906, 'generation': 468}","{'id': 25938, 'rank': 12, 'fitness': 0.42966380878143906, 'generation': 468}","{'id': 25927, 'rank': 13, 'fitness': 0.3223780045999012, 'generation': 468}","{'id': 25878, 'rank': 14, 'fitness': 0.23089882933889255, 'generation': 468}","{'id': 25878, 'rank': 15, 'fitness': 0.23089882933889255, 'generation': 468}","{'id': 25878, 'rank': 16, 'fitness': 0.23089882933889255, 'generation': 468}","{'id': 25878, 'rank': 17, 'fitness': 0.23089882933889255, 'generation': 468}","{'id': 25878, 'rank': 18, 'fitness': 0.23089882933889255, 'generation': 468}","{'id': 25911, 'rank': 19, 'fitness': 0.22136028793540408, 'generation': 468}","{'id': 25871, 'rank': 20, 'fitness': 0.16588084551322013, 'generation': 468}","{'id': 25809, 'rank': 21, 'fitness': 0.14537762101560864, 'generation': 468}","{'id': 25959, 'rank': 22, 'fitness': 0.1070708300279507, 'generation': 468}","{'id': 25845, 'rank': 23, 'fitness': 0.0789070101235072, 'generation': 468}","{'id': 25845, 'rank': 24, 'fitness': 0.0789070101235072, 'generation': 468}","{'id': 25893, 'rank': 25, 'fitness': 0.035613894466223206, 'generation': 468}","{'id': 25949, 'rank': 26, 'fitness': 0.03342196679535259, 'generation': 468}","{'id': 25920, 'rank': 27, 'fitness': 0.030467031903011865, 'generation': 468}","{'id': 25957, 'rank': 28, 'fitness': 0.03008516256529653, 'generation': 468}","{'id': 25942, 'rank': 29, 'fitness': 0.02081806667045405, 'generation': 468}","{'id': 25832, 'rank': 30, 'fitness': 0.01798620996209155, 'generation': 468}"
"{'id': 25983, 'rank': 1, 'fitness': 0.9820137900379085, 'generation': 469}","{'id': 25983, 'rank': 2, 'fitness': 0.9820137900379085, 'generation': 469}","{'id': 25980, 'rank': 3, 'fitness': 0.866745385217646, 'generation': 469}","{'id': 25980, 'rank': 4, 'fitness': 0.866745385217646, 'generation': 469}","{'id': 25993, 'rank': 5, 'fitness': 0.8194831085976597, 'generation': 469}","{'id': 25993, 'rank': 6, 'fitness': 0.8194831085976597, 'generation': 469}","{'id': 25993, 'rank': 7, 'fitness': 0.8194831085976597, 'generation': 469}","{'id': 25739, 'rank': 8, 'fitness': 0.7696420737361969, 'generation': 469}","{'id': 25626, 'rank': 9, 'fitness': 0.737625154455413, 'generation': 469}","{'id': 25626, 'rank': 10, 'fitness': 0.737625154455413, 'generation': 469}","{'id': 25626, 'rank': 11, 'fitness': 0.737625154455413, 'generation': 469}","{'id': 25978, 'rank': 12, 'fitness': 0.6787482743490548, 'generation': 469}","{'id': 25978, 'rank': 13, 'fitness': 0.6787482743490548, 'generation': 469}","{'id': 25938, 'rank': 14, 'fitness': 0.6780904799919338, 'generation': 469}","{'id': 25938, 'rank': 15, 'fitness': 0.6780904799919338, 'generation': 469}","{'id': 25982, 'rank': 16, 'fitness': 0.6713009218621152, 'generation': 469}","{'id': 25996, 'rank': 17, 'fitness': 0.6654204067176007, 'generation': 469}","{'id': 25927, 'rank': 18, 'fitness': 0.530778855615469, 'generation': 469}","{'id': 25970, 'rank': 19, 'fitness': 0.37790765071443105, 'generation': 469}","{'id': 25970, 'rank': 20, 'fitness': 0.37790765071443105, 'generation': 469}","{'id': 25878, 'rank': 21, 'fitness': 0.3776667721095712, 'generation': 469}","{'id': 25878, 'rank': 22, 'fitness': 0.3776667721095712, 'generation': 469}","{'id': 25999, 'rank': 23, 'fitness': 0.22292821959464726, 'generation': 469}","{'id': 25986, 'rank': 24, 'fitness': 0.17501493714379263, 'generation': 469}","{'id': 25986, 'rank': 25, 'fitness': 0.17501493714379263, 'generation': 469}","{'id': 25973, 'rank': 26, 'fitness': 0.042076571292736065, 'generation': 469}","{'id': 25975, 'rank': 27, 'fitness': 0.02848921008114802, 'generation': 469}","{'id': 25975, 'rank': 28, 'fitness': 0.02848921008114802, 'generation': 469}","{'id': 25957, 'rank': 29, 'fitness': 0.0273872056091794, 'generation': 469}","{'id': 25968, 'rank': 30, 'fitness': 0.01798620996209155, 'generation': 469}"
"{'id': 25980, 'rank': 1, 'fitness': 0.9820137900379085, 'generation': 470}","{'id': 25993, 'rank': 2, 'fitness': 0.9737502602808406, 'generation': 470}","{'id': 25993, 'rank': 3, 'fitness': 0.9737502602808406, 'generation': 470}","{'id': 26052, 'rank': 4, 'fitness': 0.9719622983182754, 'generation': 470}","{'id': 26052, 'rank': 5, 'fitness': 0.9719622983182754, 'generation': 470}","{'id': 25626, 'rank': 6, 'fitness': 0.9568313416034688, 'generation': 470}","{'id': 25626, 'rank': 7, 'fitness': 0.9568313416034688, 'generation': 470}","{'id': 25626, 'rank': 8, 'fitness': 0.9568313416034688, 'generation': 470}","{'id': 25978, 'rank': 9, 'fitness': 0.942216793628028, 'generation': 470}","{'id': 25938, 'rank': 10, 'fitness': 0.9420401219420347, 'generation': 470}","{'id': 25938, 'rank': 11, 'fitness': 0.9420401219420347, 'generation': 470}","{'id': 25938, 'rank': 12, 'fitness': 0.9420401219420347, 'generation': 470}","{'id': 26021, 'rank': 13, 'fitness': 0.8524335277195911, 'generation': 470}","{'id': 26043, 'rank': 14, 'fitness': 0.850976935918942, 'generation': 470}","{'id': 26004, 'rank': 15, 'fitness': 0.8265858280819652, 'generation': 470}","{'id': 26033, 'rank': 16, 'fitness': 0.8155657918940172, 'generation': 470}","{'id': 26033, 'rank': 17, 'fitness': 0.8155657918940172, 'generation': 470}","{'id': 25970, 'rank': 18, 'fitness': 0.8102989721299526, 'generation': 470}","{'id': 25878, 'rank': 19, 'fitness': 0.8101296298629799, 'generation': 470}","{'id': 25999, 'rank': 20, 'fitness': 0.656032133649527, 'generation': 470}","{'id': 25986, 'rank': 21, 'fitness': 0.5796418102566511, 'generation': 470}","{'id': 26007, 'rank': 22, 'fitness': 0.4351473831762199, 'generation': 470}","{'id': 26045, 'rank': 23, 'fitness': 0.4264579283021472, 'generation': 470}","{'id': 26045, 'rank': 24, 'fitness': 0.4264579283021472, 'generation': 470}","{'id': 26042, 'rank': 25, 'fitness': 0.206096656576933, 'generation': 470}","{'id': 25973, 'rank': 26, 'fitness': 0.20243791212394324, 'generation': 470}","{'id': 26030, 'rank': 27, 'fitness': 0.18558935488091982, 'generation': 470}","{'id': 26051, 'rank': 28, 'fitness': 0.17190867390403408, 'generation': 470}","{'id': 26053, 'rank': 29, 'fitness': 0.040795486128488656, 'generation': 470}","{'id': 26025, 'rank': 30, 'fitness': 0.01798620996209155, 'generation': 470}"
"{'id': 26105, 'rank': 1, 'fitness': 0.9820137900379085, 'generation': 471}","{'id': 25980, 'rank': 2, 'fitness': 0.940624996838014, 'generation': 471}","{'id': 25993, 'rank': 3, 'fitness': 0.914672271547352, 'generation': 471}","{'id': 25993, 'rank': 4, 'fitness': 0.914672271547352, 'generation': 471}","{'id': 26052, 'rank': 5, 'fitness': 0.9091760182205884, 'generation': 471}","{'id': 26052, 'rank': 6, 'fitness': 0.9091760182205884, 'generation': 471}","{'id': 25626, 'rank': 7, 'fitness': 0.8643162735616615, 'generation': 471}","{'id': 25978, 'rank': 8, 'fitness': 0.8236649014004847, 'generation': 471}","{'id': 25938, 'rank': 9, 'fitness': 0.8231887682804435, 'generation': 471}","{'id': 25938, 'rank': 10, 'fitness': 0.8231887682804435, 'generation': 471}","{'id': 25970, 'rank': 11, 'fitness': 0.5467558515924992, 'generation': 471}","{'id': 25878, 'rank': 12, 'fitness': 0.5464800244465772, 'generation': 471}","{'id': 25878, 'rank': 13, 'fitness': 0.5464800244465772, 'generation': 471}","{'id': 25986, 'rank': 14, 'fitness': 0.2778635295891587, 'generation': 471}","{'id': 26123, 'rank': 15, 'fitness': 0.24662079240610824, 'generation': 471}","{'id': 26062, 'rank': 16, 'fitness': 0.23990650321815943, 'generation': 471}","{'id': 26100, 'rank': 17, 'fitness': 0.22997327487051278, 'generation': 471}","{'id': 26117, 'rank': 18, 'fitness': 0.14717452870012881, 'generation': 471}","{'id': 26114, 'rank': 19, 'fitness': 0.14566711845223046, 'generation': 471}","{'id': 26114, 'rank': 20, 'fitness': 0.14566711845223046, 'generation': 471}","{'id': 26126, 'rank': 21, 'fitness': 0.1081750023964208, 'generation': 471}","{'id': 26051, 'rank': 22, 'fitness': 0.05372518889267647, 'generation': 471}","{'id': 26110, 'rank': 23, 'fitness': 0.05325521880485373, 'generation': 471}","{'id': 26124, 'rank': 24, 'fitness': 0.031042711092080177, 'generation': 471}","{'id': 26106, 'rank': 25, 'fitness': 0.02955231260540253, 'generation': 471}","{'id': 26072, 'rank': 26, 'fitness': 0.02700512218864637, 'generation': 471}","{'id': 26078, 'rank': 27, 'fitness': 0.024684600406663204, 'generation': 471}","{'id': 26071, 'rank': 28, 'fitness': 0.021318861608399076, 'generation': 471}","{'id': 26080, 'rank': 29, 'fitness': 0.02083200510408706, 'generation': 471}","{'id': 26092, 'rank': 30, 'fitness': 0.01798620996209155, 'generation': 471}"
"{'id': 26163, 'rank': 1, 'fitness': 0.9820137900379085, 'generation': 472}","{'id': 26163, 'rank': 2, 'fitness': 0.9820137900379085, 'generation': 472}","{'id': 26105, 'rank': 3, 'fitness': 0.9803078116724551, 'generation': 472}","{'id': 25980, 'rank': 4, 'fitness': 0.9444073755856124, 'generation': 472}","{'id': 25938, 'rank': 5, 'fitness': 0.8542657179826483, 'generation': 472}","{'id': 25938, 'rank': 6, 'fitness': 0.8542657179826483, 'generation': 472}","{'id': 26174, 'rank': 7, 'fitness': 0.8316923898007124, 'generation': 472}","{'id': 26173, 'rank': 8, 'fitness': 0.6924560470353187, 'generation': 472}","{'id': 26173, 'rank': 9, 'fitness': 0.6924560470353187, 'generation': 472}","{'id': 26152, 'rank': 10, 'fitness': 0.6649466384509136, 'generation': 472}","{'id': 25878, 'rank': 11, 'fitness': 0.6442798476369869, 'generation': 472}","{'id': 26180, 'rank': 12, 'fitness': 0.5440845843646998, 'generation': 472}","{'id': 26176, 'rank': 13, 'fitness': 0.5192869245910141, 'generation': 472}","{'id': 26176, 'rank': 14, 'fitness': 0.5192869245910141, 'generation': 472}","{'id': 26135, 'rank': 15, 'fitness': 0.4574899891045045, 'generation': 472}","{'id': 26171, 'rank': 16, 'fitness': 0.3306676477733018, 'generation': 472}","{'id': 26117, 'rank': 17, 'fitness': 0.2507414496820066, 'generation': 472}","{'id': 26114, 'rank': 18, 'fitness': 0.24877769214893775, 'generation': 472}","{'id': 26126, 'rank': 19, 'fitness': 0.1976529835397987, 'generation': 472}","{'id': 26051, 'rank': 20, 'fitness': 0.11298052605108799, 'generation': 472}","{'id': 26151, 'rank': 21, 'fitness': 0.0885375911628713, 'generation': 472}","{'id': 26141, 'rank': 22, 'fitness': 0.08568248784399651, 'generation': 472}","{'id': 26132, 'rank': 23, 'fitness': 0.0818142268593599, 'generation': 472}","{'id': 26157, 'rank': 24, 'fitness': 0.05903210794173197, 'generation': 472}","{'id': 26164, 'rank': 25, 'fitness': 0.04724919875948719, 'generation': 472}","{'id': 26164, 'rank': 26, 'fitness': 0.04724919875948719, 'generation': 472}","{'id': 26164, 'rank': 27, 'fitness': 0.04724919875948719, 'generation': 472}","{'id': 26148, 'rank': 28, 'fitness': 0.03681366710767803, 'generation': 472}","{'id': 26172, 'rank': 29, 'fitness': 0.033036254158044065, 'generation': 472}","{'id': 26178, 'rank': 30, 'fitness': 0.01798620996209155, 'generation': 472}"
"{'id': 26105, 'rank': 1, 'fitness': 0.9820137900379085, 'generation': 473}","{'id': 26207, 'rank': 2, 'fitness': 0.9795743230135505, 'generation': 473}","{'id': 25980, 'rank': 3, 'fitness': 0.9484514089221685, 'generation': 473}","{'id': 25938, 'rank': 4, 'fitness': 0.8624546166658372, 'generation': 473}","{'id': 26174, 'rank': 5, 'fitness': 0.8406464615018289, 'generation': 473}","{'id': 26196, 'rank': 6, 'fitness': 0.7770180332828179, 'generation': 473}","{'id': 26173, 'rank': 7, 'fitness': 0.7042925026917078, 'generation': 473}","{'id': 26220, 'rank': 8, 'fitness': 0.6953268267775956, 'generation': 473}","{'id': 26152, 'rank': 9, 'fitness': 0.6770262890197862, 'generation': 473}","{'id': 26204, 'rank': 10, 'fitness': 0.6698993559647985, 'generation': 473}","{'id': 26181, 'rank': 11, 'fitness': 0.6584020517824036, 'generation': 473}","{'id': 25878, 'rank': 12, 'fitness': 0.6564791711171558, 'generation': 473}","{'id': 26197, 'rank': 13, 'fitness': 0.650112489474414, 'generation': 473}","{'id': 26180, 'rank': 14, 'fitness': 0.5561568955225608, 'generation': 473}","{'id': 26194, 'rank': 15, 'fitness': 0.5502190300612759, 'generation': 473}","{'id': 26176, 'rank': 16, 'fitness': 0.5311606878618822, 'generation': 473}","{'id': 26171, 'rank': 17, 'fitness': 0.3392393557746972, 'generation': 473}","{'id': 26210, 'rank': 18, 'fitness': 0.2511777439764119, 'generation': 473}","{'id': 26184, 'rank': 19, 'fitness': 0.20913295892572353, 'generation': 473}","{'id': 26126, 'rank': 20, 'fitness': 0.20251093118618751, 'generation': 473}","{'id': 26126, 'rank': 21, 'fitness': 0.20251093118618751, 'generation': 473}","{'id': 26126, 'rank': 22, 'fitness': 0.20251093118618751, 'generation': 473}","{'id': 26126, 'rank': 23, 'fitness': 0.20251093118618751, 'generation': 473}","{'id': 26201, 'rank': 24, 'fitness': 0.20050590962426323, 'generation': 473}","{'id': 26051, 'rank': 25, 'fitness': 0.11527040703314889, 'generation': 473}","{'id': 26198, 'rank': 26, 'fitness': 0.10464060763731686, 'generation': 473}","{'id': 26132, 'rank': 27, 'fitness': 0.08321301360489286, 'generation': 473}","{'id': 26223, 'rank': 28, 'fitness': 0.07866600157271209, 'generation': 473}","{'id': 26223, 'rank': 29, 'fitness': 0.07866600157271209, 'generation': 473}","{'id': 26178, 'rank': 30, 'fitness': 0.01798620996209155, 'generation': 473}"
"{'id': 26105, 'rank': 1, 'fitness': 0.9820137900379085, 'generation': 474}","{'id': 26105, 'rank': 2, 'fitness': 0.9820137900379085, 'generation': 474}","{'id': 26254, 'rank': 3, 'fitness': 0.9687319743463634, 'generation': 474}","{'id': 25980, 'rank': 4, 'fitness': 0.9342041137835468, 'generation': 474}","{'id': 26225, 'rank': 5, 'fitness': 0.904354896921959, 'generation': 474}","{'id': 26256, 'rank': 6, 'fitness': 0.8228897993803346, 'generation': 474}","{'id': 26256, 'rank': 7, 'fitness': 0.8228897993803346, 'generation': 474}","{'id': 25938, 'rank': 8, 'fitness': 0.7892092037089468, 'generation': 474}","{'id': 26174, 'rank': 9, 'fitness': 0.7514224614080143, 'generation': 474}","{'id': 26261, 'rank': 10, 'fitness': 0.7097336789286087, 'generation': 474}","{'id': 26261, 'rank': 11, 'fitness': 0.7097336789286087, 'generation': 474}","{'id': 26261, 'rank': 12, 'fitness': 0.7097336789286087, 'generation': 474}","{'id': 26243, 'rank': 13, 'fitness': 0.6806401214103004, 'generation': 474}","{'id': 26196, 'rank': 14, 'fitness': 0.6439923251412242, 'generation': 474}","{'id': 26196, 'rank': 15, 'fitness': 0.6439923251412242, 'generation': 474}","{'id': 26196, 'rank': 16, 'fitness': 0.6439923251412242, 'generation': 474}","{'id': 26255, 'rank': 17, 'fitness': 0.4428091900080302, 'generation': 474}","{'id': 26180, 'rank': 18, 'fitness': 0.33765481448126955, 'generation': 474}","{'id': 26238, 'rank': 19, 'fitness': 0.31303994586809847, 'generation': 474}","{'id': 26238, 'rank': 20, 'fitness': 0.31303994586809847, 'generation': 474}","{'id': 26265, 'rank': 21, 'fitness': 0.2740151859506176, 'generation': 474}","{'id': 26246, 'rank': 22, 'fitness': 0.19158081580931274, 'generation': 474}","{'id': 26253, 'rank': 23, 'fitness': 0.16169936051751965, 'generation': 474}","{'id': 26267, 'rank': 24, 'fitness': 0.12361832556218244, 'generation': 474}","{'id': 26210, 'rank': 25, 'fitness': 0.09065137301683185, 'generation': 474}","{'id': 26184, 'rank': 26, 'fitness': 0.06912605991153864, 'generation': 474}","{'id': 26258, 'rank': 27, 'fitness': 0.06888476001168714, 'generation': 474}","{'id': 26236, 'rank': 28, 'fitness': 0.06562920334699329, 'generation': 474}","{'id': 26237, 'rank': 29, 'fitness': 0.01843042641804904, 'generation': 474}","{'id': 26223, 'rank': 30, 'fitness': 0.01798620996209155, 'generation': 474}"
"{'id': 26254, 'rank': 1, 'fitness': 0.9820137900379085, 'generation': 475}","{'id': 26254, 'rank': 2, 'fitness': 0.9820137900379085, 'generation': 475}","{'id': 26254, 'rank': 3, 'fitness': 0.9820137900379085, 'generation': 475}","{'id': 26225, 'rank': 4, 'fitness': 0.953587139558167, 'generation': 475}","{'id': 26277, 'rank': 5, 'fitness': 0.935287786329022, 'generation': 475}","{'id': 26256, 'rank': 6, 'fitness': 0.91964494608243, 'generation': 475}","{'id': 26174, 'rank': 7, 'fitness': 0.8892950496566037, 'generation': 475}","{'id': 26306, 'rank': 8, 'fitness': 0.8787563274052235, 'generation': 475}","{'id': 26306, 'rank': 9, 'fitness': 0.8787563274052235, 'generation': 475}","{'id': 26306, 'rank': 10, 'fitness': 0.8787563274052235, 'generation': 475}","{'id': 26261, 'rank': 11, 'fitness': 0.8708929463689703, 'generation': 475}","{'id': 26261, 'rank': 12, 'fitness': 0.8708929463689703, 'generation': 475}","{'id': 26311, 'rank': 13, 'fitness': 0.8493068023145667, 'generation': 475}","{'id': 26196, 'rank': 14, 'fitness': 0.8403331679973531, 'generation': 475}","{'id': 26276, 'rank': 15, 'fitness': 0.7945186340524454, 'generation': 475}","{'id': 26329, 'rank': 16, 'fitness': 0.5697879669389027, 'generation': 475}","{'id': 26317, 'rank': 17, 'fitness': 0.5545744077159458, 'generation': 475}","{'id': 26334, 'rank': 18, 'fitness': 0.5415010179747751, 'generation': 475}","{'id': 26253, 'rank': 19, 'fitness': 0.4544768773319008, 'generation': 475}","{'id': 26278, 'rank': 20, 'fitness': 0.34978196498963476, 'generation': 475}","{'id': 26278, 'rank': 21, 'fitness': 0.34978196498963476, 'generation': 475}","{'id': 26184, 'rank': 22, 'fitness': 0.27514435347123406, 'generation': 475}","{'id': 26236, 'rank': 23, 'fitness': 0.2660975267103766, 'generation': 475}","{'id': 26273, 'rank': 24, 'fitness': 0.25308631971399065, 'generation': 475}","{'id': 26301, 'rank': 25, 'fitness': 0.15420596882961357, 'generation': 475}","{'id': 26301, 'rank': 26, 'fitness': 0.15420596882961357, 'generation': 475}","{'id': 26287, 'rank': 27, 'fitness': 0.10920789346912868, 'generation': 475}","{'id': 26223, 'rank': 28, 'fitness': 0.10703197408067167, 'generation': 475}","{'id': 26290, 'rank': 29, 'fitness': 0.1030478770159412, 'generation': 475}","{'id': 26303, 'rank': 30, 'fitness': 0.01798620996209155, 'generation': 475}"
"{'id': 26358, 'rank': 1, 'fitness': 0.9820137900379085, 'generation': 476}","{'id': 26225, 'rank': 2, 'fitness': 0.9784789683699523, 'generation': 476}","{'id': 26306, 'rank': 3, 'fitness': 0.9159314853823507, 'generation': 476}","{'id': 26261, 'rank': 4, 'fitness': 0.9080306593006395, 'generation': 476}","{'id': 26261, 'rank': 5, 'fitness': 0.9080306593006395, 'generation': 476}","{'id': 26261, 'rank': 6, 'fitness': 0.9080306593006395, 'generation': 476}","{'id': 26196, 'rank': 7, 'fitness': 0.8753975053952284, 'generation': 476}","{'id': 26351, 'rank': 8, 'fitness': 0.7306191462696916, 'generation': 476}","{'id': 26386, 'rank': 9, 'fitness': 0.5790191110265868, 'generation': 476}","{'id': 26329, 'rank': 10, 'fitness': 0.514434569473347, 'generation': 476}","{'id': 26317, 'rank': 11, 'fitness': 0.49324960001594587, 'generation': 476}","{'id': 26355, 'rank': 12, 'fitness': 0.49179692720199597, 'generation': 476}","{'id': 26355, 'rank': 13, 'fitness': 0.49179692720199597, 'generation': 476}","{'id': 26338, 'rank': 14, 'fitness': 0.44404684811432826, 'generation': 476}","{'id': 26353, 'rank': 15, 'fitness': 0.37970707564275447, 'generation': 476}","{'id': 26365, 'rank': 16, 'fitness': 0.21477821045597845, 'generation': 476}","{'id': 26361, 'rank': 17, 'fitness': 0.1640358619881262, 'generation': 476}","{'id': 26184, 'rank': 18, 'fitness': 0.16033873799156273, 'generation': 476}","{'id': 26236, 'rank': 19, 'fitness': 0.15205695123952795, 'generation': 476}","{'id': 26273, 'rank': 20, 'fitness': 0.14046991599890157, 'generation': 476}","{'id': 26369, 'rank': 21, 'fitness': 0.11697198001453213, 'generation': 476}","{'id': 26369, 'rank': 22, 'fitness': 0.11697198001453213, 'generation': 476}","{'id': 26343, 'rank': 23, 'fitness': 0.09989504170496843, 'generation': 476}","{'id': 26301, 'rank': 24, 'fitness': 0.06530317668616215, 'generation': 476}","{'id': 26352, 'rank': 25, 'fitness': 0.04638770098072853, 'generation': 476}","{'id': 26352, 'rank': 26, 'fitness': 0.04638770098072853, 'generation': 476}","{'id': 26352, 'rank': 27, 'fitness': 0.04638770098072853, 'generation': 476}","{'id': 26377, 'rank': 28, 'fitness': 0.04300182901338434, 'generation': 476}","{'id': 26378, 'rank': 29, 'fitness': 0.031525184834447884, 'generation': 476}","{'id': 26360, 'rank': 30, 'fitness': 0.01798620996209155, 'generation': 476}"
"{'id': 26411, 'rank': 1, 'fitness': 0.9820137900379085, 'generation': 477}","{'id': 26411, 'rank': 2, 'fitness': 0.9820137900379085, 'generation': 477}","{'id': 26442, 'rank': 3, 'fitness': 0.9471955436941963, 'generation': 477}","{'id': 26442, 'rank': 4, 'fitness': 0.9471955436941963, 'generation': 477}","{'id': 26306, 'rank': 5, 'fitness': 0.9289025212280473, 'generation': 477}","{'id': 26261, 'rank': 6, 'fitness': 0.9244924275591634, 'generation': 477}","{'id': 26431, 'rank': 7, 'fitness': 0.9095260497812054, 'generation': 477}","{'id': 26431, 'rank': 8, 'fitness': 0.9095260497812054, 'generation': 477}","{'id': 26431, 'rank': 9, 'fitness': 0.9095260497812054, 'generation': 477}","{'id': 26433, 'rank': 10, 'fitness': 0.9068785751897157, 'generation': 477}","{'id': 26351, 'rank': 11, 'fitness': 0.8393036908959833, 'generation': 477}","{'id': 26351, 'rank': 12, 'fitness': 0.8393036908959833, 'generation': 477}","{'id': 26420, 'rank': 13, 'fitness': 0.7906713951856115, 'generation': 477}","{'id': 26415, 'rank': 14, 'fitness': 0.7713977394145453, 'generation': 477}","{'id': 26415, 'rank': 15, 'fitness': 0.7713977394145453, 'generation': 477}","{'id': 26386, 'rank': 16, 'fitness': 0.7694708522362975, 'generation': 477}","{'id': 26355, 'rank': 17, 'fitness': 0.7258189955525772, 'generation': 477}","{'id': 26437, 'rank': 18, 'fitness': 0.6908512378419169, 'generation': 477}","{'id': 26450, 'rank': 19, 'fitness': 0.5943948966254579, 'generation': 477}","{'id': 26427, 'rank': 20, 'fitness': 0.49665464919444485, 'generation': 477}","{'id': 26414, 'rank': 21, 'fitness': 0.4840422293389022, 'generation': 477}","{'id': 26361, 'rank': 22, 'fitness': 0.48034765105146193, 'generation': 477}","{'id': 26273, 'rank': 23, 'fitness': 0.45035287818648306, 'generation': 477}","{'id': 26425, 'rank': 24, 'fitness': 0.4219309941775503, 'generation': 477}","{'id': 26419, 'rank': 25, 'fitness': 0.38333975272234233, 'generation': 477}","{'id': 26413, 'rank': 26, 'fitness': 0.29004323537137766, 'generation': 477}","{'id': 26413, 'rank': 27, 'fitness': 0.29004323537137766, 'generation': 477}","{'id': 26421, 'rank': 28, 'fitness': 0.2519140877454479, 'generation': 477}","{'id': 26418, 'rank': 29, 'fitness': 0.14137546302838488, 'generation': 477}","{'id': 26445, 'rank': 30, 'fitness': 0.01798620996209155, 'generation': 477}"
"{'id': 26411, 'rank': 1, 'fitness': 0.9820137900379085, 'generation': 478}","{'id': 26411, 'rank': 2, 'fitness': 0.9820137900379085, 'generation': 478}","{'id': 26411, 'rank': 3, 'fitness': 0.9820137900379085, 'generation': 478}","{'id': 26500, 'rank': 4, 'fitness': 0.9460605710510599, 'generation': 478}","{'id': 26442, 'rank': 5, 'fitness': 0.9394658264569506, 'generation': 478}","{'id': 26431, 'rank': 6, 'fitness': 0.8897043026515332, 'generation': 478}","{'id': 26431, 'rank': 7, 'fitness': 0.8897043026515332, 'generation': 478}","{'id': 26475, 'rank': 8, 'fitness': 0.6902744360188261, 'generation': 478}","{'id': 26355, 'rank': 9, 'fitness': 0.6410176079445868, 'generation': 478}","{'id': 26476, 'rank': 10, 'fitness': 0.5401681389745697, 'generation': 478}","{'id': 26476, 'rank': 11, 'fitness': 0.5401681389745697, 'generation': 478}","{'id': 26455, 'rank': 12, 'fitness': 0.39311389826364834, 'generation': 478}","{'id': 26455, 'rank': 13, 'fitness': 0.39311389826364834, 'generation': 478}","{'id': 26427, 'rank': 14, 'fitness': 0.3692351613995561, 'generation': 478}","{'id': 26499, 'rank': 15, 'fitness': 0.32319283265574794, 'generation': 478}","{'id': 26273, 'rank': 16, 'fitness': 0.32179332951298817, 'generation': 478}","{'id': 26473, 'rank': 17, 'fitness': 0.2827708327164732, 'generation': 478}","{'id': 26520, 'rank': 18, 'fitness': 0.20357277031469523, 'generation': 478}","{'id': 26465, 'rank': 19, 'fitness': 0.1614058217922742, 'generation': 478}","{'id': 26465, 'rank': 20, 'fitness': 0.1614058217922742, 'generation': 478}","{'id': 26464, 'rank': 21, 'fitness': 0.13651477239640236, 'generation': 478}","{'id': 26456, 'rank': 22, 'fitness': 0.10724368971428755, 'generation': 478}","{'id': 26514, 'rank': 23, 'fitness': 0.09808863673902685, 'generation': 478}","{'id': 26510, 'rank': 24, 'fitness': 0.09149125478839831, 'generation': 478}","{'id': 26519, 'rank': 25, 'fitness': 0.08411387207326593, 'generation': 478}","{'id': 26418, 'rank': 26, 'fitness': 0.07182631028491077, 'generation': 478}","{'id': 26488, 'rank': 27, 'fitness': 0.031085195207087468, 'generation': 478}","{'id': 26461, 'rank': 28, 'fitness': 0.022995447888061737, 'generation': 478}","{'id': 26479, 'rank': 29, 'fitness': 0.018928830132383556, 'generation': 478}","{'id': 26507, 'rank': 30, 'fitness': 0.01798620996209155, 'generation': 478}"
"{'id': 26568, 'rank': 1, 'fitness': 0.9820137900379085, 'generation': 479}","{'id': 26568, 'rank': 2, 'fitness': 0.9820137900379085, 'generation': 479}","{'id': 26550, 'rank': 3, 'fitness': 0.9353997702682152, 'generation': 479}","{'id': 26411, 'rank': 4, 'fitness': 0.8952961366654555, 'generation': 479}","{'id': 26566, 'rank': 5, 'fitness': 0.8047281357646369, 'generation': 479}","{'id': 26566, 'rank': 6, 'fitness': 0.8047281357646369, 'generation': 479}","{'id': 26566, 'rank': 7, 'fitness': 0.8047281357646369, 'generation': 479}","{'id': 26500, 'rank': 8, 'fitness': 0.7354871336389306, 'generation': 479}","{'id': 26500, 'rank': 9, 'fitness': 0.7354871336389306, 'generation': 479}","{'id': 26500, 'rank': 10, 'fitness': 0.7354871336389306, 'generation': 479}","{'id': 26431, 'rank': 11, 'fitness': 0.5632231539584965, 'generation': 479}","{'id': 26431, 'rank': 12, 'fitness': 0.5632231539584965, 'generation': 479}","{'id': 26431, 'rank': 13, 'fitness': 0.5632231539584965, 'generation': 479}","{'id': 26545, 'rank': 14, 'fitness': 0.44551685327610396, 'generation': 479}","{'id': 26545, 'rank': 15, 'fitness': 0.44551685327610396, 'generation': 479}","{'id': 26538, 'rank': 16, 'fitness': 0.3221775619172126, 'generation': 479}","{'id': 26475, 'rank': 17, 'fitness': 0.2653642736891142, 'generation': 479}","{'id': 26558, 'rank': 18, 'fitness': 0.23519696192592932, 'generation': 479}","{'id': 26556, 'rank': 19, 'fitness': 0.2265865622429578, 'generation': 479}","{'id': 26540, 'rank': 20, 'fitness': 0.18654877203114467, 'generation': 479}","{'id': 26476, 'rank': 21, 'fitness': 0.1608677532305906, 'generation': 479}","{'id': 26560, 'rank': 22, 'fitness': 0.1429756889332543, 'generation': 479}","{'id': 26560, 'rank': 23, 'fitness': 0.1429756889332543, 'generation': 479}","{'id': 26455, 'rank': 24, 'fitness': 0.09615796177191199, 'generation': 479}","{'id': 26455, 'rank': 25, 'fitness': 0.09615796177191199, 'generation': 479}","{'id': 26455, 'rank': 26, 'fitness': 0.09615796177191199, 'generation': 479}","{'id': 26273, 'rank': 27, 'fitness': 0.07251896774616462, 'generation': 479}","{'id': 26567, 'rank': 28, 'fitness': 0.04305267894515258, 'generation': 479}","{'id': 26548, 'rank': 29, 'fitness': 0.029886607726143544, 'generation': 479}","{'id': 26549, 'rank': 30, 'fitness': 0.01798620996209155, 'generation': 479}"
"{'id': 26568, 'rank': 1, 'fitness': 0.9820137900379085, 'generation': 480}","{'id': 26610, 'rank': 2, 'fitness': 0.9665253108711811, 'generation': 480}","{'id': 26610, 'rank': 3, 'fitness': 0.9665253108711811, 'generation': 480}","{'id': 26411, 'rank': 4, 'fitness': 0.8960539341601431, 'generation': 480}","{'id': 26411, 'rank': 5, 'fitness': 0.8960539341601431, 'generation': 480}","{'id': 26589, 'rank': 6, 'fitness': 0.858454818467132, 'generation': 480}","{'id': 26589, 'rank': 7, 'fitness': 0.858454818467132, 'generation': 480}","{'id': 26566, 'rank': 8, 'fitness': 0.8064981448496905, 'generation': 480}","{'id': 26566, 'rank': 9, 'fitness': 0.8064981448496905, 'generation': 480}","{'id': 26566, 'rank': 10, 'fitness': 0.8064981448496905, 'generation': 480}","{'id': 26577, 'rank': 11, 'fitness': 0.7859078401713404, 'generation': 480}","{'id': 26500, 'rank': 12, 'fitness': 0.7380130996123055, 'generation': 480}","{'id': 26500, 'rank': 13, 'fitness': 0.7380130996123055, 'generation': 480}","{'id': 26609, 'rank': 14, 'fitness': 0.5888950147311827, 'generation': 480}","{'id': 26571, 'rank': 15, 'fitness': 0.587720070653576, 'generation': 480}","{'id': 26588, 'rank': 16, 'fitness': 0.5393575900053307, 'generation': 480}","{'id': 26545, 'rank': 17, 'fitness': 0.45008013078401227, 'generation': 480}","{'id': 26545, 'rank': 18, 'fitness': 0.45008013078401227, 'generation': 480}","{'id': 26585, 'rank': 19, 'fitness': 0.4289161497974856, 'generation': 480}","{'id': 26475, 'rank': 20, 'fitness': 0.269665621275441, 'generation': 480}","{'id': 26475, 'rank': 21, 'fitness': 0.269665621275441, 'generation': 480}","{'id': 26558, 'rank': 22, 'fitness': 0.23929663235247478, 'generation': 480}","{'id': 26556, 'rank': 23, 'fitness': 0.23061903100017278, 'generation': 480}","{'id': 26580, 'rank': 24, 'fitness': 0.20821025704205243, 'generation': 480}","{'id': 26455, 'rank': 25, 'fitness': 0.09855682990119091, 'generation': 480}","{'id': 26569, 'rank': 26, 'fitness': 0.06436969392343406, 'generation': 480}","{'id': 26570, 'rank': 27, 'fitness': 0.05496920649483428, 'generation': 480}","{'id': 26570, 'rank': 28, 'fitness': 0.05496920649483428, 'generation': 480}","{'id': 26567, 'rank': 29, 'fitness': 0.04435078922561464, 'generation': 480}","{'id': 26606, 'rank': 30, 'fitness': 0.01798620996209155, 'generation': 480}"
"{'id': 26568, 'rank': 1, 'fitness': 0.9820137900379085, 'generation': 481}","{'id': 26619, 'rank': 2, 'fitness': 0.971193754018824, 'generation': 481}","{'id': 26610, 'rank': 3, 'fitness': 0.9699343352831187, 'generation': 481}","{'id': 26411, 'rank': 4, 'fitness': 0.9224081655705314, 'generation': 481}","{'id': 26638, 'rank': 5, 'fitness': 0.8873784114633199, 'generation': 481}","{'id': 26566, 'rank': 6, 'fitness': 0.8670755011192144, 'generation': 481}","{'id': 26577, 'rank': 7, 'fitness': 0.8545164637707396, 'generation': 481}","{'id': 26645, 'rank': 8, 'fitness': 0.7920487828755735, 'generation': 481}","{'id': 26618, 'rank': 9, 'fitness': 0.7446229950133322, 'generation': 481}","{'id': 26571, 'rank': 10, 'fitness': 0.7289461762616065, 'generation': 481}","{'id': 26571, 'rank': 11, 'fitness': 0.7289461762616065, 'generation': 481}","{'id': 26545, 'rank': 12, 'fitness': 0.6297172222956582, 'generation': 481}","{'id': 26558, 'rank': 13, 'fitness': 0.43568340915950293, 'generation': 481}","{'id': 26558, 'rank': 14, 'fitness': 0.43568340915950293, 'generation': 481}","{'id': 26558, 'rank': 15, 'fitness': 0.43568340915950293, 'generation': 481}","{'id': 26650, 'rank': 16, 'fitness': 0.4296546873613558, 'generation': 481}","{'id': 26651, 'rank': 17, 'fitness': 0.3516622402470808, 'generation': 481}","{'id': 26621, 'rank': 18, 'fitness': 0.2676330711747847, 'generation': 481}","{'id': 26621, 'rank': 19, 'fitness': 0.2676330711747847, 'generation': 481}","{'id': 26659, 'rank': 20, 'fitness': 0.17737608467325516, 'generation': 481}","{'id': 26632, 'rank': 21, 'fitness': 0.16794147846692264, 'generation': 481}","{'id': 26663, 'rank': 22, 'fitness': 0.1448084999078324, 'generation': 481}","{'id': 26567, 'rank': 23, 'fitness': 0.13714480723658623, 'generation': 481}","{'id': 26642, 'rank': 24, 'fitness': 0.12853529229768446, 'generation': 481}","{'id': 26626, 'rank': 25, 'fitness': 0.11600237375734695, 'generation': 481}","{'id': 26666, 'rank': 26, 'fitness': 0.09708814626639067, 'generation': 481}","{'id': 26655, 'rank': 27, 'fitness': 0.0676734147641444, 'generation': 481}","{'id': 26655, 'rank': 28, 'fitness': 0.0676734147641444, 'generation': 481}","{'id': 26625, 'rank': 29, 'fitness': 0.01798620996209155, 'generation': 481}","{'id': 26625, 'rank': 30, 'fitness': 0.01798620996209155, 'generation': 481}"
"{'id': 26619, 'rank': 1, 'fitness': 0.9820137900379085, 'generation': 482}","{'id': 26411, 'rank': 2, 'fitness': 0.9429004548083928, 'generation': 482}","{'id': 26638, 'rank': 3, 'fitness': 0.9115203614856422, 'generation': 482}","{'id': 26685, 'rank': 4, 'fitness': 0.8964394323061609, 'generation': 482}","{'id': 26685, 'rank': 5, 'fitness': 0.8964394323061609, 'generation': 482}","{'id': 26566, 'rank': 6, 'fitness': 0.8924145942673236, 'generation': 482}","{'id': 26566, 'rank': 7, 'fitness': 0.8924145942673236, 'generation': 482}","{'id': 26577, 'rank': 8, 'fitness': 0.8803067563211582, 'generation': 482}","{'id': 26712, 'rank': 9, 'fitness': 0.8146000319609654, 'generation': 482}","{'id': 26686, 'rank': 10, 'fitness': 0.7601736637189074, 'generation': 482}","{'id': 26690, 'rank': 11, 'fitness': 0.674132532879872, 'generation': 482}","{'id': 26693, 'rank': 12, 'fitness': 0.6429247159278616, 'generation': 482}","{'id': 26703, 'rank': 13, 'fitness': 0.5550699085691486, 'generation': 482}","{'id': 26703, 'rank': 14, 'fitness': 0.5550699085691486, 'generation': 482}","{'id': 26691, 'rank': 15, 'fitness': 0.4878853644585527, 'generation': 482}","{'id': 26669, 'rank': 16, 'fitness': 0.4786975340231914, 'generation': 482}","{'id': 26558, 'rank': 17, 'fitness': 0.4176327491937848, 'generation': 482}","{'id': 26558, 'rank': 18, 'fitness': 0.4176327491937848, 'generation': 482}","{'id': 26650, 'rank': 19, 'fitness': 0.410796333949624, 'generation': 482}","{'id': 26711, 'rank': 20, 'fitness': 0.3846713154633803, 'generation': 482}","{'id': 26711, 'rank': 21, 'fitness': 0.3846713154633803, 'generation': 482}","{'id': 26651, 'rank': 22, 'fitness': 0.3235505483181171, 'generation': 482}","{'id': 26698, 'rank': 23, 'fitness': 0.28973413954000327, 'generation': 482}","{'id': 26684, 'rank': 24, 'fitness': 0.11114240818668192, 'generation': 482}","{'id': 26626, 'rank': 25, 'fitness': 0.0858434303423411, 'generation': 482}","{'id': 26705, 'rank': 26, 'fitness': 0.060680764729114545, 'generation': 482}","{'id': 26681, 'rank': 27, 'fitness': 0.058901435848618844, 'generation': 482}","{'id': 26655, 'rank': 28, 'fitness': 0.0454434533819833, 'generation': 482}","{'id': 26719, 'rank': 29, 'fitness': 0.0328864498672119, 'generation': 482}","{'id': 26679, 'rank': 30, 'fitness': 0.01798620996209155, 'generation': 482}"
"{'id': 26619, 'rank': 1, 'fitness': 0.9820137900379085, 'generation': 483}","{'id': 26726, 'rank': 2, 'fitness': 0.9535175649752476, 'generation': 483}","{'id': 26726, 'rank': 3, 'fitness': 0.9535175649752476, 'generation': 483}","{'id': 26726, 'rank': 4, 'fitness': 0.9535175649752476, 'generation': 483}","{'id': 26411, 'rank': 5, 'fitness': 0.9443051317296607, 'generation': 483}","{'id': 26638, 'rank': 6, 'fitness': 0.9144446366784519, 'generation': 483}","{'id': 26685, 'rank': 7, 'fitness': 0.9001532214886225, 'generation': 483}","{'id': 26566, 'rank': 8, 'fitness': 0.8963434747570664, 'generation': 483}","{'id': 26566, 'rank': 9, 'fitness': 0.8963434747570664, 'generation': 483}","{'id': 26712, 'rank': 10, 'fitness': 0.8228539240378301, 'generation': 483}","{'id': 26727, 'rank': 11, 'fitness': 0.8200054288294873, 'generation': 483}","{'id': 26727, 'rank': 12, 'fitness': 0.8200054288294873, 'generation': 483}","{'id': 26690, 'rank': 13, 'fitness': 0.6898001852971183, 'generation': 483}","{'id': 26690, 'rank': 14, 'fitness': 0.6898001852971183, 'generation': 483}","{'id': 26733, 'rank': 15, 'fitness': 0.6714024591619098, 'generation': 483}","{'id': 26728, 'rank': 16, 'fitness': 0.6655583848032516, 'generation': 483}","{'id': 26728, 'rank': 17, 'fitness': 0.6655583848032516, 'generation': 483}","{'id': 26693, 'rank': 18, 'fitness': 0.6600227078629866, 'generation': 483}","{'id': 26773, 'rank': 19, 'fitness': 0.5778957582471954, 'generation': 483}","{'id': 26703, 'rank': 20, 'fitness': 0.5755642741701403, 'generation': 483}","{'id': 26558, 'rank': 21, 'fitness': 0.441059414187741, 'generation': 483}","{'id': 26651, 'rank': 22, 'fitness': 0.3468471156965015, 'generation': 483}","{'id': 26746, 'rank': 23, 'fitness': 0.2552928154653612, 'generation': 483}","{'id': 26737, 'rank': 24, 'fitness': 0.19467004474545446, 'generation': 483}","{'id': 26744, 'rank': 25, 'fitness': 0.16851812885245143, 'generation': 483}","{'id': 26759, 'rank': 26, 'fitness': 0.16611115840158086, 'generation': 483}","{'id': 26735, 'rank': 27, 'fitness': 0.1616291479689987, 'generation': 483}","{'id': 26735, 'rank': 28, 'fitness': 0.1616291479689987, 'generation': 483}","{'id': 26736, 'rank': 29, 'fitness': 0.13568161363864129, 'generation': 483}","{'id': 26741, 'rank': 30, 'fitness': 0.01798620996209155, 'generation': 483}"
"{'id': 26726, 'rank': 1, 'fitness': 0.9820137900379085, 'generation': 484}","{'id': 26726, 'rank': 2, 'fitness': 0.9820137900379085, 'generation': 484}","{'id': 26685, 'rank': 3, 'fitness': 0.9587685266498984, 'generation': 484}","{'id': 26566, 'rank': 4, 'fitness': 0.9570232536021606, 'generation': 484}","{'id': 26566, 'rank': 5, 'fitness': 0.9570232536021606, 'generation': 484}","{'id': 26727, 'rank': 6, 'fitness': 0.9196675342823915, 'generation': 484}","{'id': 26727, 'rank': 7, 'fitness': 0.9196675342823915, 'generation': 484}","{'id': 26832, 'rank': 8, 'fitness': 0.8469138656702848, 'generation': 484}","{'id': 26690, 'rank': 9, 'fitness': 0.8446511561859728, 'generation': 484}","{'id': 26690, 'rank': 10, 'fitness': 0.8446511561859728, 'generation': 484}","{'id': 26690, 'rank': 11, 'fitness': 0.8446511561859728, 'generation': 484}","{'id': 26733, 'rank': 12, 'fitness': 0.8327672363824801, 'generation': 484}","{'id': 26773, 'rank': 13, 'fitness': 0.7666843973637701, 'generation': 484}","{'id': 26820, 'rank': 14, 'fitness': 0.5681582213882924, 'generation': 484}","{'id': 26651, 'rank': 15, 'fitness': 0.5514293466358744, 'generation': 484}","{'id': 26651, 'rank': 16, 'fitness': 0.5514293466358744, 'generation': 484}","{'id': 26818, 'rank': 17, 'fitness': 0.5214836031168141, 'generation': 484}","{'id': 26805, 'rank': 18, 'fitness': 0.43572700425513156, 'generation': 484}","{'id': 26781, 'rank': 19, 'fitness': 0.42833147395870574, 'generation': 484}","{'id': 26821, 'rank': 20, 'fitness': 0.36593292119762855, 'generation': 484}","{'id': 26744, 'rank': 21, 'fitness': 0.311401267319442, 'generation': 484}","{'id': 26802, 'rank': 22, 'fitness': 0.21028317653582124, 'generation': 484}","{'id': 26793, 'rank': 23, 'fitness': 0.19649526280002005, 'generation': 484}","{'id': 26829, 'rank': 24, 'fitness': 0.13861984877337996, 'generation': 484}","{'id': 26815, 'rank': 25, 'fitness': 0.12425558272476733, 'generation': 484}","{'id': 26799, 'rank': 26, 'fitness': 0.08298412697203839, 'generation': 484}","{'id': 26782, 'rank': 27, 'fitness': 0.08245161313667287, 'generation': 484}","{'id': 26824, 'rank': 28, 'fitness': 0.07387433331384591, 'generation': 484}","{'id': 26807, 'rank': 29, 'fitness': 0.07295424917011722, 'generation': 484}","{'id': 26798, 'rank': 30, 'fitness': 0.01798620996209155, 'generation': 484}"
"{'id': 26856, 'rank': 1, 'fitness': 0.9820137900379085, 'generation': 485}","{'id': 26726, 'rank': 2, 'fitness': 0.9609858454232296, 'generation': 485}","{'id': 26566, 'rank': 3, 'fitness': 0.9057835905622431, 'generation': 485}","{'id': 26727, 'rank': 4, 'fitness': 0.8271033351256638, 'generation': 485}","{'id': 26727, 'rank': 5, 'fitness': 0.8271033351256638, 'generation': 485}","{'id': 26727, 'rank': 6, 'fitness': 0.8271033351256638, 'generation': 485}","{'id': 26727, 'rank': 7, 'fitness': 0.8271033351256638, 'generation': 485}","{'id': 26867, 'rank': 8, 'fitness': 0.8238994181990724, 'generation': 485}","{'id': 26832, 'rank': 9, 'fitness': 0.6904700577863369, 'generation': 485}","{'id': 26832, 'rank': 10, 'fitness': 0.6904700577863369, 'generation': 485}","{'id': 26690, 'rank': 11, 'fitness': 0.6865671660572932, 'generation': 485}","{'id': 26733, 'rank': 12, 'fitness': 0.6663949142851529, 'generation': 485}","{'id': 26881, 'rank': 13, 'fitness': 0.5796022913041947, 'generation': 485}","{'id': 26773, 'rank': 14, 'fitness': 0.5636151571014231, 'generation': 485}","{'id': 26861, 'rank': 15, 'fitness': 0.39308969817254613, 'generation': 485}","{'id': 26651, 'rank': 16, 'fitness': 0.31526355813239915, 'generation': 485}","{'id': 26862, 'rank': 17, 'fitness': 0.27980620776278264, 'generation': 485}","{'id': 26889, 'rank': 18, 'fitness': 0.2724200200485271, 'generation': 485}","{'id': 26857, 'rank': 19, 'fitness': 0.2364362250572014, 'generation': 485}","{'id': 26781, 'rank': 20, 'fitness': 0.215003652070834, 'generation': 485}","{'id': 26781, 'rank': 21, 'fitness': 0.215003652070834, 'generation': 485}","{'id': 26781, 'rank': 22, 'fitness': 0.215003652070834, 'generation': 485}","{'id': 26872, 'rank': 23, 'fitness': 0.1591327056951644, 'generation': 485}","{'id': 26872, 'rank': 24, 'fitness': 0.1591327056951644, 'generation': 485}","{'id': 26802, 'rank': 25, 'fitness': 0.08468453758407901, 'generation': 485}","{'id': 26869, 'rank': 26, 'fitness': 0.06465815842009426, 'generation': 485}","{'id': 26799, 'rank': 27, 'fitness': 0.02895755617890894, 'generation': 485}","{'id': 26897, 'rank': 28, 'fitness': 0.027824029247516147, 'generation': 485}","{'id': 26874, 'rank': 29, 'fitness': 0.02683281432166773, 'generation': 485}","{'id': 26877, 'rank': 30, 'fitness': 0.01798620996209155, 'generation': 485}"
"{'id': 26921, 'rank': 1, 'fitness': 0.9820137900379085, 'generation': 486}","{'id': 26726, 'rank': 2, 'fitness': 0.9698761100268511, 'generation': 486}","{'id': 26726, 'rank': 3, 'fitness': 0.9698761100268511, 'generation': 486}","{'id': 26727, 'rank': 4, 'fitness': 0.8566288690514889, 'generation': 486}","{'id': 26727, 'rank': 5, 'fitness': 0.8566288690514889, 'generation': 486}","{'id': 26727, 'rank': 6, 'fitness': 0.8566288690514889, 'generation': 486}","{'id': 26913, 'rank': 7, 'fitness': 0.8288221240227451, 'generation': 486}","{'id': 26902, 'rank': 8, 'fitness': 0.8098955974680985, 'generation': 486}","{'id': 26941, 'rank': 9, 'fitness': 0.8001548369796321, 'generation': 486}","{'id': 26946, 'rank': 10, 'fitness': 0.7696214344590855, 'generation': 486}","{'id': 26832, 'rank': 11, 'fitness': 0.7317416451331702, 'generation': 486}","{'id': 26832, 'rank': 12, 'fitness': 0.7317416451331702, 'generation': 486}","{'id': 26832, 'rank': 13, 'fitness': 0.7317416451331702, 'generation': 486}","{'id': 26832, 'rank': 14, 'fitness': 0.7317416451331702, 'generation': 486}","{'id': 26733, 'rank': 15, 'fitness': 0.7088942952479722, 'generation': 486}","{'id': 26881, 'rank': 16, 'fitness': 0.6245593514345102, 'generation': 486}","{'id': 26914, 'rank': 17, 'fitness': 0.6155655282257135, 'generation': 486}","{'id': 26773, 'rank': 18, 'fitness': 0.6086973847225412, 'generation': 486}","{'id': 26925, 'rank': 19, 'fitness': 0.5149436960223586, 'generation': 486}","{'id': 26925, 'rank': 20, 'fitness': 0.5149436960223586, 'generation': 486}","{'id': 26916, 'rank': 21, 'fitness': 0.4087764311187589, 'generation': 486}","{'id': 26781, 'rank': 22, 'fitness': 0.24011066796251307, 'generation': 486}","{'id': 26917, 'rank': 23, 'fitness': 0.16731819218038751, 'generation': 486}","{'id': 26934, 'rank': 24, 'fitness': 0.15643954524089143, 'generation': 486}","{'id': 26920, 'rank': 25, 'fitness': 0.09310356117467156, 'generation': 486}","{'id': 26906, 'rank': 26, 'fitness': 0.08167093554520483, 'generation': 486}","{'id': 26931, 'rank': 27, 'fitness': 0.03351237280427566, 'generation': 486}","{'id': 26799, 'rank': 28, 'fitness': 0.031336581712797296, 'generation': 486}","{'id': 26897, 'rank': 29, 'fitness': 0.03007952260824609, 'generation': 486}","{'id': 26910, 'rank': 30, 'fitness': 0.01798620996209155, 'generation': 486}"
"{'id': 26964, 'rank': 1, 'fitness': 0.9820137900379085, 'generation': 487}","{'id': 26964, 'rank': 2, 'fitness': 0.9820137900379085, 'generation': 487}","{'id': 26726, 'rank': 3, 'fitness': 0.9682932987656239, 'generation': 487}","{'id': 26955, 'rank': 4, 'fitness': 0.9450941565039632, 'generation': 487}","{'id': 26975, 'rank': 5, 'fitness': 0.9028954334813455, 'generation': 487}","{'id': 26727, 'rank': 6, 'fitness': 0.8292827063368935, 'generation': 487}","{'id': 26727, 'rank': 7, 'fitness': 0.8292827063368935, 'generation': 487}","{'id': 26913, 'rank': 8, 'fitness': 0.7942994979728848, 'generation': 487}","{'id': 26902, 'rank': 9, 'fitness': 0.7705386123502929, 'generation': 487}","{'id': 26946, 'rank': 10, 'fitness': 0.7202979823124127, 'generation': 487}","{'id': 26946, 'rank': 11, 'fitness': 0.7202979823124127, 'generation': 487}","{'id': 26832, 'rank': 12, 'fitness': 0.6736385219954133, 'generation': 487}","{'id': 26832, 'rank': 13, 'fitness': 0.6736385219954133, 'generation': 487}","{'id': 26832, 'rank': 14, 'fitness': 0.6736385219954133, 'generation': 487}","{'id': 26832, 'rank': 15, 'fitness': 0.6736385219954133, 'generation': 487}","{'id': 26967, 'rank': 16, 'fitness': 0.5562431661333763, 'generation': 487}","{'id': 26881, 'rank': 17, 'fitness': 0.5460911307931118, 'generation': 487}","{'id': 26983, 'rank': 18, 'fitness': 0.4768986103211201, 'generation': 487}","{'id': 26983, 'rank': 19, 'fitness': 0.4768986103211201, 'generation': 487}","{'id': 26950, 'rank': 20, 'fitness': 0.4674799045198062, 'generation': 487}","{'id': 26925, 'rank': 21, 'fitness': 0.4242433489260905, 'generation': 487}","{'id': 26971, 'rank': 22, 'fitness': 0.2199317334697673, 'generation': 487}","{'id': 26958, 'rank': 23, 'fitness': 0.1676562291455428, 'generation': 487}","{'id': 26961, 'rank': 24, 'fitness': 0.16335960342060696, 'generation': 487}","{'id': 26954, 'rank': 25, 'fitness': 0.15276157738687623, 'generation': 487}","{'id': 26972, 'rank': 26, 'fitness': 0.12154865527424252, 'generation': 487}","{'id': 27000, 'rank': 27, 'fitness': 0.10091584134068776, 'generation': 487}","{'id': 26906, 'rank': 28, 'fitness': 0.046886399809525414, 'generation': 487}","{'id': 26957, 'rank': 29, 'fitness': 0.030513582490271918, 'generation': 487}","{'id': 26987, 'rank': 30, 'fitness': 0.01798620996209155, 'generation': 487}"
"{'id': 27006, 'rank': 1, 'fitness': 0.9820137900379085, 'generation': 488}","{'id': 27006, 'rank': 2, 'fitness': 0.9820137900379085, 'generation': 488}","{'id': 26975, 'rank': 3, 'fitness': 0.9060486361699974, 'generation': 488}","{'id': 27058, 'rank': 4, 'fitness': 0.8455236759453083, 'generation': 488}","{'id': 26902, 'rank': 5, 'fitness': 0.8228390983671221, 'generation': 488}","{'id': 27024, 'rank': 6, 'fitness': 0.8049823807899494, 'generation': 488}","{'id': 26946, 'rank': 7, 'fitness': 0.7933605173556801, 'generation': 488}","{'id': 26946, 'rank': 8, 'fitness': 0.7933605173556801, 'generation': 488}","{'id': 26832, 'rank': 9, 'fitness': 0.7661293461155749, 'generation': 488}","{'id': 26832, 'rank': 10, 'fitness': 0.7661293461155749, 'generation': 488}","{'id': 26832, 'rank': 11, 'fitness': 0.7661293461155749, 'generation': 488}","{'id': 26832, 'rank': 12, 'fitness': 0.7661293461155749, 'generation': 488}","{'id': 27067, 'rank': 13, 'fitness': 0.7643856874585488, 'generation': 488}","{'id': 27034, 'rank': 14, 'fitness': 0.7086158077137378, 'generation': 488}","{'id': 26967, 'rank': 15, 'fitness': 0.6960987421725456, 'generation': 488}","{'id': 26983, 'rank': 16, 'fitness': 0.6457428810903152, 'generation': 488}","{'id': 26983, 'rank': 17, 'fitness': 0.6457428810903152, 'generation': 488}","{'id': 26983, 'rank': 18, 'fitness': 0.6457428810903152, 'generation': 488}","{'id': 27050, 'rank': 19, 'fitness': 0.5472560561876236, 'generation': 488}","{'id': 27050, 'rank': 20, 'fitness': 0.5472560561876236, 'generation': 488}","{'id': 27020, 'rank': 21, 'fitness': 0.4450884141321098, 'generation': 488}","{'id': 27061, 'rank': 22, 'fitness': 0.283410314287455, 'generation': 488}","{'id': 27007, 'rank': 23, 'fitness': 0.2777095568089729, 'generation': 488}","{'id': 27055, 'rank': 24, 'fitness': 0.2618933106193779, 'generation': 488}","{'id': 27028, 'rank': 25, 'fitness': 0.12251721870068283, 'generation': 488}","{'id': 27019, 'rank': 26, 'fitness': 0.07628751384249255, 'generation': 488}","{'id': 27033, 'rank': 27, 'fitness': 0.07024743295660513, 'generation': 488}","{'id': 27047, 'rank': 28, 'fitness': 0.0268283262215418, 'generation': 488}","{'id': 27039, 'rank': 29, 'fitness': 0.022042838767846518, 'generation': 488}","{'id': 27041, 'rank': 30, 'fitness': 0.01798620996209155, 'generation': 488}"
"{'id': 27006, 'rank': 1, 'fitness': 0.9820137900379085, 'generation': 489}","{'id': 27006, 'rank': 2, 'fitness': 0.9820137900379085, 'generation': 489}","{'id': 27006, 'rank': 3, 'fitness': 0.9820137900379085, 'generation': 489}","{'id': 26902, 'rank': 4, 'fitness': 0.7737640792512624, 'generation': 489}","{'id': 26902, 'rank': 5, 'fitness': 0.7737640792512624, 'generation': 489}","{'id': 27024, 'rank': 6, 'fitness': 0.7497101908647731, 'generation': 489}","{'id': 27024, 'rank': 7, 'fitness': 0.7497101908647731, 'generation': 489}","{'id': 26946, 'rank': 8, 'fitness': 0.7341233879222563, 'generation': 489}","{'id': 26946, 'rank': 9, 'fitness': 0.7341233879222563, 'generation': 489}","{'id': 26832, 'rank': 10, 'fitness': 0.6978785326360484, 'generation': 489}","{'id': 27067, 'rank': 11, 'fitness': 0.6955728739844993, 'generation': 489}","{'id': 26983, 'rank': 12, 'fitness': 0.5444367868997807, 'generation': 489}","{'id': 26983, 'rank': 13, 'fitness': 0.5444367868997807, 'generation': 489}","{'id': 27086, 'rank': 14, 'fitness': 0.42200174240420196, 'generation': 489}","{'id': 27086, 'rank': 15, 'fitness': 0.42200174240420196, 'generation': 489}","{'id': 27118, 'rank': 16, 'fitness': 0.3543134040547043, 'generation': 489}","{'id': 27118, 'rank': 17, 'fitness': 0.3543134040547043, 'generation': 489}","{'id': 27076, 'rank': 18, 'fitness': 0.35408201743024414, 'generation': 489}","{'id': 27020, 'rank': 19, 'fitness': 0.32199096808817373, 'generation': 489}","{'id': 27081, 'rank': 20, 'fitness': 0.2054797958174499, 'generation': 489}","{'id': 27061, 'rank': 21, 'fitness': 0.1766061807539785, 'generation': 489}","{'id': 27107, 'rank': 22, 'fitness': 0.13481082474158462, 'generation': 489}","{'id': 27090, 'rank': 23, 'fitness': 0.10436451177065487, 'generation': 489}","{'id': 27071, 'rank': 24, 'fitness': 0.0889608946521171, 'generation': 489}","{'id': 27083, 'rank': 25, 'fitness': 0.08199589944848074, 'generation': 489}","{'id': 27069, 'rank': 26, 'fitness': 0.0804170496648342, 'generation': 489}","{'id': 27115, 'rank': 27, 'fitness': 0.07478016611215066, 'generation': 489}","{'id': 27028, 'rank': 28, 'fitness': 0.062385550123148226, 'generation': 489}","{'id': 27078, 'rank': 29, 'fitness': 0.024260103370217057, 'generation': 489}","{'id': 27068, 'rank': 30, 'fitness': 0.01798620996209155, 'generation': 489}"
"{'id': 27006, 'rank': 1, 'fitness': 0.9820137900379085, 'generation': 490}","{'id': 27006, 'rank': 2, 'fitness': 0.9820137900379085, 'generation': 490}","{'id': 27006, 'rank': 3, 'fitness': 0.9820137900379085, 'generation': 490}","{'id': 27140, 'rank': 4, 'fitness': 0.9601704610647814, 'generation': 490}","{'id': 27160, 'rank': 5, 'fitness': 0.8986529739474088, 'generation': 490}","{'id': 27169, 'rank': 6, 'fitness': 0.8416356182164533, 'generation': 490}","{'id': 27149, 'rank': 7, 'fitness': 0.7881842067936553, 'generation': 490}","{'id': 26902, 'rank': 8, 'fitness': 0.6453098955050365, 'generation': 490}","{'id': 27024, 'rank': 9, 'fitness': 0.6072214519243977, 'generation': 490}","{'id': 27024, 'rank': 10, 'fitness': 0.6072214519243977, 'generation': 490}","{'id': 26946, 'rank': 11, 'fitness': 0.583139161558781, 'generation': 490}","{'id': 26946, 'rank': 12, 'fitness': 0.583139161558781, 'generation': 490}","{'id': 27154, 'rank': 13, 'fitness': 0.4638765089675839, 'generation': 490}","{'id': 27177, 'rank': 14, 'fitness': 0.43674901069753436, 'generation': 490}","{'id': 27155, 'rank': 15, 'fitness': 0.39043075453468346, 'generation': 490}","{'id': 27086, 'rank': 16, 'fitness': 0.21456684462338738, 'generation': 490}","{'id': 27086, 'rank': 17, 'fitness': 0.21456684462338738, 'generation': 490}","{'id': 27076, 'rank': 18, 'fitness': 0.16117747340948063, 'generation': 490}","{'id': 27159, 'rank': 19, 'fitness': 0.1561907080726318, 'generation': 490}","{'id': 27182, 'rank': 20, 'fitness': 0.14550341492790675, 'generation': 490}","{'id': 27020, 'rank': 21, 'fitness': 0.13875365612602986, 'generation': 490}","{'id': 27165, 'rank': 22, 'fitness': 0.127976554576816, 'generation': 490}","{'id': 27181, 'rank': 23, 'fitness': 0.09522194979188242, 'generation': 490}","{'id': 27081, 'rank': 24, 'fitness': 0.07096841119795672, 'generation': 490}","{'id': 27081, 'rank': 25, 'fitness': 0.07096841119795672, 'generation': 490}","{'id': 27107, 'rank': 26, 'fitness': 0.039390675924792784, 'generation': 490}","{'id': 27156, 'rank': 27, 'fitness': 0.03423448762508502, 'generation': 490}","{'id': 27168, 'rank': 28, 'fitness': 0.033015588616257974, 'generation': 490}","{'id': 27069, 'rank': 29, 'fitness': 0.019776918580469816, 'generation': 490}","{'id': 27115, 'rank': 30, 'fitness': 0.01798620996209155, 'generation': 490}"
"{'id': 27006, 'rank': 1, 'fitness': 0.9820137900379085, 'generation': 491}","{'id': 27160, 'rank': 2, 'fitness': 0.9087805698569486, 'generation': 491}","{'id': 27169, 'rank': 3, 'fitness': 0.8605354396160244, 'generation': 491}","{'id': 27169, 'rank': 4, 'fitness': 0.8605354396160244, 'generation': 491}","{'id': 27208, 'rank': 5, 'fitness': 0.8308027963219574, 'generation': 491}","{'id': 27177, 'rank': 6, 'fitness': 0.504571404924833, 'generation': 491}","{'id': 27227, 'rank': 7, 'fitness': 0.342574097149243, 'generation': 491}","{'id': 27223, 'rank': 8, 'fitness': 0.3162262088517943, 'generation': 491}","{'id': 27234, 'rank': 9, 'fitness': 0.3045474886906606, 'generation': 491}","{'id': 27196, 'rank': 10, 'fitness': 0.28717854523879716, 'generation': 491}","{'id': 27196, 'rank': 11, 'fitness': 0.28717854523879716, 'generation': 491}","{'id': 27196, 'rank': 12, 'fitness': 0.28717854523879716, 'generation': 491}","{'id': 27192, 'rank': 13, 'fitness': 0.24967524240551414, 'generation': 491}","{'id': 27231, 'rank': 14, 'fitness': 0.23042272329966373, 'generation': 491}","{'id': 27231, 'rank': 15, 'fitness': 0.23042272329966373, 'generation': 491}","{'id': 27216, 'rank': 16, 'fitness': 0.21807043680709648, 'generation': 491}","{'id': 27076, 'rank': 17, 'fitness': 0.21628816420424696, 'generation': 491}","{'id': 27159, 'rank': 18, 'fitness': 0.21042069722505014, 'generation': 491}","{'id': 27159, 'rank': 19, 'fitness': 0.21042069722505014, 'generation': 491}","{'id': 27020, 'rank': 20, 'fitness': 0.18964389227121398, 'generation': 491}","{'id': 27020, 'rank': 21, 'fitness': 0.18964389227121398, 'generation': 491}","{'id': 27206, 'rank': 22, 'fitness': 0.18752756759318312, 'generation': 491}","{'id': 27224, 'rank': 23, 'fitness': 0.16474486933509536, 'generation': 491}","{'id': 27181, 'rank': 24, 'fitness': 0.13577477588331127, 'generation': 491}","{'id': 27081, 'rank': 25, 'fitness': 0.1042631115874893, 'generation': 491}","{'id': 27194, 'rank': 26, 'fitness': 0.09851160077538051, 'generation': 491}","{'id': 27194, 'rank': 27, 'fitness': 0.09851160077538051, 'generation': 491}","{'id': 27215, 'rank': 28, 'fitness': 0.04235417488369991, 'generation': 491}","{'id': 27220, 'rank': 29, 'fitness': 0.03869195571279138, 'generation': 491}","{'id': 27200, 'rank': 30, 'fitness': 0.01798620996209155, 'generation': 491}"
"{'id': 27238, 'rank': 1, 'fitness': 0.9820137900379085, 'generation': 492}","{'id': 27238, 'rank': 2, 'fitness': 0.9820137900379085, 'generation': 492}","{'id': 27249, 'rank': 3, 'fitness': 0.9655395594231528, 'generation': 492}","{'id': 27006, 'rank': 4, 'fitness': 0.9500033539087398, 'generation': 492}","{'id': 27252, 'rank': 5, 'fitness': 0.9212620789543045, 'generation': 492}","{'id': 27279, 'rank': 6, 'fitness': 0.8189698977148704, 'generation': 492}","{'id': 27248, 'rank': 7, 'fitness': 0.8003109554509256, 'generation': 492}","{'id': 27248, 'rank': 8, 'fitness': 0.8003109554509256, 'generation': 492}","{'id': 27169, 'rank': 9, 'fitness': 0.7775046268540082, 'generation': 492}","{'id': 27169, 'rank': 10, 'fitness': 0.7775046268540082, 'generation': 492}","{'id': 27208, 'rank': 11, 'fitness': 0.7453151424827004, 'generation': 492}","{'id': 27246, 'rank': 12, 'fitness': 0.6897648855098872, 'generation': 492}","{'id': 27280, 'rank': 13, 'fitness': 0.6628725527081616, 'generation': 492}","{'id': 27264, 'rank': 14, 'fitness': 0.5927190520933372, 'generation': 492}","{'id': 27244, 'rank': 15, 'fitness': 0.484016841545108, 'generation': 492}","{'id': 27244, 'rank': 16, 'fitness': 0.484016841545108, 'generation': 492}","{'id': 27271, 'rank': 17, 'fitness': 0.3193962516754166, 'generation': 492}","{'id': 27242, 'rank': 18, 'fitness': 0.3159352687167107, 'generation': 492}","{'id': 27242, 'rank': 19, 'fitness': 0.3159352687167107, 'generation': 492}","{'id': 27242, 'rank': 20, 'fitness': 0.3159352687167107, 'generation': 492}","{'id': 27196, 'rank': 21, 'fitness': 0.2956221343556297, 'generation': 492}","{'id': 27196, 'rank': 22, 'fitness': 0.2956221343556297, 'generation': 492}","{'id': 27245, 'rank': 23, 'fitness': 0.23765211222298688, 'generation': 492}","{'id': 27206, 'rank': 24, 'fitness': 0.2140207332840528, 'generation': 492}","{'id': 27255, 'rank': 25, 'fitness': 0.20228014637715053, 'generation': 492}","{'id': 27255, 'rank': 26, 'fitness': 0.20228014637715053, 'generation': 492}","{'id': 27247, 'rank': 27, 'fitness': 0.13917963294831426, 'generation': 492}","{'id': 27081, 'rank': 28, 'fitness': 0.13793587493829046, 'generation': 492}","{'id': 27220, 'rank': 29, 'fitness': 0.06554008326029281, 'generation': 492}","{'id': 27270, 'rank': 30, 'fitness': 0.01798620996209155, 'generation': 492}"
"{'id': 27249, 'rank': 1, 'fitness': 0.9820137900379085, 'generation': 493}","{'id': 27252, 'rank': 2, 'fitness': 0.9608746990905827, 'generation': 493}","{'id': 27252, 'rank': 3, 'fitness': 0.9608746990905827, 'generation': 493}","{'id': 27305, 'rank': 4, 'fitness': 0.9489741236252189, 'generation': 493}","{'id': 27279, 'rank': 5, 'fitness': 0.9114703465054594, 'generation': 493}","{'id': 27279, 'rank': 6, 'fitness': 0.9114703465054594, 'generation': 493}","{'id': 27248, 'rank': 7, 'fitness': 0.9021096525661969, 'generation': 493}","{'id': 27248, 'rank': 8, 'fitness': 0.9021096525661969, 'generation': 493}","{'id': 27169, 'rank': 9, 'fitness': 0.890464877090961, 'generation': 493}","{'id': 27169, 'rank': 10, 'fitness': 0.890464877090961, 'generation': 493}","{'id': 27264, 'rank': 11, 'fitness': 0.7848391959963882, 'generation': 493}","{'id': 27281, 'rank': 12, 'fitness': 0.7400288461445699, 'generation': 493}","{'id': 27244, 'rank': 13, 'fitness': 0.7093652122860048, 'generation': 493}","{'id': 27244, 'rank': 14, 'fitness': 0.7093652122860048, 'generation': 493}","{'id': 27321, 'rank': 15, 'fitness': 0.6754138015082786, 'generation': 493}","{'id': 27331, 'rank': 16, 'fitness': 0.6340106364926039, 'generation': 493}","{'id': 27312, 'rank': 17, 'fitness': 0.5913007491653091, 'generation': 493}","{'id': 27306, 'rank': 18, 'fitness': 0.5874391598821813, 'generation': 493}","{'id': 27306, 'rank': 19, 'fitness': 0.5874391598821813, 'generation': 493}","{'id': 27242, 'rank': 20, 'fitness': 0.5607124004982146, 'generation': 493}","{'id': 27242, 'rank': 21, 'fitness': 0.5607124004982146, 'generation': 493}","{'id': 27196, 'rank': 22, 'fitness': 0.5390412262049833, 'generation': 493}","{'id': 27319, 'rank': 23, 'fitness': 0.487049463408765, 'generation': 493}","{'id': 27319, 'rank': 24, 'fitness': 0.487049463408765, 'generation': 493}","{'id': 27316, 'rank': 25, 'fitness': 0.3865913140260018, 'generation': 493}","{'id': 27327, 'rank': 26, 'fitness': 0.3402728364228125, 'generation': 493}","{'id': 27288, 'rank': 27, 'fitness': 0.2053902973782855, 'generation': 493}","{'id': 27220, 'rank': 28, 'fitness': 0.18538098336624415, 'generation': 493}","{'id': 27286, 'rank': 29, 'fitness': 0.14128047021727141, 'generation': 493}","{'id': 27300, 'rank': 30, 'fitness': 0.01798620996209155, 'generation': 493}"
"{'id': 27305, 'rank': 1, 'fitness': 0.9820137900379085, 'generation': 494}","{'id': 27279, 'rank': 2, 'fitness': 0.9635096752363661, 'generation': 494}","{'id': 27353, 'rank': 3, 'fitness': 0.8735294987611084, 'generation': 494}","{'id': 27281, 'rank': 4, 'fitness': 0.844766562938353, 'generation': 494}","{'id': 27244, 'rank': 5, 'fitness': 0.8183432625235012, 'generation': 494}","{'id': 27244, 'rank': 6, 'fitness': 0.8183432625235012, 'generation': 494}","{'id': 27244, 'rank': 7, 'fitness': 0.8183432625235012, 'generation': 494}","{'id': 27244, 'rank': 8, 'fitness': 0.8183432625235012, 'generation': 494}","{'id': 27244, 'rank': 9, 'fitness': 0.8183432625235012, 'generation': 494}","{'id': 27400, 'rank': 10, 'fitness': 0.8128340305781694, 'generation': 494}","{'id': 27306, 'rank': 11, 'fitness': 0.6991155242416434, 'generation': 494}","{'id': 27242, 'rank': 12, 'fitness': 0.6701288232121233, 'generation': 494}","{'id': 27242, 'rank': 13, 'fitness': 0.6701288232121233, 'generation': 494}","{'id': 27361, 'rank': 14, 'fitness': 0.497982733375036, 'generation': 494}","{'id': 27395, 'rank': 15, 'fitness': 0.4901593516446412, 'generation': 494}","{'id': 27316, 'rank': 16, 'fitness': 0.46052516407666466, 'generation': 494}","{'id': 27352, 'rank': 17, 'fitness': 0.44728215296036117, 'generation': 494}","{'id': 27384, 'rank': 18, 'fitness': 0.43605372392476566, 'generation': 494}","{'id': 27327, 'rank': 19, 'fitness': 0.4002447691640856, 'generation': 494}","{'id': 27349, 'rank': 20, 'fitness': 0.2874507635198964, 'generation': 494}","{'id': 27345, 'rank': 21, 'fitness': 0.24646846457420946, 'generation': 494}","{'id': 27357, 'rank': 22, 'fitness': 0.22021640729784314, 'generation': 494}","{'id': 27348, 'rank': 23, 'fitness': 0.15820122401621795, 'generation': 494}","{'id': 27364, 'rank': 24, 'fitness': 0.15393509420092943, 'generation': 494}","{'id': 27382, 'rank': 25, 'fitness': 0.13991886778303197, 'generation': 494}","{'id': 27382, 'rank': 26, 'fitness': 0.13991886778303197, 'generation': 494}","{'id': 27380, 'rank': 27, 'fitness': 0.06004975423812492, 'generation': 494}","{'id': 27393, 'rank': 28, 'fitness': 0.05746923038468155, 'generation': 494}","{'id': 27394, 'rank': 29, 'fitness': 0.028077880016226686, 'generation': 494}","{'id': 27381, 'rank': 30, 'fitness': 0.01798620996209155, 'generation': 494}"
"{'id': 27305, 'rank': 1, 'fitness': 0.9820137900379085, 'generation': 495}","{'id': 27423, 'rank': 2, 'fitness': 0.9733600157464979, 'generation': 495}","{'id': 27279, 'rank': 3, 'fitness': 0.9628792487186726, 'generation': 495}","{'id': 27419, 'rank': 4, 'fitness': 0.9575948689779726, 'generation': 495}","{'id': 27415, 'rank': 5, 'fitness': 0.9500803321906504, 'generation': 495}","{'id': 27415, 'rank': 6, 'fitness': 0.9500803321906504, 'generation': 495}","{'id': 27422, 'rank': 7, 'fitness': 0.9326955705637212, 'generation': 495}","{'id': 27401, 'rank': 8, 'fitness': 0.8375809945969278, 'generation': 495}","{'id': 27463, 'rank': 9, 'fitness': 0.8231967463476043, 'generation': 495}","{'id': 27244, 'rank': 10, 'fitness': 0.8090873049701501, 'generation': 495}","{'id': 27244, 'rank': 11, 'fitness': 0.8090873049701501, 'generation': 495}","{'id': 27400, 'rank': 12, 'fitness': 0.8032231169263151, 'generation': 495}","{'id': 27430, 'rank': 13, 'fitness': 0.71238873958142, 'generation': 495}","{'id': 27306, 'rank': 14, 'fitness': 0.6826138002709997, 'generation': 495}","{'id': 27440, 'rank': 15, 'fitness': 0.6018258960530747, 'generation': 495}","{'id': 27402, 'rank': 16, 'fitness': 0.4973742328774232, 'generation': 495}","{'id': 27361, 'rank': 17, 'fitness': 0.4734787246179199, 'generation': 495}","{'id': 27316, 'rank': 18, 'fitness': 0.4353587608149674, 'generation': 495}","{'id': 27438, 'rank': 19, 'fitness': 0.39761095379102535, 'generation': 495}","{'id': 27453, 'rank': 20, 'fitness': 0.1984035981146947, 'generation': 495}","{'id': 27413, 'rank': 21, 'fitness': 0.16791689811461652, 'generation': 495}","{'id': 27382, 'rank': 22, 'fitness': 0.1236472375729144, 'generation': 495}","{'id': 27446, 'rank': 23, 'fitness': 0.11532417897085112, 'generation': 495}","{'id': 27412, 'rank': 24, 'fitness': 0.11341435767011704, 'generation': 495}","{'id': 27421, 'rank': 25, 'fitness': 0.10808381479745954, 'generation': 495}","{'id': 27450, 'rank': 26, 'fitness': 0.06232296797689174, 'generation': 495}","{'id': 27380, 'rank': 27, 'fitness': 0.051372835153498, 'generation': 495}","{'id': 27457, 'rank': 28, 'fitness': 0.04854487953414005, 'generation': 495}","{'id': 27451, 'rank': 29, 'fitness': 0.018775516409996862, 'generation': 495}","{'id': 27409, 'rank': 30, 'fitness': 0.01798620996209155, 'generation': 495}"
"{'id': 27473, 'rank': 1, 'fitness': 0.9820137900379085, 'generation': 496}","{'id': 27423, 'rank': 2, 'fitness': 0.9526585232702781, 'generation': 496}","{'id': 27423, 'rank': 3, 'fitness': 0.9526585232702781, 'generation': 496}","{'id': 27489, 'rank': 4, 'fitness': 0.9422389306339345, 'generation': 496}","{'id': 27415, 'rank': 5, 'fitness': 0.9117852915578183, 'generation': 496}","{'id': 27422, 'rank': 6, 'fitness': 0.8820020585622816, 'generation': 496}","{'id': 27422, 'rank': 7, 'fitness': 0.8820020585622816, 'generation': 496}","{'id': 27479, 'rank': 8, 'fitness': 0.8783375979075861, 'generation': 496}","{'id': 27401, 'rank': 9, 'fitness': 0.7314023331272544, 'generation': 496}","{'id': 27401, 'rank': 10, 'fitness': 0.7314023331272544, 'generation': 496}","{'id': 27476, 'rank': 11, 'fitness': 0.7234010320346681, 'generation': 496}","{'id': 27504, 'rank': 12, 'fitness': 0.6938452305384754, 'generation': 496}","{'id': 27504, 'rank': 13, 'fitness': 0.6938452305384754, 'generation': 496}","{'id': 27490, 'rank': 14, 'fitness': 0.662941459571801, 'generation': 496}","{'id': 27490, 'rank': 15, 'fitness': 0.662941459571801, 'generation': 496}","{'id': 27465, 'rank': 16, 'fitness': 0.5729518162955135, 'generation': 496}","{'id': 27484, 'rank': 17, 'fitness': 0.3374098275280439, 'generation': 496}","{'id': 27511, 'rank': 18, 'fitness': 0.3288131148800837, 'generation': 496}","{'id': 27438, 'rank': 19, 'fitness': 0.25006975436001655, 'generation': 496}","{'id': 27505, 'rank': 20, 'fitness': 0.16240245787724666, 'generation': 496}","{'id': 27488, 'rank': 21, 'fitness': 0.12896831292774458, 'generation': 496}","{'id': 27500, 'rank': 22, 'fitness': 0.1250698448052049, 'generation': 496}","{'id': 27512, 'rank': 23, 'fitness': 0.11831717969103223, 'generation': 496}","{'id': 27495, 'rank': 24, 'fitness': 0.10350720429134519, 'generation': 496}","{'id': 27469, 'rank': 25, 'fitness': 0.09342174784103202, 'generation': 496}","{'id': 27413, 'rank': 26, 'fitness': 0.0903996377185311, 'generation': 496}","{'id': 27477, 'rank': 27, 'fitness': 0.03218075409754517, 'generation': 496}","{'id': 27477, 'rank': 28, 'fitness': 0.03218075409754517, 'generation': 496}","{'id': 27497, 'rank': 29, 'fitness': 0.01940139177905431, 'generation': 496}","{'id': 27507, 'rank': 30, 'fitness': 0.01798620996209155, 'generation': 496}"
"{'id': 27473, 'rank': 1, 'fitness': 0.9820137900379085, 'generation': 497}","{'id': 27539, 'rank': 2, 'fitness': 0.9542779545211237, 'generation': 497}","{'id': 27423, 'rank': 3, 'fitness': 0.946876379696755, 'generation': 497}","{'id': 27423, 'rank': 4, 'fitness': 0.946876379696755, 'generation': 497}","{'id': 27489, 'rank': 5, 'fitness': 0.9337086192499942, 'generation': 497}","{'id': 27489, 'rank': 6, 'fitness': 0.9337086192499942, 'generation': 497}","{'id': 27489, 'rank': 7, 'fitness': 0.9337086192499942, 'generation': 497}","{'id': 27415, 'rank': 8, 'fitness': 0.8941003988975832, 'generation': 497}","{'id': 27422, 'rank': 9, 'fitness': 0.8544362979967437, 'generation': 497}","{'id': 27422, 'rank': 10, 'fitness': 0.8544362979967437, 'generation': 497}","{'id': 27422, 'rank': 11, 'fitness': 0.8544362979967437, 'generation': 497}","{'id': 27535, 'rank': 12, 'fitness': 0.7806648658614719, 'generation': 497}","{'id': 27537, 'rank': 13, 'fitness': 0.596682088910604, 'generation': 497}","{'id': 27545, 'rank': 14, 'fitness': 0.5824163533113802, 'generation': 497}","{'id': 27545, 'rank': 15, 'fitness': 0.5824163533113802, 'generation': 497}","{'id': 27549, 'rank': 16, 'fitness': 0.5198691119381255, 'generation': 497}","{'id': 27465, 'rank': 17, 'fitness': 0.4609369013438608, 'generation': 497}","{'id': 27516, 'rank': 18, 'fitness': 0.39653664899237195, 'generation': 497}","{'id': 27536, 'rank': 19, 'fitness': 0.35542713576543705, 'generation': 497}","{'id': 27484, 'rank': 20, 'fitness': 0.22389895634814383, 'generation': 497}","{'id': 27484, 'rank': 21, 'fitness': 0.22389895634814383, 'generation': 497}","{'id': 27511, 'rank': 22, 'fitness': 0.21644724977160362, 'generation': 497}","{'id': 27505, 'rank': 23, 'fitness': 0.08898766625761723, 'generation': 497}","{'id': 27556, 'rank': 24, 'fitness': 0.062458223636253585, 'generation': 497}","{'id': 27540, 'rank': 25, 'fitness': 0.04656104299723235, 'generation': 497}","{'id': 27540, 'rank': 26, 'fitness': 0.04656104299723235, 'generation': 497}","{'id': 27469, 'rank': 27, 'fitness': 0.04587026138381739, 'generation': 497}","{'id': 27533, 'rank': 28, 'fitness': 0.0380317513192025, 'generation': 497}","{'id': 27559, 'rank': 29, 'fitness': 0.03414451798250173, 'generation': 497}","{'id': 27548, 'rank': 30, 'fitness': 0.01798620996209155, 'generation': 497}"
"{'id': 27423, 'rank': 1, 'fitness': 0.9820137900379085, 'generation': 498}","{'id': 27423, 'rank': 2, 'fitness': 0.9820137900379085, 'generation': 498}","{'id': 27489, 'rank': 3, 'fitness': 0.9771662588217813, 'generation': 498}","{'id': 27489, 'rank': 4, 'fitness': 0.9771662588217813, 'generation': 498}","{'id': 27624, 'rank': 5, 'fitness': 0.977151585603433, 'generation': 498}","{'id': 27415, 'rank': 6, 'fitness': 0.9618357837225613, 'generation': 498}","{'id': 27422, 'rank': 7, 'fitness': 0.9453641231759569, 'generation': 498}","{'id': 27422, 'rank': 8, 'fitness': 0.9453641231759569, 'generation': 498}","{'id': 27422, 'rank': 9, 'fitness': 0.9453641231759569, 'generation': 498}","{'id': 27422, 'rank': 10, 'fitness': 0.9453641231759569, 'generation': 498}","{'id': 27535, 'rank': 11, 'fitness': 0.9115976083050672, 'generation': 498}","{'id': 27618, 'rank': 12, 'fitness': 0.8488115690707729, 'generation': 498}","{'id': 27618, 'rank': 13, 'fitness': 0.8488115690707729, 'generation': 498}","{'id': 27568, 'rank': 14, 'fitness': 0.8486809949199086, 'generation': 498}","{'id': 27537, 'rank': 15, 'fitness': 0.806130751292424, 'generation': 498}","{'id': 27545, 'rank': 16, 'fitness': 0.7964195599331713, 'generation': 498}","{'id': 27536, 'rank': 17, 'fitness': 0.5996514835065059, 'generation': 498}","{'id': 27569, 'rank': 18, 'fitness': 0.5553822362505095, 'generation': 498}","{'id': 27579, 'rank': 19, 'fitness': 0.49544444349231936, 'generation': 498}","{'id': 27484, 'rank': 20, 'fitness': 0.43383906273134704, 'generation': 498}","{'id': 27572, 'rank': 21, 'fitness': 0.41667466172223455, 'generation': 498}","{'id': 27505, 'rank': 22, 'fitness': 0.19994821975583976, 'generation': 498}","{'id': 27589, 'rank': 23, 'fitness': 0.18746551182836385, 'generation': 498}","{'id': 27603, 'rank': 24, 'fitness': 0.13626899550609273, 'generation': 498}","{'id': 27540, 'rank': 25, 'fitness': 0.10872425224290339, 'generation': 498}","{'id': 27586, 'rank': 26, 'fitness': 0.09733459409250533, 'generation': 498}","{'id': 27575, 'rank': 27, 'fitness': 0.036727824805493414, 'generation': 498}","{'id': 27571, 'rank': 28, 'fitness': 0.03481078071837046, 'generation': 498}","{'id': 27614, 'rank': 29, 'fitness': 0.023888094787494707, 'generation': 498}","{'id': 27597, 'rank': 30, 'fitness': 0.01798620996209155, 'generation': 498}"
"{'id': 27489, 'rank': 1, 'fitness': 0.9820137900379085, 'generation': 499}","{'id': 27489, 'rank': 2, 'fitness': 0.9820137900379085, 'generation': 499}","{'id': 27422, 'rank': 3, 'fitness': 0.9576591405863062, 'generation': 499}","{'id': 27422, 'rank': 4, 'fitness': 0.9576591405863062, 'generation': 499}","{'id': 27669, 'rank': 5, 'fitness': 0.948261945187358, 'generation': 499}","{'id': 27665, 'rank': 6, 'fitness': 0.9360566564119549, 'generation': 499}","{'id': 27618, 'rank': 7, 'fitness': 0.883226616234849, 'generation': 499}","{'id': 27537, 'rank': 8, 'fitness': 0.8495592042483405, 'generation': 499}","{'id': 27631, 'rank': 9, 'fitness': 0.6411853720263505, 'generation': 499}","{'id': 27579, 'rank': 10, 'fitness': 0.5809215680396179, 'generation': 499}","{'id': 27647, 'rank': 11, 'fitness': 0.5401295944414372, 'generation': 499}","{'id': 27641, 'rank': 12, 'fitness': 0.504562904107451, 'generation': 499}","{'id': 27672, 'rank': 13, 'fitness': 0.4776397589987711, 'generation': 499}","{'id': 27674, 'rank': 14, 'fitness': 0.30225873466793696, 'generation': 499}","{'id': 27691, 'rank': 15, 'fitness': 0.27816239261701686, 'generation': 499}","{'id': 27636, 'rank': 16, 'fitness': 0.2617691113142404, 'generation': 499}","{'id': 27635, 'rank': 17, 'fitness': 0.20674589411910738, 'generation': 499}","{'id': 27629, 'rank': 18, 'fitness': 0.18567124686275405, 'generation': 499}","{'id': 27540, 'rank': 19, 'fitness': 0.1540551729215126, 'generation': 499}","{'id': 27639, 'rank': 20, 'fitness': 0.13889070927059438, 'generation': 499}","{'id': 27677, 'rank': 21, 'fitness': 0.07842639195035206, 'generation': 499}","{'id': 27662, 'rank': 22, 'fitness': 0.07352808440026609, 'generation': 499}","{'id': 27632, 'rank': 23, 'fitness': 0.06492634394624236, 'generation': 499}","{'id': 27668, 'rank': 24, 'fitness': 0.0625379528817448, 'generation': 499}","{'id': 27657, 'rank': 25, 'fitness': 0.05294658841064043, 'generation': 499}","{'id': 27571, 'rank': 26, 'fitness': 0.0526984252432382, 'generation': 499}","{'id': 27628, 'rank': 27, 'fitness': 0.043832578436159564, 'generation': 499}","{'id': 27683, 'rank': 28, 'fitness': 0.03099416372354974, 'generation': 499}","{'id': 27667, 'rank': 29, 'fitness': 0.029330586831958716, 'generation': 499}","{'id': 27649, 'rank': 30, 'fitness': 0.01798620996209155, 'generation': 499}"
"{'id': 27708, 'rank': 1, 'fitness': 0.9820137900379085, 'generation': 500}","{'id': 27669, 'rank': 2, 'fitness': 0.9537005259441225, 'generation': 500}","{'id': 27665, 'rank': 3, 'fitness': 0.9436133396354174, 'generation': 500}","{'id': 27700, 'rank': 4, 'fitness': 0.9121430975831346, 'generation': 500}","{'id': 27700, 'rank': 5, 'fitness': 0.9121430975831346, 'generation': 500}","{'id': 27618, 'rank': 6, 'fitness': 0.9008911767920156, 'generation': 500}","{'id': 27739, 'rank': 7, 'fitness': 0.8666744916340551, 'generation': 500}","{'id': 27707, 'rank': 8, 'fitness': 0.8496675177633223, 'generation': 500}","{'id': 27696, 'rank': 9, 'fitness': 0.8036796174653209, 'generation': 500}","{'id': 27699, 'rank': 10, 'fitness': 0.6640624930356982, 'generation': 500}","{'id': 27736, 'rank': 11, 'fitness': 0.660998216736302, 'generation': 500}","{'id': 27579, 'rank': 12, 'fitness': 0.654503207780589, 'generation': 500}","{'id': 27744, 'rank': 13, 'fitness': 0.6291166882696649, 'generation': 500}","{'id': 27744, 'rank': 14, 'fitness': 0.6291166882696649, 'generation': 500}","{'id': 27721, 'rank': 15, 'fitness': 0.472618653880795, 'generation': 500}","{'id': 27743, 'rank': 16, 'fitness': 0.4629370161107443, 'generation': 500}","{'id': 27674, 'rank': 17, 'fitness': 0.39266261777449596, 'generation': 500}","{'id': 27740, 'rank': 18, 'fitness': 0.34729781668770454, 'generation': 500}","{'id': 27732, 'rank': 19, 'fitness': 0.33286239174680954, 'generation': 500}","{'id': 27715, 'rank': 20, 'fitness': 0.3050529156762128, 'generation': 500}","{'id': 27635, 'rank': 21, 'fitness': 0.28787258784628483, 'generation': 500}","{'id': 27709, 'rank': 22, 'fitness': 0.26485651785770037, 'generation': 500}","{'id': 27540, 'rank': 23, 'fitness': 0.22494523032384434, 'generation': 500}","{'id': 27718, 'rank': 24, 'fitness': 0.10096190485835271, 'generation': 500}","{'id': 27725, 'rank': 25, 'fitness': 0.08248096787281028, 'generation': 500}","{'id': 27712, 'rank': 26, 'fitness': 0.07450474819436975, 'generation': 500}","{'id': 27703, 'rank': 27, 'fitness': 0.05924182961275659, 'generation': 500}","{'id': 27649, 'rank': 28, 'fitness': 0.03357027100936388, 'generation': 500}","{'id': 27698, 'rank': 29, 'fitness': 0.02154404051194686, 'generation': 500}","{'id': 27724, 'rank': 30, 'fitness': 0.01798620996209155, 'generation': 500}"
"{'id': 27792, 'rank': 1, 'fitness': 0.9820137900379085, 'generation': 501}","{'id': 27792, 'rank': 2, 'fitness': 0.9820137900379085, 'generation': 501}","{'id': 27792, 'rank': 3, 'fitness': 0.9820137900379085, 'generation': 501}","{'id': 27784, 'rank': 4, 'fitness': 0.9773681052789602, 'generation': 501}","{'id': 27708, 'rank': 5, 'fitness': 0.9305929811034563, 'generation': 501}","{'id': 27777, 'rank': 6, 'fitness': 0.885353473339538, 'generation': 501}","{'id': 27777, 'rank': 7, 'fitness': 0.885353473339538, 'generation': 501}","{'id': 27700, 'rank': 8, 'fitness': 0.8003437502747797, 'generation': 501}","{'id': 27700, 'rank': 9, 'fitness': 0.8003437502747797, 'generation': 501}","{'id': 27618, 'rank': 10, 'fitness': 0.7844448593119249, 'generation': 501}","{'id': 27707, 'rank': 11, 'fitness': 0.7203361072071942, 'generation': 501}","{'id': 27754, 'rank': 12, 'fitness': 0.639892854347159, 'generation': 501}","{'id': 27758, 'rank': 13, 'fitness': 0.6152206023215544, 'generation': 501}","{'id': 27790, 'rank': 14, 'fitness': 0.5441574498514342, 'generation': 501}","{'id': 27579, 'rank': 15, 'fitness': 0.5376850721189301, 'generation': 501}","{'id': 27721, 'rank': 16, 'fitness': 0.4028897211924513, 'generation': 501}","{'id': 27743, 'rank': 17, 'fitness': 0.3961037363361417, 'generation': 501}","{'id': 27797, 'rank': 18, 'fitness': 0.3601952577980256, 'generation': 501}","{'id': 27797, 'rank': 19, 'fitness': 0.3601952577980256, 'generation': 501}","{'id': 27797, 'rank': 20, 'fitness': 0.3601952577980256, 'generation': 501}","{'id': 27764, 'rank': 21, 'fitness': 0.3596529786184551, 'generation': 501}","{'id': 27674, 'rank': 22, 'fitness': 0.34730013985813857, 'generation': 501}","{'id': 27674, 'rank': 23, 'fitness': 0.34730013985813857, 'generation': 501}","{'id': 27799, 'rank': 24, 'fitness': 0.275635979998314, 'generation': 501}","{'id': 27635, 'rank': 25, 'fitness': 0.2743804504186611, 'generation': 501}","{'id': 27788, 'rank': 26, 'fitness': 0.21622730271931034, 'generation': 501}","{'id': 27774, 'rank': 27, 'fitness': 0.20766645713927423, 'generation': 501}","{'id': 27751, 'rank': 28, 'fitness': 0.15745550987909712, 'generation': 501}","{'id': 27773, 'rank': 29, 'fitness': 0.11690902321750507, 'generation': 501}","{'id': 27795, 'rank': 30, 'fitness': 0.01798620996209155, 'generation': 501}"
"{'id': 27792, 'rank': 1, 'fitness': 0.9820137900379085, 'generation': 502}","{'id': 27792, 'rank': 2, 'fitness': 0.9820137900379085, 'generation': 502}","{'id': 27792, 'rank': 3, 'fitness': 0.9820137900379085, 'generation': 502}","{'id': 27792, 'rank': 4, 'fitness': 0.9820137900379085, 'generation': 502}","{'id': 27784, 'rank': 5, 'fitness': 0.9756078366475085, 'generation': 502}","{'id': 27708, 'rank': 6, 'fitness': 0.8944031910341337, 'generation': 502}","{'id': 27708, 'rank': 7, 'fitness': 0.8944031910341337, 'generation': 502}","{'id': 27857, 'rank': 8, 'fitness': 0.7883932005376755, 'generation': 502}","{'id': 27830, 'rank': 9, 'fitness': 0.7783007397552142, 'generation': 502}","{'id': 27618, 'rank': 10, 'fitness': 0.6001016604058406, 'generation': 502}","{'id': 27618, 'rank': 11, 'fitness': 0.6001016604058406, 'generation': 502}","{'id': 27821, 'rank': 12, 'fitness': 0.4241539856713729, 'generation': 502}","{'id': 27754, 'rank': 13, 'fitness': 0.3669187948974688, 'generation': 502}","{'id': 27758, 'rank': 14, 'fitness': 0.33501599213946864, 'generation': 502}","{'id': 27859, 'rank': 15, 'fitness': 0.3065518979745983, 'generation': 502}","{'id': 27859, 'rank': 16, 'fitness': 0.3065518979745983, 'generation': 502}","{'id': 27836, 'rank': 17, 'fitness': 0.2348725551850258, 'generation': 502}","{'id': 27836, 'rank': 18, 'fitness': 0.2348725551850258, 'generation': 502}","{'id': 27824, 'rank': 19, 'fitness': 0.22080262614134816, 'generation': 502}","{'id': 27812, 'rank': 20, 'fitness': 0.215961806371207, 'generation': 502}","{'id': 27848, 'rank': 21, 'fitness': 0.12076091196719296, 'generation': 502}","{'id': 27810, 'rank': 22, 'fitness': 0.11178876229099183, 'generation': 502}","{'id': 27764, 'rank': 23, 'fitness': 0.11165225653862676, 'generation': 502}","{'id': 27674, 'rank': 24, 'fitness': 0.1047324359611484, 'generation': 502}","{'id': 27674, 'rank': 25, 'fitness': 0.1047324359611484, 'generation': 502}","{'id': 27851, 'rank': 26, 'fitness': 0.10301902317804557, 'generation': 502}","{'id': 27817, 'rank': 27, 'fitness': 0.0914589559018184, 'generation': 502}","{'id': 27822, 'rank': 28, 'fitness': 0.03437795553962497, 'generation': 502}","{'id': 27860, 'rank': 29, 'fitness': 0.018422096887423633, 'generation': 502}","{'id': 27844, 'rank': 30, 'fitness': 0.01798620996209155, 'generation': 502}"
"{'id': 27792, 'rank': 1, 'fitness': 0.9820137900379085, 'generation': 503}","{'id': 27792, 'rank': 2, 'fitness': 0.9820137900379085, 'generation': 503}","{'id': 27792, 'rank': 3, 'fitness': 0.9820137900379085, 'generation': 503}","{'id': 27784, 'rank': 4, 'fitness': 0.9772021755237199, 'generation': 503}","{'id': 27784, 'rank': 5, 'fitness': 0.9772021755237199, 'generation': 503}","{'id': 27784, 'rank': 6, 'fitness': 0.9772021755237199, 'generation': 503}","{'id': 27876, 'rank': 7, 'fitness': 0.9348214593918622, 'generation': 503}","{'id': 27708, 'rank': 8, 'fitness': 0.9276457290527531, 'generation': 503}","{'id': 27857, 'rank': 9, 'fitness': 0.8713010284058098, 'generation': 503}","{'id': 27857, 'rank': 10, 'fitness': 0.8713010284058098, 'generation': 503}","{'id': 27830, 'rank': 11, 'fitness': 0.8660256877702035, 'generation': 503}","{'id': 27892, 'rank': 12, 'fitness': 0.8627139985692611, 'generation': 503}","{'id': 27910, 'rank': 13, 'fitness': 0.8129251237411257, 'generation': 503}","{'id': 27910, 'rank': 14, 'fitness': 0.8129251237411257, 'generation': 503}","{'id': 27898, 'rank': 15, 'fitness': 0.7451168660644127, 'generation': 503}","{'id': 27881, 'rank': 16, 'fitness': 0.7225591721417726, 'generation': 503}","{'id': 27754, 'rank': 17, 'fitness': 0.6143707418140893, 'generation': 503}","{'id': 27886, 'rank': 18, 'fitness': 0.589811309497279, 'generation': 503}","{'id': 27883, 'rank': 19, 'fitness': 0.5824055763913504, 'generation': 503}","{'id': 27883, 'rank': 20, 'fitness': 0.5824055763913504, 'generation': 503}","{'id': 27836, 'rank': 21, 'fitness': 0.4928912471481578, 'generation': 503}","{'id': 27893, 'rank': 22, 'fitness': 0.3326560517861218, 'generation': 503}","{'id': 27810, 'rank': 23, 'fitness': 0.3270206288863157, 'generation': 503}","{'id': 27674, 'rank': 24, 'fitness': 0.3146343208087172, 'generation': 503}","{'id': 27864, 'rank': 25, 'fitness': 0.29321932665841755, 'generation': 503}","{'id': 27817, 'rank': 26, 'fitness': 0.2900057675440607, 'generation': 503}","{'id': 27822, 'rank': 27, 'fitness': 0.1540038440907805, 'generation': 503}","{'id': 27869, 'rank': 28, 'fitness': 0.15273436608871288, 'generation': 503}","{'id': 27888, 'rank': 29, 'fitness': 0.10191932259020231, 'generation': 503}","{'id': 27887, 'rank': 30, 'fitness': 0.01798620996209155, 'generation': 503}"
"{'id': 27784, 'rank': 1, 'fitness': 0.9820137900379085, 'generation': 504}","{'id': 27946, 'rank': 2, 'fitness': 0.9269344853951411, 'generation': 504}","{'id': 27946, 'rank': 3, 'fitness': 0.9269344853951411, 'generation': 504}","{'id': 27876, 'rank': 4, 'fitness': 0.9256619378351815, 'generation': 504}","{'id': 27857, 'rank': 5, 'fitness': 0.8188140734732519, 'generation': 504}","{'id': 27857, 'rank': 6, 'fitness': 0.8188140734732519, 'generation': 504}","{'id': 27830, 'rank': 7, 'fitness': 0.8093662061778637, 'generation': 504}","{'id': 27830, 'rank': 8, 'fitness': 0.8093662061778637, 'generation': 504}","{'id': 27951, 'rank': 9, 'fitness': 0.7422186832385316, 'generation': 504}","{'id': 27951, 'rank': 10, 'fitness': 0.7422186832385316, 'generation': 504}","{'id': 27977, 'rank': 11, 'fitness': 0.6189039443511425, 'generation': 504}","{'id': 27950, 'rank': 12, 'fitness': 0.3533889135473775, 'generation': 504}","{'id': 27976, 'rank': 13, 'fitness': 0.2562862551444523, 'generation': 504}","{'id': 27970, 'rank': 14, 'fitness': 0.215993048673229, 'generation': 504}","{'id': 27916, 'rank': 15, 'fitness': 0.1251763949982012, 'generation': 504}","{'id': 27926, 'rank': 16, 'fitness': 0.11656636129378056, 'generation': 504}","{'id': 27674, 'rank': 17, 'fitness': 0.10669946772509903, 'generation': 504}","{'id': 27817, 'rank': 18, 'fitness': 0.09257259502602005, 'generation': 504}","{'id': 27942, 'rank': 19, 'fitness': 0.08989654475461561, 'generation': 504}","{'id': 27975, 'rank': 20, 'fitness': 0.07415704555169761, 'generation': 504}","{'id': 27975, 'rank': 21, 'fitness': 0.07415704555169761, 'generation': 504}","{'id': 27945, 'rank': 22, 'fitness': 0.04748013229508102, 'generation': 504}","{'id': 27968, 'rank': 23, 'fitness': 0.040281014426512995, 'generation': 504}","{'id': 27962, 'rank': 24, 'fitness': 0.03914854939432827, 'generation': 504}","{'id': 27936, 'rank': 25, 'fitness': 0.034843615169957154, 'generation': 504}","{'id': 27949, 'rank': 26, 'fitness': 0.029514653751446462, 'generation': 504}","{'id': 27949, 'rank': 27, 'fitness': 0.029514653751446462, 'generation': 504}","{'id': 27953, 'rank': 28, 'fitness': 0.029001606667991675, 'generation': 504}","{'id': 27974, 'rank': 29, 'fitness': 0.018960779217688295, 'generation': 504}","{'id': 27955, 'rank': 30, 'fitness': 0.01798620996209155, 'generation': 504}"
"{'id': 28023, 'rank': 1, 'fitness': 0.9820137900379085, 'generation': 505}","{'id': 28023, 'rank': 2, 'fitness': 0.9820137900379085, 'generation': 505}","{'id': 27784, 'rank': 3, 'fitness': 0.8544026450753034, 'generation': 505}","{'id': 27946, 'rank': 4, 'fitness': 0.679945759628189, 'generation': 505}","{'id': 27946, 'rank': 5, 'fitness': 0.679945759628189, 'generation': 505}","{'id': 27876, 'rank': 6, 'fitness': 0.6771151845722925, 'generation': 505}","{'id': 27876, 'rank': 7, 'fitness': 0.6771151845722925, 'generation': 505}","{'id': 27992, 'rank': 8, 'fitness': 0.5286868864382755, 'generation': 505}","{'id': 27857, 'rank': 9, 'fitness': 0.5087354689720804, 'generation': 505}","{'id': 27857, 'rank': 10, 'fitness': 0.5087354689720804, 'generation': 505}","{'id': 27857, 'rank': 11, 'fitness': 0.5087354689720804, 'generation': 505}","{'id': 27830, 'rank': 12, 'fitness': 0.49786990449988666, 'generation': 505}","{'id': 27830, 'rank': 13, 'fitness': 0.49786990449988666, 'generation': 505}","{'id': 27830, 'rank': 14, 'fitness': 0.49786990449988666, 'generation': 505}","{'id': 27951, 'rank': 15, 'fitness': 0.4307267516191275, 'generation': 505}","{'id': 28024, 'rank': 16, 'fitness': 0.328757317737132, 'generation': 505}","{'id': 28026, 'rank': 17, 'fitness': 0.32336274231511863, 'generation': 505}","{'id': 27985, 'rank': 18, 'fitness': 0.25489581789071436, 'generation': 505}","{'id': 28009, 'rank': 19, 'fitness': 0.17103446056983923, 'generation': 505}","{'id': 28025, 'rank': 20, 'fitness': 0.15772323509159708, 'generation': 505}","{'id': 28025, 'rank': 21, 'fitness': 0.15772323509159708, 'generation': 505}","{'id': 27970, 'rank': 22, 'fitness': 0.12869119267608786, 'generation': 505}","{'id': 27994, 'rank': 23, 'fitness': 0.1172566036687922, 'generation': 505}","{'id': 27999, 'rank': 24, 'fitness': 0.060556943202546454, 'generation': 505}","{'id': 27975, 'rank': 25, 'fitness': 0.05882361114588658, 'generation': 505}","{'id': 28010, 'rank': 26, 'fitness': 0.04699519949069625, 'generation': 505}","{'id': 28006, 'rank': 27, 'fitness': 0.042543996621119295, 'generation': 505}","{'id': 27962, 'rank': 28, 'fitness': 0.03757377277705082, 'generation': 505}","{'id': 28002, 'rank': 29, 'fitness': 0.03294212013580522, 'generation': 505}","{'id': 28021, 'rank': 30, 'fitness': 0.01798620996209155, 'generation': 505}"
"{'id': 28023, 'rank': 1, 'fitness': 0.9820137900379085, 'generation': 506}","{'id': 28023, 'rank': 2, 'fitness': 0.9820137900379085, 'generation': 506}","{'id': 28070, 'rank': 3, 'fitness': 0.7804098757341773, 'generation': 506}","{'id': 27946, 'rank': 4, 'fitness': 0.69386496580452, 'generation': 506}","{'id': 27946, 'rank': 5, 'fitness': 0.69386496580452, 'generation': 506}","{'id': 27946, 'rank': 6, 'fitness': 0.69386496580452, 'generation': 506}","{'id': 27876, 'rank': 7, 'fitness': 0.6911567992751819, 'generation': 506}","{'id': 27992, 'rank': 8, 'fitness': 0.5479362309574574, 'generation': 506}","{'id': 27857, 'rank': 9, 'fitness': 0.5284694256615519, 'generation': 506}","{'id': 27857, 'rank': 10, 'fitness': 0.5284694256615519, 'generation': 506}","{'id': 27857, 'rank': 11, 'fitness': 0.5284694256615519, 'generation': 506}","{'id': 27830, 'rank': 12, 'fitness': 0.5178428621722422, 'generation': 506}","{'id': 27830, 'rank': 13, 'fitness': 0.5178428621722422, 'generation': 506}","{'id': 28027, 'rank': 14, 'fitness': 0.4397780993672826, 'generation': 506}","{'id': 28032, 'rank': 15, 'fitness': 0.4367745567307446, 'generation': 506}","{'id': 28026, 'rank': 16, 'fitness': 0.34436845827208207, 'generation': 506}","{'id': 28028, 'rank': 17, 'fitness': 0.2987169787029518, 'generation': 506}","{'id': 28028, 'rank': 18, 'fitness': 0.2987169787029518, 'generation': 506}","{'id': 28066, 'rank': 19, 'fitness': 0.21858312150602105, 'generation': 506}","{'id': 28036, 'rank': 20, 'fitness': 0.19359514249158932, 'generation': 506}","{'id': 28025, 'rank': 21, 'fitness': 0.17334366667642448, 'generation': 506}","{'id': 28034, 'rank': 22, 'fitness': 0.16637425819484808, 'generation': 506}","{'id': 28077, 'rank': 23, 'fitness': 0.10149562895838604, 'generation': 506}","{'id': 28060, 'rank': 24, 'fitness': 0.0974597277431819, 'generation': 506}","{'id': 28060, 'rank': 25, 'fitness': 0.0974597277431819, 'generation': 506}","{'id': 28039, 'rank': 26, 'fitness': 0.09136119829446476, 'generation': 506}","{'id': 28045, 'rank': 27, 'fitness': 0.0873850010801534, 'generation': 506}","{'id': 28045, 'rank': 28, 'fitness': 0.0873850010801534, 'generation': 506}","{'id': 28010, 'rank': 29, 'fitness': 0.05366594381628054, 'generation': 506}","{'id': 28069, 'rank': 30, 'fitness': 0.01798620996209155, 'generation': 506}"
"{'id': 28023, 'rank': 1, 'fitness': 0.9820137900379085, 'generation': 507}","{'id': 28023, 'rank': 2, 'fitness': 0.9820137900379085, 'generation': 507}","{'id': 28023, 'rank': 3, 'fitness': 0.9820137900379085, 'generation': 507}","{'id': 28085, 'rank': 4, 'fitness': 0.7973857711427318, 'generation': 507}","{'id': 28070, 'rank': 5, 'fitness': 0.7182522240320182, 'generation': 507}","{'id': 27946, 'rank': 6, 'fitness': 0.6061839466404816, 'generation': 507}","{'id': 27946, 'rank': 7, 'fitness': 0.6061839466404816, 'generation': 507}","{'id': 27857, 'rank': 8, 'fitness': 0.4112988525227888, 'generation': 507}","{'id': 27830, 'rank': 9, 'fitness': 0.3997807897749408, 'generation': 507}","{'id': 27830, 'rank': 10, 'fitness': 0.3997807897749408, 'generation': 507}","{'id': 27830, 'rank': 11, 'fitness': 0.3997807897749408, 'generation': 507}","{'id': 28032, 'rank': 12, 'fitness': 0.31612246787851694, 'generation': 507}","{'id': 28032, 'rank': 13, 'fitness': 0.31612246787851694, 'generation': 507}","{'id': 28119, 'rank': 14, 'fitness': 0.27040692284692164, 'generation': 507}","{'id': 28120, 'rank': 15, 'fitness': 0.2550017089840695, 'generation': 507}","{'id': 28026, 'rank': 16, 'fitness': 0.22993865435590494, 'generation': 507}","{'id': 28026, 'rank': 17, 'fitness': 0.22993865435590494, 'generation': 507}","{'id': 28086, 'rank': 18, 'fitness': 0.22446840220160158, 'generation': 507}","{'id': 28105, 'rank': 19, 'fitness': 0.16732551504363313, 'generation': 507}","{'id': 28066, 'rank': 20, 'fitness': 0.12838232968122076, 'generation': 507}","{'id': 28088, 'rank': 21, 'fitness': 0.11287103230032675, 'generation': 507}","{'id': 28025, 'rank': 22, 'fitness': 0.09634129184042706, 'generation': 507}","{'id': 28034, 'rank': 23, 'fitness': 0.09162124365446178, 'generation': 507}","{'id': 28102, 'rank': 24, 'fitness': 0.08339568640241213, 'generation': 507}","{'id': 28115, 'rank': 25, 'fitness': 0.0639861755941491, 'generation': 507}","{'id': 28060, 'rank': 26, 'fitness': 0.048203129159286984, 'generation': 507}","{'id': 28113, 'rank': 27, 'fitness': 0.047362607566685755, 'generation': 507}","{'id': 28081, 'rank': 28, 'fitness': 0.04456340487448929, 'generation': 507}","{'id': 28126, 'rank': 29, 'fitness': 0.039247586895315545, 'generation': 507}","{'id': 28100, 'rank': 30, 'fitness': 0.01798620996209155, 'generation': 507}"
"{'id': 28023, 'rank': 1, 'fitness': 0.9820137900379085, 'generation': 508}","{'id': 28085, 'rank': 2, 'fitness': 0.8171142871374665, 'generation': 508}","{'id': 27946, 'rank': 3, 'fitness': 0.6464501578275428, 'generation': 508}","{'id': 27946, 'rank': 4, 'fitness': 0.6464501578275428, 'generation': 508}","{'id': 28154, 'rank': 5, 'fitness': 0.543310085335869, 'generation': 508}","{'id': 28154, 'rank': 6, 'fitness': 0.543310085335869, 'generation': 508}","{'id': 28146, 'rank': 7, 'fitness': 0.5079888390140217, 'generation': 508}","{'id': 28129, 'rank': 8, 'fitness': 0.4701023844562095, 'generation': 508}","{'id': 27830, 'rank': 9, 'fitness': 0.4517028874407676, 'generation': 508}","{'id': 27830, 'rank': 10, 'fitness': 0.4517028874407676, 'generation': 508}","{'id': 28159, 'rank': 11, 'fitness': 0.4060611765641051, 'generation': 508}","{'id': 28149, 'rank': 12, 'fitness': 0.4015096813639618, 'generation': 508}","{'id': 28149, 'rank': 13, 'fitness': 0.4015096813639618, 'generation': 508}","{'id': 28155, 'rank': 14, 'fitness': 0.3692309448170542, 'generation': 508}","{'id': 28155, 'rank': 15, 'fitness': 0.3692309448170542, 'generation': 508}","{'id': 28032, 'rank': 16, 'fitness': 0.3678524835333006, 'generation': 508}","{'id': 28139, 'rank': 17, 'fitness': 0.36623748197568706, 'generation': 508}","{'id': 28120, 'rank': 18, 'fitness': 0.3041935250191452, 'generation': 508}","{'id': 28167, 'rank': 19, 'fitness': 0.28334676610939796, 'generation': 508}","{'id': 28167, 'rank': 20, 'fitness': 0.28334676610939796, 'generation': 508}","{'id': 28026, 'rank': 21, 'fitness': 0.2774059233156183, 'generation': 508}","{'id': 28026, 'rank': 22, 'fitness': 0.2774059233156183, 'generation': 508}","{'id': 28026, 'rank': 23, 'fitness': 0.2774059233156183, 'generation': 508}","{'id': 28026, 'rank': 24, 'fitness': 0.2774059233156183, 'generation': 508}","{'id': 28086, 'rank': 25, 'fitness': 0.27150132638505325, 'generation': 508}","{'id': 28157, 'rank': 26, 'fitness': 0.23383295848769248, 'generation': 508}","{'id': 28066, 'rank': 27, 'fitness': 0.16383687903836291, 'generation': 508}","{'id': 28145, 'rank': 28, 'fitness': 0.10694474617409205, 'generation': 508}","{'id': 28131, 'rank': 29, 'fitness': 0.03200768474921578, 'generation': 508}","{'id': 28141, 'rank': 30, 'fitness': 0.01798620996209155, 'generation': 508}"
"{'id': 28023, 'rank': 1, 'fitness': 0.9820137900379085, 'generation': 509}","{'id': 28023, 'rank': 2, 'fitness': 0.9820137900379085, 'generation': 509}","{'id': 28085, 'rank': 3, 'fitness': 0.7742689252597631, 'generation': 509}","{'id': 27946, 'rank': 4, 'fitness': 0.5608900359133723, 'generation': 509}","{'id': 27946, 'rank': 5, 'fitness': 0.5608900359133723, 'generation': 509}","{'id': 28154, 'rank': 6, 'fitness': 0.4426508808814672, 'generation': 509}","{'id': 28154, 'rank': 7, 'fitness': 0.4426508808814672, 'generation': 509}","{'id': 28146, 'rank': 8, 'fitness': 0.40441698653471836, 'generation': 509}","{'id': 28146, 'rank': 9, 'fitness': 0.40441698653471836, 'generation': 509}","{'id': 28159, 'rank': 10, 'fitness': 0.3009329397210635, 'generation': 509}","{'id': 28159, 'rank': 11, 'fitness': 0.3009329397210635, 'generation': 509}","{'id': 28149, 'rank': 12, 'fitness': 0.2965539430868406, 'generation': 509}","{'id': 28177, 'rank': 13, 'fitness': 0.2830847196147612, 'generation': 509}","{'id': 28181, 'rank': 14, 'fitness': 0.23960420494915258, 'generation': 509}","{'id': 28120, 'rank': 15, 'fitness': 0.20796847013112058, 'generation': 509}","{'id': 28167, 'rank': 16, 'fitness': 0.1902567509889131, 'generation': 509}","{'id': 28167, 'rank': 17, 'fitness': 0.1902567509889131, 'generation': 509}","{'id': 28026, 'rank': 18, 'fitness': 0.1852918970454489, 'generation': 509}","{'id': 28026, 'rank': 19, 'fitness': 0.1852918970454489, 'generation': 509}","{'id': 28209, 'rank': 20, 'fitness': 0.1501436256911074, 'generation': 509}","{'id': 28157, 'rank': 21, 'fitness': 0.15000599399787906, 'generation': 509}","{'id': 28212, 'rank': 22, 'fitness': 0.10574817895564032, 'generation': 509}","{'id': 28175, 'rank': 23, 'fitness': 0.09390576911868054, 'generation': 509}","{'id': 28175, 'rank': 24, 'fitness': 0.09390576911868054, 'generation': 509}","{'id': 28175, 'rank': 25, 'fitness': 0.09390576911868054, 'generation': 509}","{'id': 28175, 'rank': 26, 'fitness': 0.09390576911868054, 'generation': 509}","{'id': 28145, 'rank': 27, 'fitness': 0.05902826461341132, 'generation': 509}","{'id': 28173, 'rank': 28, 'fitness': 0.05581069904811675, 'generation': 509}","{'id': 28195, 'rank': 29, 'fitness': 0.054534172551537696, 'generation': 509}","{'id': 28193, 'rank': 30, 'fitness': 0.01798620996209155, 'generation': 509}"
"{'id': 28023, 'rank': 1, 'fitness': 0.9820137900379085, 'generation': 510}","{'id': 28023, 'rank': 2, 'fitness': 0.9820137900379085, 'generation': 510}","{'id': 28023, 'rank': 3, 'fitness': 0.9820137900379085, 'generation': 510}","{'id': 28023, 'rank': 4, 'fitness': 0.9820137900379085, 'generation': 510}","{'id': 28023, 'rank': 5, 'fitness': 0.9820137900379085, 'generation': 510}","{'id': 28154, 'rank': 6, 'fitness': 0.3383189980117308, 'generation': 510}","{'id': 28154, 'rank': 7, 'fitness': 0.3383189980117308, 'generation': 510}","{'id': 28154, 'rank': 8, 'fitness': 0.3383189980117308, 'generation': 510}","{'id': 28146, 'rank': 9, 'fitness': 0.3007373985176602, 'generation': 510}","{'id': 28146, 'rank': 10, 'fitness': 0.3007373985176602, 'generation': 510}","{'id': 28146, 'rank': 11, 'fitness': 0.3007373985176602, 'generation': 510}","{'id': 28224, 'rank': 12, 'fitness': 0.2611974038411318, 'generation': 510}","{'id': 28159, 'rank': 13, 'fitness': 0.20636146957379436, 'generation': 510}","{'id': 28159, 'rank': 14, 'fitness': 0.20636146957379436, 'generation': 510}","{'id': 28149, 'rank': 15, 'fitness': 0.20260731277040478, 'generation': 510}","{'id': 28177, 'rank': 16, 'fitness': 0.1911832119072232, 'generation': 510}","{'id': 28181, 'rank': 17, 'fitness': 0.15558283151684116, 'generation': 510}","{'id': 28181, 'rank': 18, 'fitness': 0.15558283151684116, 'generation': 510}","{'id': 28181, 'rank': 19, 'fitness': 0.15558283151684116, 'generation': 510}","{'id': 28228, 'rank': 20, 'fitness': 0.14590396484279983, 'generation': 510}","{'id': 28120, 'rank': 21, 'fitness': 0.13092367267607286, 'generation': 510}","{'id': 28120, 'rank': 22, 'fitness': 0.13092367267607286, 'generation': 510}","{'id': 28167, 'rank': 23, 'fitness': 0.11758376924474345, 'generation': 510}","{'id': 28026, 'rank': 24, 'fitness': 0.11390528899333507, 'generation': 510}","{'id': 28221, 'rank': 25, 'fitness': 0.040185537590481823, 'generation': 510}","{'id': 28252, 'rank': 26, 'fitness': 0.03210764843937408, 'generation': 510}","{'id': 28216, 'rank': 27, 'fitness': 0.025942819556588892, 'generation': 510}","{'id': 28216, 'rank': 28, 'fitness': 0.025942819556588892, 'generation': 510}","{'id': 28213, 'rank': 29, 'fitness': 0.024690722213817295, 'generation': 510}","{'id': 28229, 'rank': 30, 'fitness': 0.01798620996209155, 'generation': 510}"
"{'id': 28023, 'rank': 1, 'fitness': 0.9820137900379085, 'generation': 511}","{'id': 28023, 'rank': 2, 'fitness': 0.9820137900379085, 'generation': 511}","{'id': 28023, 'rank': 3, 'fitness': 0.9820137900379085, 'generation': 511}","{'id': 28023, 'rank': 4, 'fitness': 0.9820137900379085, 'generation': 511}","{'id': 28265, 'rank': 5, 'fitness': 0.7669678606547997, 'generation': 511}","{'id': 28265, 'rank': 6, 'fitness': 0.7669678606547997, 'generation': 511}","{'id': 28154, 'rank': 7, 'fitness': 0.566350575036747, 'generation': 511}","{'id': 28154, 'rank': 8, 'fitness': 0.566350575036747, 'generation': 511}","{'id': 28146, 'rank': 9, 'fitness': 0.5321343935649322, 'generation': 511}","{'id': 28293, 'rank': 10, 'fitness': 0.5229070477059284, 'generation': 511}","{'id': 28224, 'rank': 11, 'fitness': 0.49302400785100076, 'generation': 511}","{'id': 28292, 'rank': 12, 'fitness': 0.4901487578112557, 'generation': 511}","{'id': 28159, 'rank': 13, 'fitness': 0.43205695209405964, 'generation': 511}","{'id': 28177, 'rank': 14, 'fitness': 0.41346410444975074, 'generation': 511}","{'id': 28261, 'rank': 15, 'fitness': 0.3968589514334413, 'generation': 511}","{'id': 28181, 'rank': 16, 'fitness': 0.3661491258281516, 'generation': 511}","{'id': 28181, 'rank': 17, 'fitness': 0.3661491258281516, 'generation': 511}","{'id': 28258, 'rank': 18, 'fitness': 0.3522093162382574, 'generation': 511}","{'id': 28120, 'rank': 19, 'fitness': 0.3296660709662673, 'generation': 511}","{'id': 28120, 'rank': 20, 'fitness': 0.3296660709662673, 'generation': 511}","{'id': 28298, 'rank': 21, 'fitness': 0.3150157029967986, 'generation': 511}","{'id': 28283, 'rank': 22, 'fitness': 0.2614202783640881, 'generation': 511}","{'id': 28273, 'rank': 23, 'fitness': 0.19680035812182628, 'generation': 511}","{'id': 28273, 'rank': 24, 'fitness': 0.19680035812182628, 'generation': 511}","{'id': 28277, 'rank': 25, 'fitness': 0.11280768658477858, 'generation': 511}","{'id': 28216, 'rank': 26, 'fitness': 0.10962643045978981, 'generation': 511}","{'id': 28281, 'rank': 27, 'fitness': 0.10518948156472285, 'generation': 511}","{'id': 28229, 'rank': 28, 'fitness': 0.08364570987567838, 'generation': 511}","{'id': 28296, 'rank': 29, 'fitness': 0.05166091182449062, 'generation': 511}","{'id': 28294, 'rank': 30, 'fitness': 0.01798620996209155, 'generation': 511}"
"{'id': 28023, 'rank': 1, 'fitness': 0.9820137900379085, 'generation': 512}","{'id': 28023, 'rank': 2, 'fitness': 0.9820137900379085, 'generation': 512}","{'id': 28023, 'rank': 3, 'fitness': 0.9820137900379085, 'generation': 512}","{'id': 28265, 'rank': 4, 'fitness': 0.6758039079467792, 'generation': 512}","{'id': 28265, 'rank': 5, 'fitness': 0.6758039079467792, 'generation': 512}","{'id': 28154, 'rank': 6, 'fitness': 0.41580174634316525, 'generation': 512}","{'id': 28154, 'rank': 7, 'fitness': 0.41580174634316525, 'generation': 512}","{'id': 28154, 'rank': 8, 'fitness': 0.41580174634316525, 'generation': 512}","{'id': 28154, 'rank': 9, 'fitness': 0.41580174634316525, 'generation': 512}","{'id': 28177, 'rank': 10, 'fitness': 0.2578945322973444, 'generation': 512}","{'id': 28181, 'rank': 11, 'fitness': 0.21611921228539205, 'generation': 512}","{'id': 28181, 'rank': 12, 'fitness': 0.21611921228539205, 'generation': 512}","{'id': 28181, 'rank': 13, 'fitness': 0.21611921228539205, 'generation': 512}","{'id': 28258, 'rank': 14, 'fitness': 0.20442815327252972, 'generation': 512}","{'id': 28120, 'rank': 15, 'fitness': 0.186105597703427, 'generation': 512}","{'id': 28120, 'rank': 16, 'fitness': 0.186105597703427, 'generation': 512}","{'id': 28120, 'rank': 17, 'fitness': 0.186105597703427, 'generation': 512}","{'id': 28347, 'rank': 18, 'fitness': 0.14018028006674654, 'generation': 512}","{'id': 28283, 'rank': 19, 'fitness': 0.13494780547584773, 'generation': 512}","{'id': 28283, 'rank': 20, 'fitness': 0.13494780547584773, 'generation': 512}","{'id': 28334, 'rank': 21, 'fitness': 0.08080693911852721, 'generation': 512}","{'id': 28311, 'rank': 22, 'fitness': 0.07423191050884043, 'generation': 512}","{'id': 28277, 'rank': 23, 'fitness': 0.04529737295878078, 'generation': 512}","{'id': 28229, 'rank': 24, 'fitness': 0.0312653694642569, 'generation': 512}","{'id': 28229, 'rank': 25, 'fitness': 0.0312653694642569, 'generation': 512}","{'id': 28343, 'rank': 26, 'fitness': 0.0216082220325976, 'generation': 512}","{'id': 28303, 'rank': 27, 'fitness': 0.02155024563657293, 'generation': 512}","{'id': 28322, 'rank': 28, 'fitness': 0.020184393202844708, 'generation': 512}","{'id': 28299, 'rank': 29, 'fitness': 0.018812695020935022, 'generation': 512}","{'id': 28330, 'rank': 30, 'fitness': 0.01798620996209155, 'generation': 512}"
"{'id': 28023, 'rank': 1, 'fitness': 0.9820137900379085, 'generation': 513}","{'id': 28023, 'rank': 2, 'fitness': 0.9820137900379085, 'generation': 513}","{'id': 28023, 'rank': 3, 'fitness': 0.9820137900379085, 'generation': 513}","{'id': 28023, 'rank': 4, 'fitness': 0.9820137900379085, 'generation': 513}","{'id': 28023, 'rank': 5, 'fitness': 0.9820137900379085, 'generation': 513}","{'id': 28023, 'rank': 6, 'fitness': 0.9820137900379085, 'generation': 513}","{'id': 28023, 'rank': 7, 'fitness': 0.9820137900379085, 'generation': 513}","{'id': 28265, 'rank': 8, 'fitness': 0.6586991151797476, 'generation': 513}","{'id': 28265, 'rank': 9, 'fitness': 0.6586991151797476, 'generation': 513}","{'id': 28362, 'rank': 10, 'fitness': 0.517531006511407, 'generation': 513}","{'id': 28364, 'rank': 11, 'fitness': 0.47470734621920263, 'generation': 513}","{'id': 28154, 'rank': 12, 'fitness': 0.3911597345275087, 'generation': 513}","{'id': 28353, 'rank': 13, 'fitness': 0.3171106305889017, 'generation': 513}","{'id': 28181, 'rank': 14, 'fitness': 0.19572771557273483, 'generation': 513}","{'id': 28258, 'rank': 15, 'fitness': 0.18462930928298604, 'generation': 513}","{'id': 28258, 'rank': 16, 'fitness': 0.18462930928298604, 'generation': 513}","{'id': 28120, 'rank': 17, 'fitness': 0.16732329970517767, 'generation': 513}","{'id': 28120, 'rank': 18, 'fitness': 0.16732329970517767, 'generation': 513}","{'id': 28390, 'rank': 19, 'fitness': 0.0818243389500316, 'generation': 513}","{'id': 28352, 'rank': 20, 'fitness': 0.07462230441910045, 'generation': 513}","{'id': 28388, 'rank': 21, 'fitness': 0.04761899466808622, 'generation': 513}","{'id': 28361, 'rank': 22, 'fitness': 0.032819553821557435, 'generation': 513}","{'id': 28357, 'rank': 23, 'fitness': 0.0297262332935207, 'generation': 513}","{'id': 28357, 'rank': 24, 'fitness': 0.0297262332935207, 'generation': 513}","{'id': 28372, 'rank': 25, 'fitness': 0.026517791167030902, 'generation': 513}","{'id': 28360, 'rank': 26, 'fitness': 0.025195187611452452, 'generation': 513}","{'id': 28360, 'rank': 27, 'fitness': 0.025195187611452452, 'generation': 513}","{'id': 28343, 'rank': 28, 'fitness': 0.018035922299345086, 'generation': 513}","{'id': 28343, 'rank': 29, 'fitness': 0.018035922299345086, 'generation': 513}","{'id': 28303, 'rank': 30, 'fitness': 0.01798620996209155, 'generation': 513}"
"{'id': 28023, 'rank': 1, 'fitness': 0.9820137900379085, 'generation': 514}","{'id': 28023, 'rank': 2, 'fitness': 0.9820137900379085, 'generation': 514}","{'id': 28023, 'rank': 3, 'fitness': 0.9820137900379085, 'generation': 514}","{'id': 28023, 'rank': 4, 'fitness': 0.9820137900379085, 'generation': 514}","{'id': 28023, 'rank': 5, 'fitness': 0.9820137900379085, 'generation': 514}","{'id': 28421, 'rank': 6, 'fitness': 0.9564735042216598, 'generation': 514}","{'id': 28421, 'rank': 7, 'fitness': 0.9564735042216598, 'generation': 514}","{'id': 28265, 'rank': 8, 'fitness': 0.8036653898789365, 'generation': 514}","{'id': 28392, 'rank': 9, 'fitness': 0.7489618624777269, 'generation': 514}","{'id': 28435, 'rank': 10, 'fitness': 0.7238557425440606, 'generation': 514}","{'id': 28413, 'rank': 11, 'fitness': 0.7073470137617777, 'generation': 514}","{'id': 28413, 'rank': 12, 'fitness': 0.7073470137617777, 'generation': 514}","{'id': 28423, 'rank': 13, 'fitness': 0.5375649206616272, 'generation': 514}","{'id': 28401, 'rank': 14, 'fitness': 0.46969917204288014, 'generation': 514}","{'id': 28427, 'rank': 15, 'fitness': 0.440247920695291, 'generation': 514}","{'id': 28258, 'rank': 16, 'fitness': 0.4374708214313124, 'generation': 514}","{'id': 28439, 'rank': 17, 'fitness': 0.37147856960518244, 'generation': 514}","{'id': 28439, 'rank': 18, 'fitness': 0.37147856960518244, 'generation': 514}","{'id': 28438, 'rank': 19, 'fitness': 0.270152201098127, 'generation': 514}","{'id': 28438, 'rank': 20, 'fitness': 0.270152201098127, 'generation': 514}","{'id': 28361, 'rank': 21, 'fitness': 0.1515429818444134, 'generation': 514}","{'id': 28361, 'rank': 22, 'fitness': 0.1515429818444134, 'generation': 514}","{'id': 28372, 'rank': 23, 'fitness': 0.13092175728040828, 'generation': 514}","{'id': 28394, 'rank': 24, 'fitness': 0.1268076871799496, 'generation': 514}","{'id': 28360, 'rank': 25, 'fitness': 0.1263592840079516, 'generation': 514}","{'id': 28411, 'rank': 26, 'fitness': 0.10441221062923467, 'generation': 514}","{'id': 28434, 'rank': 27, 'fitness': 0.08750736030387196, 'generation': 514}","{'id': 28408, 'rank': 28, 'fitness': 0.08617214463282924, 'generation': 514}","{'id': 28404, 'rank': 29, 'fitness': 0.04857739033822217, 'generation': 514}","{'id': 28406, 'rank': 30, 'fitness': 0.01798620996209155, 'generation': 514}"
"{'id': 28023, 'rank': 1, 'fitness': 0.9820137900379085, 'generation': 515}","{'id': 28023, 'rank': 2, 'fitness': 0.9820137900379085, 'generation': 515}","{'id': 28023, 'rank': 3, 'fitness': 0.9820137900379085, 'generation': 515}","{'id': 28023, 'rank': 4, 'fitness': 0.9820137900379085, 'generation': 515}","{'id': 28421, 'rank': 5, 'fitness': 0.9528735469933152, 'generation': 515}","{'id': 28421, 'rank': 6, 'fitness': 0.9528735469933152, 'generation': 515}","{'id': 28447, 'rank': 7, 'fitness': 0.8359852249161981, 'generation': 515}","{'id': 28446, 'rank': 8, 'fitness': 0.7035446180278164, 'generation': 515}","{'id': 28392, 'rank': 9, 'fitness': 0.6957686181309108, 'generation': 515}","{'id': 28456, 'rank': 10, 'fitness': 0.6585571691008435, 'generation': 515}","{'id': 28494, 'rank': 11, 'fitness': 0.6471756101058583, 'generation': 515}","{'id': 28413, 'rank': 12, 'fitness': 0.6450665690453554, 'generation': 515}","{'id': 28413, 'rank': 13, 'fitness': 0.6450665690453554, 'generation': 515}","{'id': 28413, 'rank': 14, 'fitness': 0.6450665690453554, 'generation': 515}","{'id': 28459, 'rank': 15, 'fitness': 0.4957782096470462, 'generation': 515}","{'id': 28401, 'rank': 16, 'fitness': 0.37794641778125826, 'generation': 515}","{'id': 28258, 'rank': 17, 'fitness': 0.34518970120736137, 'generation': 515}","{'id': 28466, 'rank': 18, 'fitness': 0.3092748769150203, 'generation': 515}","{'id': 28439, 'rank': 19, 'fitness': 0.2809413309007912, 'generation': 515}","{'id': 28455, 'rank': 20, 'fitness': 0.28089213088982645, 'generation': 515}","{'id': 28470, 'rank': 21, 'fitness': 0.11383659027719206, 'generation': 515}","{'id': 28460, 'rank': 22, 'fitness': 0.1007914053919931, 'generation': 515}","{'id': 28460, 'rank': 23, 'fitness': 0.1007914053919931, 'generation': 515}","{'id': 28451, 'rank': 24, 'fitness': 0.0810406758194765, 'generation': 515}","{'id': 28360, 'rank': 25, 'fitness': 0.07754380516337295, 'generation': 515}","{'id': 28450, 'rank': 26, 'fitness': 0.06490541166757652, 'generation': 515}","{'id': 28476, 'rank': 27, 'fitness': 0.06149066682831622, 'generation': 515}","{'id': 28479, 'rank': 28, 'fitness': 0.05596220758447107, 'generation': 515}","{'id': 28461, 'rank': 29, 'fitness': 0.03884921934666419, 'generation': 515}","{'id': 28485, 'rank': 30, 'fitness': 0.01798620996209155, 'generation': 515}"
"{'id': 28023, 'rank': 1, 'fitness': 0.9820137900379085, 'generation': 516}","{'id': 28023, 'rank': 2, 'fitness': 0.9820137900379085, 'generation': 516}","{'id': 28023, 'rank': 3, 'fitness': 0.9820137900379085, 'generation': 516}","{'id': 28421, 'rank': 4, 'fitness': 0.9500684594105646, 'generation': 516}","{'id': 28421, 'rank': 5, 'fitness': 0.9500684594105646, 'generation': 516}","{'id': 28447, 'rank': 6, 'fitness': 0.8151144530862622, 'generation': 516}","{'id': 28456, 'rank': 7, 'fitness': 0.611200459566261, 'generation': 516}","{'id': 28494, 'rank': 8, 'fitness': 0.5984629702727666, 'generation': 516}","{'id': 28459, 'rank': 9, 'fitness': 0.43472135414206914, 'generation': 516}","{'id': 28513, 'rank': 10, 'fitness': 0.32064732143325064, 'generation': 516}","{'id': 28513, 'rank': 11, 'fitness': 0.32064732143325064, 'generation': 516}","{'id': 28401, 'rank': 12, 'fitness': 0.3157337689356238, 'generation': 516}","{'id': 28498, 'rank': 13, 'fitness': 0.2729058966679372, 'generation': 516}","{'id': 28439, 'rank': 14, 'fitness': 0.2240914551192647, 'generation': 516}","{'id': 28455, 'rank': 15, 'fitness': 0.22404651858714447, 'generation': 516}","{'id': 28455, 'rank': 16, 'fitness': 0.22404651858714447, 'generation': 516}","{'id': 28455, 'rank': 17, 'fitness': 0.22404651858714447, 'generation': 516}","{'id': 28455, 'rank': 18, 'fitness': 0.22404651858714447, 'generation': 516}","{'id': 28460, 'rank': 19, 'fitness': 0.07129068459490229, 'generation': 516}","{'id': 28508, 'rank': 20, 'fitness': 0.07008353630120356, 'generation': 516}","{'id': 28519, 'rank': 21, 'fitness': 0.06641616835422703, 'generation': 516}","{'id': 28542, 'rank': 22, 'fitness': 0.06171685232301549, 'generation': 516}","{'id': 28538, 'rank': 23, 'fitness': 0.05976555095415004, 'generation': 516}","{'id': 28451, 'rank': 24, 'fitness': 0.056171766995550265, 'generation': 516}","{'id': 28360, 'rank': 25, 'fitness': 0.053536601928765304, 'generation': 516}","{'id': 28503, 'rank': 26, 'fitness': 0.05068906766328923, 'generation': 516}","{'id': 28450, 'rank': 27, 'fitness': 0.04412492506199939, 'generation': 516}","{'id': 28528, 'rank': 28, 'fitness': 0.029674593453122955, 'generation': 516}","{'id': 28520, 'rank': 29, 'fitness': 0.01826615627194189, 'generation': 516}","{'id': 28548, 'rank': 30, 'fitness': 0.01798620996209155, 'generation': 516}"
"{'id': 28023, 'rank': 1, 'fitness': 0.9820137900379085, 'generation': 517}","{'id': 28421, 'rank': 2, 'fitness': 0.9487772246169734, 'generation': 517}","{'id': 28421, 'rank': 3, 'fitness': 0.9487772246169734, 'generation': 517}","{'id': 28447, 'rank': 4, 'fitness': 0.8052437100324595, 'generation': 517}","{'id': 28575, 'rank': 5, 'fitness': 0.7027576796204711, 'generation': 517}","{'id': 28456, 'rank': 6, 'fitness': 0.5894901336588245, 'generation': 517}","{'id': 28593, 'rank': 7, 'fitness': 0.4935550320173374, 'generation': 517}","{'id': 28561, 'rank': 8, 'fitness': 0.36034509764972844, 'generation': 517}","{'id': 28561, 'rank': 9, 'fitness': 0.36034509764972844, 'generation': 517}","{'id': 28555, 'rank': 10, 'fitness': 0.34528641961497447, 'generation': 517}","{'id': 28591, 'rank': 11, 'fitness': 0.3400840038579835, 'generation': 517}","{'id': 28576, 'rank': 12, 'fitness': 0.3331874418098389, 'generation': 517}","{'id': 28576, 'rank': 13, 'fitness': 0.3331874418098389, 'generation': 517}","{'id': 28513, 'rank': 14, 'fitness': 0.2948393108489433, 'generation': 517}","{'id': 28513, 'rank': 15, 'fitness': 0.2948393108489433, 'generation': 517}","{'id': 28401, 'rank': 16, 'fitness': 0.2900333362784231, 'generation': 517}","{'id': 28401, 'rank': 17, 'fitness': 0.2900333362784231, 'generation': 517}","{'id': 28563, 'rank': 18, 'fitness': 0.21007798723377807, 'generation': 517}","{'id': 28563, 'rank': 19, 'fitness': 0.21007798723377807, 'generation': 517}","{'id': 28455, 'rank': 20, 'fitness': 0.20165660691956488, 'generation': 517}","{'id': 28455, 'rank': 21, 'fitness': 0.20165660691956488, 'generation': 517}","{'id': 28455, 'rank': 22, 'fitness': 0.20165660691956488, 'generation': 517}","{'id': 28567, 'rank': 23, 'fitness': 0.15658064858111326, 'generation': 517}","{'id': 28564, 'rank': 24, 'fitness': 0.12779147903969695, 'generation': 517}","{'id': 28556, 'rank': 25, 'fitness': 0.07577434591230692, 'generation': 517}","{'id': 28574, 'rank': 26, 'fitness': 0.07490523026606843, 'generation': 517}","{'id': 28542, 'rank': 27, 'fitness': 0.05250240617437535, 'generation': 517}","{'id': 28542, 'rank': 28, 'fitness': 0.05250240617437535, 'generation': 517}","{'id': 28560, 'rank': 29, 'fitness': 0.044296296336546026, 'generation': 517}","{'id': 28598, 'rank': 30, 'fitness': 0.01798620996209155, 'generation': 517}"
"{'id': 28421, 'rank': 1, 'fitness': 0.9820137900379085, 'generation': 518}","{'id': 28421, 'rank': 2, 'fitness': 0.9820137900379085, 'generation': 518}","{'id': 28421, 'rank': 3, 'fitness': 0.9820137900379085, 'generation': 518}","{'id': 28620, 'rank': 4, 'fitness': 0.911922246128599, 'generation': 518}","{'id': 28623, 'rank': 5, 'fitness': 0.8293901470825041, 'generation': 518}","{'id': 28623, 'rank': 6, 'fitness': 0.8293901470825041, 'generation': 518}","{'id': 28621, 'rank': 7, 'fitness': 0.7833963668156543, 'generation': 518}","{'id': 28593, 'rank': 8, 'fitness': 0.7687131920831093, 'generation': 518}","{'id': 28593, 'rank': 9, 'fitness': 0.7687131920831093, 'generation': 518}","{'id': 28615, 'rank': 10, 'fitness': 0.6732837997608417, 'generation': 518}","{'id': 28561, 'rank': 11, 'fitness': 0.6637646441912957, 'generation': 518}","{'id': 28561, 'rank': 12, 'fitness': 0.6637646441912957, 'generation': 518}","{'id': 28576, 'rank': 13, 'fitness': 0.6378670895683717, 'generation': 518}","{'id': 28576, 'rank': 14, 'fitness': 0.6378670895683717, 'generation': 518}","{'id': 28576, 'rank': 15, 'fitness': 0.6378670895683717, 'generation': 518}","{'id': 28513, 'rank': 16, 'fitness': 0.5979069386745473, 'generation': 518}","{'id': 28513, 'rank': 17, 'fitness': 0.5979069386745473, 'generation': 518}","{'id': 28401, 'rank': 18, 'fitness': 0.5925881051724902, 'generation': 518}","{'id': 28631, 'rank': 19, 'fitness': 0.5384565605317486, 'generation': 518}","{'id': 28563, 'rank': 20, 'fitness': 0.4916752778996921, 'generation': 518}","{'id': 28563, 'rank': 21, 'fitness': 0.4916752778996921, 'generation': 518}","{'id': 28455, 'rank': 22, 'fitness': 0.47944462036673835, 'generation': 518}","{'id': 28455, 'rank': 23, 'fitness': 0.47944462036673835, 'generation': 518}","{'id': 28605, 'rank': 24, 'fitness': 0.22987297090923509, 'generation': 518}","{'id': 28628, 'rank': 25, 'fitness': 0.19595675315761601, 'generation': 518}","{'id': 28542, 'rank': 26, 'fitness': 0.17885320943957728, 'generation': 518}","{'id': 28542, 'rank': 27, 'fitness': 0.17885320943957728, 'generation': 518}","{'id': 28624, 'rank': 28, 'fitness': 0.10973352796048935, 'generation': 518}","{'id': 28613, 'rank': 29, 'fitness': 0.08228500941088551, 'generation': 518}","{'id': 28610, 'rank': 30, 'fitness': 0.01798620996209155, 'generation': 518}"
"{'id': 28421, 'rank': 1, 'fitness': 0.9820137900379085, 'generation': 519}","{'id': 28593, 'rank': 2, 'fitness': 0.7454745039801535, 'generation': 519}","{'id': 28576, 'rank': 3, 'fitness': 0.6013267509779703, 'generation': 519}","{'id': 28576, 'rank': 4, 'fitness': 0.6013267509779703, 'generation': 519}","{'id': 28655, 'rank': 5, 'fitness': 0.5655667385697624, 'generation': 519}","{'id': 28655, 'rank': 6, 'fitness': 0.5655667385697624, 'generation': 519}","{'id': 28513, 'rank': 7, 'fitness': 0.5582291513134912, 'generation': 519}","{'id': 28513, 'rank': 8, 'fitness': 0.5582291513134912, 'generation': 519}","{'id': 28401, 'rank': 9, 'fitness': 0.5525314855981774, 'generation': 519}","{'id': 28631, 'rank': 10, 'fitness': 0.4950994456326751, 'generation': 519}","{'id': 28563, 'rank': 11, 'fitness': 0.44633190325235095, 'generation': 519}","{'id': 28563, 'rank': 12, 'fitness': 0.44633190325235095, 'generation': 519}","{'id': 28678, 'rank': 13, 'fitness': 0.40067054888009, 'generation': 519}","{'id': 28680, 'rank': 14, 'fitness': 0.3004748224647858, 'generation': 519}","{'id': 28649, 'rank': 15, 'fitness': 0.2886282499186208, 'generation': 519}","{'id': 28644, 'rank': 16, 'fitness': 0.224090438229697, 'generation': 519}","{'id': 28669, 'rank': 17, 'fitness': 0.1835537206908614, 'generation': 519}","{'id': 28542, 'rank': 18, 'fitness': 0.1450847736629895, 'generation': 519}","{'id': 28692, 'rank': 19, 'fitness': 0.1341949442621796, 'generation': 519}","{'id': 28668, 'rank': 20, 'fitness': 0.12071918645230667, 'generation': 519}","{'id': 28691, 'rank': 21, 'fitness': 0.10599888892216702, 'generation': 519}","{'id': 28663, 'rank': 22, 'fitness': 0.09472715780085583, 'generation': 519}","{'id': 28624, 'rank': 23, 'fitness': 0.085588293155068, 'generation': 519}","{'id': 28661, 'rank': 24, 'fitness': 0.08037173391095392, 'generation': 519}","{'id': 28660, 'rank': 25, 'fitness': 0.07375009895883389, 'generation': 519}","{'id': 28696, 'rank': 26, 'fitness': 0.06750493859712647, 'generation': 519}","{'id': 28689, 'rank': 27, 'fitness': 0.06074404261497579, 'generation': 519}","{'id': 28684, 'rank': 28, 'fitness': 0.044359245583031726, 'generation': 519}","{'id': 28645, 'rank': 29, 'fitness': 0.04392231961005377, 'generation': 519}","{'id': 28673, 'rank': 30, 'fitness': 0.01798620996209155, 'generation': 519}"
"{'id': 28728, 'rank': 1, 'fitness': 0.9820137900379085, 'generation': 520}","{'id': 28593, 'rank': 2, 'fitness': 0.8652534282580233, 'generation': 520}","{'id': 28576, 'rank': 3, 'fitness': 0.7502424673654261, 'generation': 520}","{'id': 28576, 'rank': 4, 'fitness': 0.7502424673654261, 'generation': 520}","{'id': 28576, 'rank': 5, 'fitness': 0.7502424673654261, 'generation': 520}","{'id': 28655, 'rank': 6, 'fitness': 0.7173548642188565, 'generation': 520}","{'id': 28655, 'rank': 7, 'fitness': 0.7173548642188565, 'generation': 520}","{'id': 28401, 'rank': 8, 'fitness': 0.7049202699043423, 'generation': 520}","{'id': 28712, 'rank': 9, 'fitness': 0.6626003169618222, 'generation': 520}","{'id': 28734, 'rank': 10, 'fitness': 0.651305554803873, 'generation': 520}","{'id': 28631, 'rank': 11, 'fitness': 0.6472454354407707, 'generation': 520}","{'id': 28711, 'rank': 12, 'fitness': 0.6138527884544577, 'generation': 520}","{'id': 28711, 'rank': 13, 'fitness': 0.6138527884544577, 'generation': 520}","{'id': 28563, 'rank': 14, 'fitness': 0.5945207034271441, 'generation': 520}","{'id': 28731, 'rank': 15, 'fitness': 0.5129000493471026, 'generation': 520}","{'id': 28680, 'rank': 16, 'fitness': 0.4162928260959434, 'generation': 520}","{'id': 28680, 'rank': 17, 'fitness': 0.4162928260959434, 'generation': 520}","{'id': 28649, 'rank': 18, 'fitness': 0.4005233678110668, 'generation': 520}","{'id': 28715, 'rank': 19, 'fitness': 0.3377827253055426, 'generation': 520}","{'id': 28715, 'rank': 20, 'fitness': 0.3377827253055426, 'generation': 520}","{'id': 28669, 'rank': 21, 'fitness': 0.2536618600592111, 'generation': 520}","{'id': 28705, 'rank': 22, 'fitness': 0.21824052665411187, 'generation': 520}","{'id': 28705, 'rank': 23, 'fitness': 0.21824052665411187, 'generation': 520}","{'id': 28692, 'rank': 24, 'fitness': 0.18168921424221568, 'generation': 520}","{'id': 28709, 'rank': 25, 'fitness': 0.14367568958927107, 'generation': 520}","{'id': 28709, 'rank': 26, 'fitness': 0.14367568958927107, 'generation': 520}","{'id': 28696, 'rank': 27, 'fitness': 0.08498370011689249, 'generation': 520}","{'id': 28696, 'rank': 28, 'fitness': 0.08498370011689249, 'generation': 520}","{'id': 28689, 'rank': 29, 'fitness': 0.07546889272201884, 'generation': 520}","{'id': 28725, 'rank': 30, 'fitness': 0.01798620996209155, 'generation': 520}"
"{'id': 28593, 'rank': 1, 'fitness': 0.9820137900379085, 'generation': 521}","{'id': 28760, 'rank': 2, 'fitness': 0.9604772526779015, 'generation': 521}","{'id': 28755, 'rank': 3, 'fitness': 0.9501183122296624, 'generation': 521}","{'id': 28755, 'rank': 4, 'fitness': 0.9501183122296624, 'generation': 521}","{'id': 28576, 'rank': 5, 'fitness': 0.941237270996609, 'generation': 521}","{'id': 28655, 'rank': 6, 'fitness': 0.9242578954883969, 'generation': 521}","{'id': 28655, 'rank': 7, 'fitness': 0.9242578954883969, 'generation': 521}","{'id': 28655, 'rank': 8, 'fitness': 0.9242578954883969, 'generation': 521}","{'id': 28743, 'rank': 9, 'fitness': 0.9070165211644313, 'generation': 521}","{'id': 28712, 'rank': 10, 'fitness': 0.8896985017698287, 'generation': 521}","{'id': 28563, 'rank': 11, 'fitness': 0.8342396849055513, 'generation': 521}","{'id': 28741, 'rank': 12, 'fitness': 0.7522112959261404, 'generation': 521}","{'id': 28741, 'rank': 13, 'fitness': 0.7522112959261404, 'generation': 521}","{'id': 28745, 'rank': 14, 'fitness': 0.7359010536877859, 'generation': 521}","{'id': 28782, 'rank': 15, 'fitness': 0.6865556571879157, 'generation': 521}","{'id': 28680, 'rank': 16, 'fitness': 0.6112708515228614, 'generation': 521}","{'id': 28715, 'rank': 17, 'fitness': 0.47791985722327585, 'generation': 521}","{'id': 28764, 'rank': 18, 'fitness': 0.3812530465130791, 'generation': 521}","{'id': 28764, 'rank': 19, 'fitness': 0.3812530465130791, 'generation': 521}","{'id': 28669, 'rank': 20, 'fitness': 0.32219450677048134, 'generation': 521}","{'id': 28705, 'rank': 21, 'fitness': 0.25705576496992655, 'generation': 521}","{'id': 28761, 'rank': 22, 'fitness': 0.19186154345754858, 'generation': 521}","{'id': 28777, 'rank': 23, 'fitness': 0.15654902594370834, 'generation': 521}","{'id': 28750, 'rank': 24, 'fitness': 0.07874349082642584, 'generation': 521}","{'id': 28750, 'rank': 25, 'fitness': 0.07874349082642584, 'generation': 521}","{'id': 28778, 'rank': 26, 'fitness': 0.06452672182182279, 'generation': 521}","{'id': 28696, 'rank': 27, 'fitness': 0.05531712651037157, 'generation': 521}","{'id': 28780, 'rank': 28, 'fitness': 0.021630758220602564, 'generation': 521}","{'id': 28751, 'rank': 29, 'fitness': 0.019513677173162935, 'generation': 521}","{'id': 28772, 'rank': 30, 'fitness': 0.01798620996209155, 'generation': 521}"
"{'id': 28593, 'rank': 1, 'fitness': 0.9820137900379085, 'generation': 522}","{'id': 28792, 'rank': 2, 'fitness': 0.9796291434524014, 'generation': 522}","{'id': 28792, 'rank': 3, 'fitness': 0.9796291434524014, 'generation': 522}","{'id': 28824, 'rank': 4, 'fitness': 0.9665052407948407, 'generation': 522}","{'id': 28820, 'rank': 5, 'fitness': 0.9626519004289611, 'generation': 522}","{'id': 28755, 'rank': 6, 'fitness': 0.9562707766678585, 'generation': 522}","{'id': 28835, 'rank': 7, 'fitness': 0.9412143254596428, 'generation': 522}","{'id': 28655, 'rank': 8, 'fitness': 0.9369167549940682, 'generation': 522}","{'id': 28826, 'rank': 9, 'fitness': 0.9319265935459566, 'generation': 522}","{'id': 28800, 'rank': 10, 'fitness': 0.8521586897922625, 'generation': 522}","{'id': 28741, 'rank': 11, 'fitness': 0.8159818305093701, 'generation': 522}","{'id': 28745, 'rank': 12, 'fitness': 0.8045412049558416, 'generation': 522}","{'id': 28782, 'rank': 13, 'fitness': 0.7695515583367336, 'generation': 522}","{'id': 28802, 'rank': 14, 'fitness': 0.7085309554393984, 'generation': 522}","{'id': 28855, 'rank': 15, 'fitness': 0.6697854685177093, 'generation': 522}","{'id': 28669, 'rank': 16, 'fitness': 0.46962534065700895, 'generation': 522}","{'id': 28828, 'rank': 17, 'fitness': 0.45072295041069177, 'generation': 522}","{'id': 28853, 'rank': 18, 'fitness': 0.41350548592406833, 'generation': 522}","{'id': 28761, 'rank': 19, 'fitness': 0.32632297386654585, 'generation': 522}","{'id': 28838, 'rank': 20, 'fitness': 0.3074785296736571, 'generation': 522}","{'id': 28804, 'rank': 21, 'fitness': 0.23478981033474683, 'generation': 522}","{'id': 28801, 'rank': 22, 'fitness': 0.18281119329731205, 'generation': 522}","{'id': 28801, 'rank': 23, 'fitness': 0.18281119329731205, 'generation': 522}","{'id': 28801, 'rank': 24, 'fitness': 0.18281119329731205, 'generation': 522}","{'id': 28801, 'rank': 25, 'fitness': 0.18281119329731205, 'generation': 522}","{'id': 28778, 'rank': 26, 'fitness': 0.1419978512696879, 'generation': 522}","{'id': 28696, 'rank': 27, 'fitness': 0.12552601685263765, 'generation': 522}","{'id': 28797, 'rank': 28, 'fitness': 0.07542754038210597, 'generation': 522}","{'id': 28822, 'rank': 29, 'fitness': 0.028480648241704154, 'generation': 522}","{'id': 28821, 'rank': 30, 'fitness': 0.01798620996209155, 'generation': 522}"
"{'id': 28868, 'rank': 1, 'fitness': 0.9820137900379085, 'generation': 523}","{'id': 28593, 'rank': 2, 'fitness': 0.931024015538169, 'generation': 523}","{'id': 28593, 'rank': 3, 'fitness': 0.931024015538169, 'generation': 523}","{'id': 28824, 'rank': 4, 'fitness': 0.8885704025251248, 'generation': 523}","{'id': 28824, 'rank': 5, 'fitness': 0.8885704025251248, 'generation': 523}","{'id': 28824, 'rank': 6, 'fitness': 0.8885704025251248, 'generation': 523}","{'id': 28824, 'rank': 7, 'fitness': 0.8885704025251248, 'generation': 523}","{'id': 28907, 'rank': 8, 'fitness': 0.8646974476508178, 'generation': 523}","{'id': 28907, 'rank': 9, 'fitness': 0.8646974476508178, 'generation': 523}","{'id': 28655, 'rank': 10, 'fitness': 0.8217252763196521, 'generation': 523}","{'id': 28655, 'rank': 11, 'fitness': 0.8217252763196521, 'generation': 523}","{'id': 28655, 'rank': 12, 'fitness': 0.8217252763196521, 'generation': 523}","{'id': 28826, 'rank': 13, 'fitness': 0.8116611775263158, 'generation': 523}","{'id': 28886, 'rank': 14, 'fitness': 0.597035527466114, 'generation': 523}","{'id': 28782, 'rank': 15, 'fitness': 0.5735654909691403, 'generation': 523}","{'id': 28881, 'rank': 16, 'fitness': 0.2806834547348578, 'generation': 523}","{'id': 28881, 'rank': 17, 'fitness': 0.2806834547348578, 'generation': 523}","{'id': 28838, 'rank': 18, 'fitness': 0.20280754802621392, 'generation': 523}","{'id': 28861, 'rank': 19, 'fitness': 0.18775229173073804, 'generation': 523}","{'id': 28899, 'rank': 20, 'fitness': 0.18156287708502866, 'generation': 523}","{'id': 28801, 'rank': 21, 'fitness': 0.1262447273452698, 'generation': 523}","{'id': 28801, 'rank': 22, 'fitness': 0.1262447273452698, 'generation': 523}","{'id': 28909, 'rank': 23, 'fitness': 0.09846973279851745, 'generation': 523}","{'id': 28871, 'rank': 24, 'fitness': 0.06837925344406465, 'generation': 523}","{'id': 28869, 'rank': 25, 'fitness': 0.050120708267146485, 'generation': 523}","{'id': 28896, 'rank': 26, 'fitness': 0.04656656307797041, 'generation': 523}","{'id': 28905, 'rank': 27, 'fitness': 0.040999449435110524, 'generation': 523}","{'id': 28906, 'rank': 28, 'fitness': 0.026652269606898704, 'generation': 523}","{'id': 28822, 'rank': 29, 'fitness': 0.026293160506134283, 'generation': 523}","{'id': 28821, 'rank': 30, 'fitness': 0.01798620996209155, 'generation': 523}"
"{'id': 28868, 'rank': 1, 'fitness': 0.9820137900379085, 'generation': 524}","{'id': 28935, 'rank': 2, 'fitness': 0.9812413792487913, 'generation': 524}","{'id': 28947, 'rank': 3, 'fitness': 0.9724664600814859, 'generation': 524}","{'id': 28947, 'rank': 4, 'fitness': 0.9724664600814859, 'generation': 524}","{'id': 28593, 'rank': 5, 'fitness': 0.9381918501152173, 'generation': 524}","{'id': 28946, 'rank': 6, 'fitness': 0.9167093065944355, 'generation': 524}","{'id': 28824, 'rank': 7, 'fitness': 0.9035951530748285, 'generation': 524}","{'id': 28824, 'rank': 8, 'fitness': 0.9035951530748285, 'generation': 524}","{'id': 28824, 'rank': 9, 'fitness': 0.9035951530748285, 'generation': 524}","{'id': 28824, 'rank': 10, 'fitness': 0.9035951530748285, 'generation': 524}","{'id': 28824, 'rank': 11, 'fitness': 0.9035951530748285, 'generation': 524}","{'id': 28824, 'rank': 12, 'fitness': 0.9035951530748285, 'generation': 524}","{'id': 28824, 'rank': 13, 'fitness': 0.9035951530748285, 'generation': 524}","{'id': 28655, 'rank': 14, 'fitness': 0.8501438955884049, 'generation': 524}","{'id': 28920, 'rank': 15, 'fitness': 0.6520457887093466, 'generation': 524}","{'id': 28782, 'rank': 16, 'fitness': 0.6473765394031481, 'generation': 524}","{'id': 28948, 'rank': 17, 'fitness': 0.5899087549416706, 'generation': 524}","{'id': 28951, 'rank': 18, 'fitness': 0.525308385314613, 'generation': 524}","{'id': 28881, 'rank': 19, 'fitness': 0.37144871197046375, 'generation': 524}","{'id': 28881, 'rank': 20, 'fitness': 0.37144871197046375, 'generation': 524}","{'id': 28925, 'rank': 21, 'fitness': 0.2934204373272594, 'generation': 524}","{'id': 28931, 'rank': 22, 'fitness': 0.17811057264082442, 'generation': 524}","{'id': 28924, 'rank': 23, 'fitness': 0.16514319872281802, 'generation': 524}","{'id': 28924, 'rank': 24, 'fitness': 0.16514319872281802, 'generation': 524}","{'id': 28941, 'rank': 25, 'fitness': 0.11200929550016608, 'generation': 524}","{'id': 28896, 'rank': 26, 'fitness': 0.08094685611086994, 'generation': 524}","{'id': 28906, 'rank': 27, 'fitness': 0.04928379799553062, 'generation': 524}","{'id': 28822, 'rank': 28, 'fitness': 0.04868917998549549, 'generation': 524}","{'id': 28942, 'rank': 29, 'fitness': 0.030809174736459555, 'generation': 524}","{'id': 28956, 'rank': 30, 'fitness': 0.01798620996209155, 'generation': 524}"
"{'id': 28868, 'rank': 1, 'fitness': 0.9820137900379085, 'generation': 525}","{'id': 28947, 'rank': 2, 'fitness': 0.9728303510854461, 'generation': 525}","{'id': 28947, 'rank': 3, 'fitness': 0.9728303510854461, 'generation': 525}","{'id': 28976, 'rank': 4, 'fitness': 0.9601666570481464, 'generation': 525}","{'id': 28593, 'rank': 5, 'fitness': 0.9404822723255553, 'generation': 525}","{'id': 28995, 'rank': 6, 'fitness': 0.9128534370004164, 'generation': 525}","{'id': 28824, 'rank': 7, 'fitness': 0.9083092894857032, 'generation': 525}","{'id': 28824, 'rank': 8, 'fitness': 0.9083092894857032, 'generation': 525}","{'id': 28824, 'rank': 9, 'fitness': 0.9083092894857032, 'generation': 525}","{'id': 28824, 'rank': 10, 'fitness': 0.9083092894857032, 'generation': 525}","{'id': 28655, 'rank': 11, 'fitness': 0.8589791260642009, 'generation': 525}","{'id': 28984, 'rank': 12, 'fitness': 0.8433900120773332, 'generation': 525}","{'id': 29015, 'rank': 13, 'fitness': 0.8291894201360193, 'generation': 525}","{'id': 29023, 'rank': 14, 'fitness': 0.5158570659111583, 'generation': 525}","{'id': 28988, 'rank': 15, 'fitness': 0.3308614828279599, 'generation': 525}","{'id': 28988, 'rank': 16, 'fitness': 0.3308614828279599, 'generation': 525}","{'id': 28925, 'rank': 17, 'fitness': 0.32615757475705154, 'generation': 525}","{'id': 28925, 'rank': 18, 'fitness': 0.32615757475705154, 'generation': 525}","{'id': 29011, 'rank': 19, 'fitness': 0.3093530544620023, 'generation': 525}","{'id': 29011, 'rank': 20, 'fitness': 0.3093530544620023, 'generation': 525}","{'id': 28982, 'rank': 21, 'fitness': 0.22981936052561108, 'generation': 525}","{'id': 28970, 'rank': 22, 'fitness': 0.21612800992872067, 'generation': 525}","{'id': 28967, 'rank': 23, 'fitness': 0.2011267318404103, 'generation': 525}","{'id': 28924, 'rank': 24, 'fitness': 0.19093533616456942, 'generation': 525}","{'id': 29009, 'rank': 25, 'fitness': 0.1113414445258587, 'generation': 525}","{'id': 28989, 'rank': 26, 'fitness': 0.09523539715978935, 'generation': 525}","{'id': 29000, 'rank': 27, 'fitness': 0.08878104663044945, 'generation': 525}","{'id': 28993, 'rank': 28, 'fitness': 0.08428215831458152, 'generation': 525}","{'id': 28906, 'rank': 29, 'fitness': 0.0605934288191734, 'generation': 525}","{'id': 28997, 'rank': 30, 'fitness': 0.01798620996209155, 'generation': 525}"
"{'id': 28947, 'rank': 1, 'fitness': 0.9820137900379085, 'generation': 526}","{'id': 29028, 'rank': 2, 'fitness': 0.9672014646189391, 'generation': 526}","{'id': 29028, 'rank': 3, 'fitness': 0.9672014646189391, 'generation': 526}","{'id': 29029, 'rank': 4, 'fitness': 0.9634824775421151, 'generation': 526}","{'id': 29030, 'rank': 5, 'fitness': 0.9365091671501384, 'generation': 526}","{'id': 29030, 'rank': 6, 'fitness': 0.9365091671501384, 'generation': 526}","{'id': 29030, 'rank': 7, 'fitness': 0.9365091671501384, 'generation': 526}","{'id': 28824, 'rank': 8, 'fitness': 0.8986476524154363, 'generation': 526}","{'id': 28824, 'rank': 9, 'fitness': 0.8986476524154363, 'generation': 526}","{'id': 29039, 'rank': 10, 'fitness': 0.8429066775008307, 'generation': 526}","{'id': 28655, 'rank': 11, 'fitness': 0.8167256217013881, 'generation': 526}","{'id': 28984, 'rank': 12, 'fitness': 0.7891959864996906, 'generation': 526}","{'id': 29055, 'rank': 13, 'fitness': 0.7796378585124442, 'generation': 526}","{'id': 29041, 'rank': 14, 'fitness': 0.29653057867169885, 'generation': 526}","{'id': 29041, 'rank': 15, 'fitness': 0.29653057867169885, 'generation': 526}","{'id': 29023, 'rank': 16, 'fitness': 0.2744989480740254, 'generation': 526}","{'id': 29025, 'rank': 17, 'fitness': 0.2683277542519378, 'generation': 526}","{'id': 29025, 'rank': 18, 'fitness': 0.2683277542519378, 'generation': 526}","{'id': 29033, 'rank': 19, 'fitness': 0.24685755326278758, 'generation': 526}","{'id': 29056, 'rank': 20, 'fitness': 0.19129370562270248, 'generation': 526}","{'id': 29056, 'rank': 21, 'fitness': 0.19129370562270248, 'generation': 526}","{'id': 29045, 'rank': 22, 'fitness': 0.13443258242337824, 'generation': 526}","{'id': 28988, 'rank': 23, 'fitness': 0.11324870758033001, 'generation': 526}","{'id': 28988, 'rank': 24, 'fitness': 0.11324870758033001, 'generation': 526}","{'id': 28988, 'rank': 25, 'fitness': 0.11324870758033001, 'generation': 526}","{'id': 28988, 'rank': 26, 'fitness': 0.11324870758033001, 'generation': 526}","{'id': 29011, 'rank': 27, 'fitness': 0.0999464565000126, 'generation': 526}","{'id': 29053, 'rank': 28, 'fitness': 0.06478051635907822, 'generation': 526}","{'id': 29035, 'rank': 29, 'fitness': 0.04578446112972823, 'generation': 526}","{'id': 29009, 'rank': 30, 'fitness': 0.01798620996209155, 'generation': 526}"
"{'id': 29075, 'rank': 1, 'fitness': 0.9820137900379085, 'generation': 527}","{'id': 28947, 'rank': 2, 'fitness': 0.9716510254717198, 'generation': 527}","{'id': 29116, 'rank': 3, 'fitness': 0.9582887031756765, 'generation': 527}","{'id': 29096, 'rank': 4, 'fitness': 0.9558004852381001, 'generation': 527}","{'id': 29030, 'rank': 5, 'fitness': 0.9137510163297978, 'generation': 527}","{'id': 29030, 'rank': 6, 'fitness': 0.9137510163297978, 'generation': 527}","{'id': 29030, 'rank': 7, 'fitness': 0.9137510163297978, 'generation': 527}","{'id': 29030, 'rank': 8, 'fitness': 0.9137510163297978, 'generation': 527}","{'id': 28824, 'rank': 9, 'fitness': 0.8703108914730151, 'generation': 527}","{'id': 28824, 'rank': 10, 'fitness': 0.8703108914730151, 'generation': 527}","{'id': 29095, 'rank': 11, 'fitness': 0.7043535986073479, 'generation': 527}","{'id': 29111, 'rank': 12, 'fitness': 0.5827923790160774, 'generation': 527}","{'id': 29094, 'rank': 13, 'fitness': 0.5786155588685897, 'generation': 527}","{'id': 29041, 'rank': 14, 'fitness': 0.3038469918543412, 'generation': 527}","{'id': 29025, 'rank': 15, 'fitness': 0.2780875560540784, 'generation': 527}","{'id': 29025, 'rank': 16, 'fitness': 0.2780875560540784, 'generation': 527}","{'id': 29033, 'rank': 17, 'fitness': 0.2583176084117982, 'generation': 527}","{'id': 29033, 'rank': 18, 'fitness': 0.2583176084117982, 'generation': 527}","{'id': 29093, 'rank': 19, 'fitness': 0.2574416629932457, 'generation': 527}","{'id': 29074, 'rank': 20, 'fitness': 0.22520992805098372, 'generation': 527}","{'id': 29098, 'rank': 21, 'fitness': 0.1469196639475488, 'generation': 527}","{'id': 28988, 'rank': 22, 'fitness': 0.13007530077260565, 'generation': 527}","{'id': 28988, 'rank': 23, 'fitness': 0.13007530077260565, 'generation': 527}","{'id': 29011, 'rank': 24, 'fitness': 0.11652605535563787, 'generation': 527}","{'id': 29035, 'rank': 25, 'fitness': 0.05849501473064328, 'generation': 527}","{'id': 29035, 'rank': 26, 'fitness': 0.05849501473064328, 'generation': 527}","{'id': 29085, 'rank': 27, 'fitness': 0.05776199517495284, 'generation': 527}","{'id': 29103, 'rank': 28, 'fitness': 0.03395296235730516, 'generation': 527}","{'id': 29087, 'rank': 29, 'fitness': 0.02914618392033741, 'generation': 527}","{'id': 29078, 'rank': 30, 'fitness': 0.01798620996209155, 'generation': 527}"
"{'id': 29161, 'rank': 1, 'fitness': 0.9820137900379085, 'generation': 528}","{'id': 29075, 'rank': 2, 'fitness': 0.9763586950085281, 'generation': 528}","{'id': 29075, 'rank': 3, 'fitness': 0.9763586950085281, 'generation': 528}","{'id': 28947, 'rank': 4, 'fitness': 0.9642389562767495, 'generation': 528}","{'id': 29160, 'rank': 5, 'fitness': 0.9459146076671728, 'generation': 528}","{'id': 29030, 'rank': 6, 'fitness': 0.9019732132703073, 'generation': 528}","{'id': 29030, 'rank': 7, 'fitness': 0.9019732132703073, 'generation': 528}","{'id': 29030, 'rank': 8, 'fitness': 0.9019732132703073, 'generation': 528}","{'id': 29030, 'rank': 9, 'fitness': 0.9019732132703073, 'generation': 528}","{'id': 29030, 'rank': 10, 'fitness': 0.9019732132703073, 'generation': 528}","{'id': 29124, 'rank': 11, 'fitness': 0.8819942363812072, 'generation': 528}","{'id': 28824, 'rank': 12, 'fitness': 0.8582969999376215, 'generation': 528}","{'id': 28824, 'rank': 13, 'fitness': 0.8582969999376215, 'generation': 528}","{'id': 28824, 'rank': 14, 'fitness': 0.8582969999376215, 'generation': 528}","{'id': 29125, 'rank': 15, 'fitness': 0.7158100488619996, 'generation': 528}","{'id': 29134, 'rank': 16, 'fitness': 0.5365800342161855, 'generation': 528}","{'id': 29131, 'rank': 17, 'fitness': 0.4887293942415753, 'generation': 528}","{'id': 29131, 'rank': 18, 'fitness': 0.4887293942415753, 'generation': 528}","{'id': 29135, 'rank': 19, 'fitness': 0.3408274545987356, 'generation': 528}","{'id': 29025, 'rank': 20, 'fitness': 0.3066940075159214, 'generation': 528}","{'id': 29152, 'rank': 21, 'fitness': 0.29344720501916366, 'generation': 528}","{'id': 29033, 'rank': 22, 'fitness': 0.287431365332776, 'generation': 528}","{'id': 29074, 'rank': 23, 'fitness': 0.2547418188860264, 'generation': 528}","{'id': 29098, 'rank': 24, 'fitness': 0.17468557627955, 'generation': 528}","{'id': 29035, 'rank': 25, 'fitness': 0.07681573231250416, 'generation': 528}","{'id': 29085, 'rank': 26, 'fitness': 0.07595078561549995, 'generation': 528}","{'id': 29085, 'rank': 27, 'fitness': 0.07595078561549995, 'generation': 528}","{'id': 29087, 'rank': 28, 'fitness': 0.040995385461305156, 'generation': 528}","{'id': 29128, 'rank': 29, 'fitness': 0.024842724475430455, 'generation': 528}","{'id': 29153, 'rank': 30, 'fitness': 0.01798620996209155, 'generation': 528}"
"{'id': 29161, 'rank': 1, 'fitness': 0.9820137900379085, 'generation': 529}","{'id': 29161, 'rank': 2, 'fitness': 0.9820137900379085, 'generation': 529}","{'id': 29161, 'rank': 3, 'fitness': 0.9820137900379085, 'generation': 529}","{'id': 29075, 'rank': 4, 'fitness': 0.9764472928632014, 'generation': 529}","{'id': 29075, 'rank': 5, 'fitness': 0.9764472928632014, 'generation': 529}","{'id': 29030, 'rank': 6, 'fitness': 0.9041206090424851, 'generation': 529}","{'id': 29030, 'rank': 7, 'fitness': 0.9041206090424851, 'generation': 529}","{'id': 29124, 'rank': 8, 'fitness': 0.8848154357890289, 'generation': 529}","{'id': 29124, 'rank': 9, 'fitness': 0.8848154357890289, 'generation': 529}","{'id': 28824, 'rank': 10, 'fitness': 0.8619408028291835, 'generation': 529}","{'id': 29210, 'rank': 11, 'fitness': 0.8394598655504342, 'generation': 529}","{'id': 29125, 'rank': 12, 'fitness': 0.7243505508910153, 'generation': 529}","{'id': 29217, 'rank': 13, 'fitness': 0.6112614256525103, 'generation': 529}","{'id': 29131, 'rank': 14, 'fitness': 0.5026572434971843, 'generation': 529}","{'id': 29209, 'rank': 15, 'fitness': 0.3628987186354283, 'generation': 529}","{'id': 29135, 'rank': 16, 'fitness': 0.35539104430401414, 'generation': 529}","{'id': 29152, 'rank': 17, 'fitness': 0.3075712710386097, 'generation': 529}","{'id': 29033, 'rank': 18, 'fitness': 0.30147406324812176, 'generation': 529}","{'id': 29033, 'rank': 19, 'fitness': 0.30147406324812176, 'generation': 529}","{'id': 29170, 'rank': 20, 'fitness': 0.29597511088455936, 'generation': 529}","{'id': 29208, 'rank': 21, 'fitness': 0.24615255456924284, 'generation': 529}","{'id': 29185, 'rank': 22, 'fitness': 0.1056678320198226, 'generation': 529}","{'id': 29185, 'rank': 23, 'fitness': 0.1056678320198226, 'generation': 529}","{'id': 29185, 'rank': 24, 'fitness': 0.1056678320198226, 'generation': 529}","{'id': 29185, 'rank': 25, 'fitness': 0.1056678320198226, 'generation': 529}","{'id': 29085, 'rank': 26, 'fitness': 0.08247658781292355, 'generation': 529}","{'id': 29177, 'rank': 27, 'fitness': 0.06458795176146376, 'generation': 529}","{'id': 29196, 'rank': 28, 'fitness': 0.04762511571963424, 'generation': 529}","{'id': 29178, 'rank': 29, 'fitness': 0.044606705415831394, 'generation': 529}","{'id': 29179, 'rank': 30, 'fitness': 0.01798620996209155, 'generation': 529}"
"{'id': 29161, 'rank': 1, 'fitness': 0.9820137900379085, 'generation': 530}","{'id': 29075, 'rank': 2, 'fitness': 0.9756896163996793, 'generation': 530}","{'id': 29256, 'rank': 3, 'fitness': 0.933821129902855, 'generation': 530}","{'id': 29256, 'rank': 4, 'fitness': 0.933821129902855, 'generation': 530}","{'id': 29030, 'rank': 5, 'fitness': 0.8846232753029402, 'generation': 530}","{'id': 29030, 'rank': 6, 'fitness': 0.8846232753029402, 'generation': 530}","{'id': 29274, 'rank': 7, 'fitness': 0.8805829371972766, 'generation': 530}","{'id': 29124, 'rank': 8, 'fitness': 0.8590925992893264, 'generation': 530}","{'id': 28824, 'rank': 9, 'fitness': 0.8286380017020645, 'generation': 530}","{'id': 28824, 'rank': 10, 'fitness': 0.8286380017020645, 'generation': 530}","{'id': 29247, 'rank': 11, 'fitness': 0.8277880842333019, 'generation': 530}","{'id': 29247, 'rank': 12, 'fitness': 0.8277880842333019, 'generation': 530}","{'id': 29269, 'rank': 13, 'fitness': 0.8174737899493163, 'generation': 530}","{'id': 29269, 'rank': 14, 'fitness': 0.8174737899493163, 'generation': 530}","{'id': 29255, 'rank': 15, 'fitness': 0.565223170800857, 'generation': 530}","{'id': 29254, 'rank': 16, 'fitness': 0.44495115640961047, 'generation': 530}","{'id': 29131, 'rank': 17, 'fitness': 0.3871255678992868, 'generation': 530}","{'id': 29209, 'rank': 18, 'fitness': 0.24966333136929458, 'generation': 530}","{'id': 29033, 'rank': 19, 'fitness': 0.19614163112248967, 'generation': 530}","{'id': 29033, 'rank': 20, 'fitness': 0.19614163112248967, 'generation': 530}","{'id': 29170, 'rank': 21, 'fitness': 0.1915563484632325, 'generation': 530}","{'id': 29185, 'rank': 22, 'fitness': 0.054232676279042324, 'generation': 530}","{'id': 29267, 'rank': 23, 'fitness': 0.04054258414595324, 'generation': 530}","{'id': 29267, 'rank': 24, 'fitness': 0.04054258414595324, 'generation': 530}","{'id': 29085, 'rank': 25, 'fitness': 0.04053106804807122, 'generation': 530}","{'id': 29085, 'rank': 26, 'fitness': 0.04053106804807122, 'generation': 530}","{'id': 29275, 'rank': 27, 'fitness': 0.0359815980751817, 'generation': 530}","{'id': 29177, 'rank': 28, 'fitness': 0.030496032656229577, 'generation': 530}","{'id': 29260, 'rank': 29, 'fitness': 0.018722101163949567, 'generation': 530}","{'id': 29242, 'rank': 30, 'fitness': 0.01798620996209155, 'generation': 530}"
"{'id': 29075, 'rank': 1, 'fitness': 0.9820137900379085, 'generation': 531}","{'id': 29303, 'rank': 2, 'fitness': 0.980038155782895, 'generation': 531}","{'id': 29303, 'rank': 3, 'fitness': 0.980038155782895, 'generation': 531}","{'id': 29286, 'rank': 4, 'fitness': 0.9707651566830598, 'generation': 531}","{'id': 29256, 'rank': 5, 'fitness': 0.9508835608697203, 'generation': 531}","{'id': 29030, 'rank': 6, 'fitness': 0.9135839715422838, 'generation': 531}","{'id': 29030, 'rank': 7, 'fitness': 0.9135839715422838, 'generation': 531}","{'id': 29274, 'rank': 8, 'fitness': 0.910481035747877, 'generation': 531}","{'id': 29124, 'rank': 9, 'fitness': 0.8938688614739979, 'generation': 531}","{'id': 29124, 'rank': 10, 'fitness': 0.8938688614739979, 'generation': 531}","{'id': 28824, 'rank': 11, 'fitness': 0.8700049939384364, 'generation': 531}","{'id': 29247, 'rank': 12, 'fitness': 0.8693334208159518, 'generation': 531}","{'id': 29247, 'rank': 13, 'fitness': 0.8693334208159518, 'generation': 531}","{'id': 29297, 'rank': 14, 'fitness': 0.8519728017456765, 'generation': 531}","{'id': 29319, 'rank': 15, 'fitness': 0.7372688487814487, 'generation': 531}","{'id': 29319, 'rank': 16, 'fitness': 0.7372688487814487, 'generation': 531}","{'id': 29131, 'rank': 17, 'fitness': 0.4705758418716749, 'generation': 531}","{'id': 29209, 'rank': 18, 'fitness': 0.32003543957892666, 'generation': 531}","{'id': 29033, 'rank': 19, 'fitness': 0.2570688017509428, 'generation': 531}","{'id': 29312, 'rank': 20, 'fitness': 0.2246434202928036, 'generation': 531}","{'id': 29312, 'rank': 21, 'fitness': 0.2246434202928036, 'generation': 531}","{'id': 29322, 'rank': 22, 'fitness': 0.060616422185686136, 'generation': 531}","{'id': 29267, 'rank': 23, 'fitness': 0.0573022781107565, 'generation': 531}","{'id': 29085, 'rank': 24, 'fitness': 0.05728641592785788, 'generation': 531}","{'id': 29302, 'rank': 25, 'fitness': 0.024585350833467967, 'generation': 531}","{'id': 29302, 'rank': 26, 'fitness': 0.024585350833467967, 'generation': 531}","{'id': 29306, 'rank': 27, 'fitness': 0.02121327362128994, 'generation': 531}","{'id': 29325, 'rank': 28, 'fitness': 0.01907946665492788, 'generation': 531}","{'id': 29280, 'rank': 29, 'fitness': 0.018487377671135563, 'generation': 531}","{'id': 29288, 'rank': 30, 'fitness': 0.01798620996209155, 'generation': 531}"
"{'id': 29075, 'rank': 1, 'fitness': 0.9820137900379085, 'generation': 532}","{'id': 29303, 'rank': 2, 'fitness': 0.9802771518997413, 'generation': 532}","{'id': 29303, 'rank': 3, 'fitness': 0.9802771518997413, 'generation': 532}","{'id': 29030, 'rank': 4, 'fitness': 0.9274473767135796, 'generation': 532}","{'id': 29030, 'rank': 5, 'fitness': 0.9274473767135796, 'generation': 532}","{'id': 29274, 'rank': 6, 'fitness': 0.9251118368121428, 'generation': 532}","{'id': 29124, 'rank': 7, 'fitness': 0.9127035559303981, 'generation': 532}","{'id': 28824, 'rank': 8, 'fitness': 0.8950892207995347, 'generation': 532}","{'id': 29131, 'rank': 9, 'fitness': 0.5886808255928122, 'generation': 532}","{'id': 29131, 'rank': 10, 'fitness': 0.5886808255928122, 'generation': 532}","{'id': 29131, 'rank': 11, 'fitness': 0.5886808255928122, 'generation': 532}","{'id': 29312, 'rank': 12, 'fitness': 0.34687870481826666, 'generation': 532}","{'id': 29312, 'rank': 13, 'fitness': 0.34687870481826666, 'generation': 532}","{'id': 29336, 'rank': 14, 'fitness': 0.27033930490449004, 'generation': 532}","{'id': 29359, 'rank': 15, 'fitness': 0.23394287761156796, 'generation': 532}","{'id': 29369, 'rank': 16, 'fitness': 0.16053700490937295, 'generation': 532}","{'id': 29386, 'rank': 17, 'fitness': 0.14857956611053613, 'generation': 532}","{'id': 29375, 'rank': 18, 'fitness': 0.13587637839862554, 'generation': 532}","{'id': 29375, 'rank': 19, 'fitness': 0.13587637839862554, 'generation': 532}","{'id': 29364, 'rank': 20, 'fitness': 0.07402329011722697, 'generation': 532}","{'id': 29365, 'rank': 21, 'fitness': 0.06879274690149417, 'generation': 532}","{'id': 29385, 'rank': 22, 'fitness': 0.06581711855808953, 'generation': 532}","{'id': 29352, 'rank': 23, 'fitness': 0.062415033351590044, 'generation': 532}","{'id': 29302, 'rank': 24, 'fitness': 0.057746391528510965, 'generation': 532}","{'id': 29306, 'rank': 25, 'fitness': 0.050896497738400714, 'generation': 532}","{'id': 29325, 'rank': 26, 'fitness': 0.04646839162224964, 'generation': 532}","{'id': 29288, 'rank': 27, 'fitness': 0.044168628723179615, 'generation': 532}","{'id': 29366, 'rank': 28, 'fitness': 0.02549387771847972, 'generation': 532}","{'id': 29345, 'rank': 29, 'fitness': 0.019596067581533816, 'generation': 532}","{'id': 29379, 'rank': 30, 'fitness': 0.01798620996209155, 'generation': 532}"
"{'id': 29417, 'rank': 1, 'fitness': 0.9820137900379085, 'generation': 533}","{'id': 29418, 'rank': 2, 'fitness': 0.9751246914853161, 'generation': 533}","{'id': 29400, 'rank': 3, 'fitness': 0.971744044050814, 'generation': 533}","{'id': 29075, 'rank': 4, 'fitness': 0.9654220890592472, 'generation': 533}","{'id': 29303, 'rank': 5, 'fitness': 0.9623657587383158, 'generation': 533}","{'id': 29274, 'rank': 6, 'fitness': 0.8742783278651929, 'generation': 533}","{'id': 28824, 'rank': 7, 'fitness': 0.8310582560380773, 'generation': 533}","{'id': 29409, 'rank': 8, 'fitness': 0.696701801326995, 'generation': 533}","{'id': 29435, 'rank': 9, 'fitness': 0.6790856590671072, 'generation': 533}","{'id': 29399, 'rank': 10, 'fitness': 0.6035373136258398, 'generation': 533}","{'id': 29399, 'rank': 11, 'fitness': 0.6035373136258398, 'generation': 533}","{'id': 29131, 'rank': 12, 'fitness': 0.48082135820909355, 'generation': 533}","{'id': 29397, 'rank': 13, 'fitness': 0.4214394161288938, 'generation': 533}","{'id': 29419, 'rank': 14, 'fitness': 0.4150409798307868, 'generation': 533}","{'id': 29419, 'rank': 15, 'fitness': 0.4150409798307868, 'generation': 533}","{'id': 29422, 'rank': 16, 'fitness': 0.38049522734852703, 'generation': 533}","{'id': 29404, 'rank': 17, 'fitness': 0.29305058502544445, 'generation': 533}","{'id': 29312, 'rank': 18, 'fitness': 0.26816010512862576, 'generation': 533}","{'id': 29336, 'rank': 19, 'fitness': 0.20737620608462592, 'generation': 533}","{'id': 29336, 'rank': 20, 'fitness': 0.20737620608462592, 'generation': 533}","{'id': 29359, 'rank': 21, 'fitness': 0.17922620969712122, 'generation': 533}","{'id': 29359, 'rank': 22, 'fitness': 0.17922620969712122, 'generation': 533}","{'id': 29406, 'rank': 23, 'fitness': 0.1624848685386242, 'generation': 533}","{'id': 29436, 'rank': 24, 'fitness': 0.10582909012094072, 'generation': 533}","{'id': 29375, 'rank': 25, 'fitness': 0.10503580055770123, 'generation': 533}","{'id': 29408, 'rank': 26, 'fitness': 0.06137939104125034, 'generation': 533}","{'id': 29385, 'rank': 27, 'fitness': 0.052480263993395004, 'generation': 533}","{'id': 29325, 'rank': 28, 'fitness': 0.037753515502053914, 'generation': 533}","{'id': 29412, 'rank': 29, 'fitness': 0.01798620996209155, 'generation': 533}","{'id': 29412, 'rank': 30, 'fitness': 0.01798620996209155, 'generation': 533}"
"{'id': 29417, 'rank': 1, 'fitness': 0.9820137900379085, 'generation': 534}","{'id': 29469, 'rank': 2, 'fitness': 0.9745895944236509, 'generation': 534}","{'id': 29469, 'rank': 3, 'fitness': 0.9745895944236509, 'generation': 534}","{'id': 29418, 'rank': 4, 'fitness': 0.9739188510393151, 'generation': 534}","{'id': 29075, 'rank': 5, 'fitness': 0.9619852266262972, 'generation': 534}","{'id': 29462, 'rank': 6, 'fitness': 0.9542590926637138, 'generation': 534}","{'id': 29462, 'rank': 7, 'fitness': 0.9542590926637138, 'generation': 534}","{'id': 29462, 'rank': 8, 'fitness': 0.9542590926637138, 'generation': 534}","{'id': 29479, 'rank': 9, 'fitness': 0.903653657074411, 'generation': 534}","{'id': 29274, 'rank': 10, 'fitness': 0.8371544755775865, 'generation': 534}","{'id': 29477, 'rank': 11, 'fitness': 0.8116863164194301, 'generation': 534}","{'id': 29464, 'rank': 12, 'fitness': 0.7235689991836819, 'generation': 534}","{'id': 29464, 'rank': 13, 'fitness': 0.7235689991836819, 'generation': 534}","{'id': 29435, 'rank': 14, 'fitness': 0.567833546287623, 'generation': 534}","{'id': 29399, 'rank': 15, 'fitness': 0.4738697687601752, 'generation': 534}","{'id': 29397, 'rank': 16, 'fitness': 0.27892967027298876, 'generation': 534}","{'id': 29478, 'rank': 17, 'fitness': 0.2438975088727574, 'generation': 534}","{'id': 29422, 'rank': 18, 'fitness': 0.24133656432779393, 'generation': 534}","{'id': 29473, 'rank': 19, 'fitness': 0.20911463221433257, 'generation': 534}","{'id': 29404, 'rank': 20, 'fitness': 0.16851670100577398, 'generation': 534}","{'id': 29336, 'rank': 21, 'fitness': 0.10680043327411687, 'generation': 534}","{'id': 29336, 'rank': 22, 'fitness': 0.10680043327411687, 'generation': 534}","{'id': 29359, 'rank': 23, 'fitness': 0.08857673816509126, 'generation': 534}","{'id': 29457, 'rank': 24, 'fitness': 0.05494351450907742, 'generation': 534}","{'id': 29436, 'rank': 25, 'fitness': 0.04593925246963709, 'generation': 534}","{'id': 29459, 'rank': 26, 'fitness': 0.02997200982003595, 'generation': 534}","{'id': 29408, 'rank': 27, 'fitness': 0.023807625289353207, 'generation': 534}","{'id': 29466, 'rank': 28, 'fitness': 0.021596568513242098, 'generation': 534}","{'id': 29451, 'rank': 29, 'fitness': 0.01798620996209155, 'generation': 534}","{'id': 29451, 'rank': 30, 'fitness': 0.01798620996209155, 'generation': 534}"
"{'id': 29417, 'rank': 1, 'fitness': 0.9820137900379085, 'generation': 535}","{'id': 29417, 'rank': 2, 'fitness': 0.9820137900379085, 'generation': 535}","{'id': 29536, 'rank': 3, 'fitness': 0.9222743989157551, 'generation': 535}","{'id': 29479, 'rank': 4, 'fitness': 0.9116412398820305, 'generation': 535}","{'id': 29274, 'rank': 5, 'fitness': 0.8538468641423995, 'generation': 535}","{'id': 29274, 'rank': 6, 'fitness': 0.8538468641423995, 'generation': 535}","{'id': 29520, 'rank': 7, 'fitness': 0.8068653788808153, 'generation': 535}","{'id': 29520, 'rank': 8, 'fitness': 0.8068653788808153, 'generation': 535}","{'id': 29520, 'rank': 9, 'fitness': 0.8068653788808153, 'generation': 535}","{'id': 29496, 'rank': 10, 'fitness': 0.8020202533756609, 'generation': 535}","{'id': 29510, 'rank': 11, 'fitness': 0.8000941935571249, 'generation': 535}","{'id': 29507, 'rank': 12, 'fitness': 0.7807775914453872, 'generation': 535}","{'id': 29464, 'rank': 13, 'fitness': 0.7552218129822251, 'generation': 535}","{'id': 29435, 'rank': 14, 'fitness': 0.6165066863628004, 'generation': 535}","{'id': 29487, 'rank': 15, 'fitness': 0.5096179464589964, 'generation': 535}","{'id': 29494, 'rank': 16, 'fitness': 0.4583577181399881, 'generation': 535}","{'id': 29533, 'rank': 17, 'fitness': 0.3969458415405568, 'generation': 535}","{'id': 29518, 'rank': 18, 'fitness': 0.3942248724026164, 'generation': 535}","{'id': 29397, 'rank': 19, 'fitness': 0.3358459352370791, 'generation': 535}","{'id': 29422, 'rank': 20, 'fitness': 0.29590730189310055, 'generation': 535}","{'id': 29506, 'rank': 21, 'fitness': 0.2626066803104048, 'generation': 535}","{'id': 29404, 'rank': 22, 'fitness': 0.2152992583104832, 'generation': 535}","{'id': 29516, 'rank': 23, 'fitness': 0.18928651621866022, 'generation': 535}","{'id': 29336, 'rank': 24, 'fitness': 0.14278068612130507, 'generation': 535}","{'id': 29359, 'rank': 25, 'fitness': 0.12042050285525435, 'generation': 535}","{'id': 29525, 'rank': 26, 'fitness': 0.1020866207688575, 'generation': 535}","{'id': 29490, 'rank': 27, 'fitness': 0.09186314972574017, 'generation': 535}","{'id': 29457, 'rank': 28, 'fitness': 0.07766923415397353, 'generation': 535}","{'id': 29436, 'rank': 29, 'fitness': 0.06582206120184364, 'generation': 535}","{'id': 29528, 'rank': 30, 'fitness': 0.01798620996209155, 'generation': 535}"
"{'id': 29550, 'rank': 1, 'fitness': 0.9820137900379085, 'generation': 536}","{'id': 29550, 'rank': 2, 'fitness': 0.9820137900379085, 'generation': 536}","{'id': 29520, 'rank': 3, 'fitness': 0.8526379283498475, 'generation': 536}","{'id': 29520, 'rank': 4, 'fitness': 0.8526379283498475, 'generation': 536}","{'id': 29566, 'rank': 5, 'fitness': 0.8521806867917622, 'generation': 536}","{'id': 29579, 'rank': 6, 'fitness': 0.8508501041433439, 'generation': 536}","{'id': 29496, 'rank': 7, 'fitness': 0.8496416999573133, 'generation': 536}","{'id': 29507, 'rank': 8, 'fitness': 0.8365700938122631, 'generation': 536}","{'id': 29578, 'rank': 9, 'fitness': 0.7757639816237213, 'generation': 536}","{'id': 29576, 'rank': 10, 'fitness': 0.6413152386516936, 'generation': 536}","{'id': 29533, 'rank': 11, 'fitness': 0.5833516053770333, 'generation': 536}","{'id': 29397, 'rank': 12, 'fitness': 0.5334775554386979, 'generation': 536}","{'id': 29585, 'rank': 13, 'fitness': 0.5325548053989244, 'generation': 536}","{'id': 29575, 'rank': 14, 'fitness': 0.516557024966857, 'generation': 536}","{'id': 29555, 'rank': 15, 'fitness': 0.49927596345231817, 'generation': 536}","{'id': 29538, 'rank': 16, 'fitness': 0.4438130690508602, 'generation': 536}","{'id': 29549, 'rank': 17, 'fitness': 0.4235049573948146, 'generation': 536}","{'id': 29336, 'rank': 18, 'fitness': 0.3277102967188579, 'generation': 536}","{'id': 29336, 'rank': 19, 'fitness': 0.3277102967188579, 'generation': 536}","{'id': 29359, 'rank': 20, 'fitness': 0.295440775661699, 'generation': 536}","{'id': 29525, 'rank': 21, 'fitness': 0.2666352825217866, 'generation': 536}","{'id': 29525, 'rank': 22, 'fitness': 0.2666352825217866, 'generation': 536}","{'id': 29537, 'rank': 23, 'fitness': 0.23638366125858523, 'generation': 536}","{'id': 29586, 'rank': 24, 'fitness': 0.2174345012146895, 'generation': 536}","{'id': 29571, 'rank': 25, 'fitness': 0.1733773586503745, 'generation': 536}","{'id': 29580, 'rank': 26, 'fitness': 0.1161011164902001, 'generation': 536}","{'id': 29543, 'rank': 27, 'fitness': 0.029740876443426767, 'generation': 536}","{'id': 29573, 'rank': 28, 'fitness': 0.027951255458633528, 'generation': 536}","{'id': 29539, 'rank': 29, 'fitness': 0.025797342061903428, 'generation': 536}","{'id': 29561, 'rank': 30, 'fitness': 0.01798620996209155, 'generation': 536}"
"{'id': 29550, 'rank': 1, 'fitness': 0.9820137900379085, 'generation': 537}","{'id': 29550, 'rank': 2, 'fitness': 0.9820137900379085, 'generation': 537}","{'id': 29550, 'rank': 3, 'fitness': 0.9820137900379085, 'generation': 537}","{'id': 29639, 'rank': 4, 'fitness': 0.9078861765997566, 'generation': 537}","{'id': 29520, 'rank': 5, 'fitness': 0.7861376537694453, 'generation': 537}","{'id': 29520, 'rank': 6, 'fitness': 0.7861376537694453, 'generation': 537}","{'id': 29520, 'rank': 7, 'fitness': 0.7861376537694453, 'generation': 537}","{'id': 29566, 'rank': 8, 'fitness': 0.7854021958624631, 'generation': 537}","{'id': 29579, 'rank': 9, 'fitness': 0.7832622817795722, 'generation': 537}","{'id': 29605, 'rank': 10, 'fitness': 0.7226194127268507, 'generation': 537}","{'id': 29603, 'rank': 11, 'fitness': 0.6780630188957797, 'generation': 537}","{'id': 29640, 'rank': 12, 'fitness': 0.5142098856003122, 'generation': 537}","{'id': 29533, 'rank': 13, 'fitness': 0.40038394443941155, 'generation': 537}","{'id': 29533, 'rank': 14, 'fitness': 0.40038394443941155, 'generation': 537}","{'id': 29585, 'rank': 15, 'fitness': 0.34261272069851906, 'generation': 537}","{'id': 29597, 'rank': 16, 'fitness': 0.32680642472247595, 'generation': 537}","{'id': 29538, 'rank': 17, 'fitness': 0.25355354090399657, 'generation': 537}","{'id': 29549, 'rank': 18, 'fitness': 0.23520257030064223, 'generation': 537}","{'id': 29624, 'rank': 19, 'fitness': 0.11756768821150682, 'generation': 537}","{'id': 29624, 'rank': 20, 'fitness': 0.11756768821150682, 'generation': 537}","{'id': 29525, 'rank': 21, 'fitness': 0.11663610148890557, 'generation': 537}","{'id': 29614, 'rank': 22, 'fitness': 0.10375701600779191, 'generation': 537}","{'id': 29537, 'rank': 23, 'fitness': 0.09814259475584142, 'generation': 537}","{'id': 29644, 'rank': 24, 'fitness': 0.07831153243163619, 'generation': 537}","{'id': 29617, 'rank': 25, 'fitness': 0.06741706937031211, 'generation': 537}","{'id': 29580, 'rank': 26, 'fitness': 0.037378368332327605, 'generation': 537}","{'id': 29580, 'rank': 27, 'fitness': 0.037378368332327605, 'generation': 537}","{'id': 29612, 'rank': 28, 'fitness': 0.03388605350269103, 'generation': 537}","{'id': 29612, 'rank': 29, 'fitness': 0.03388605350269103, 'generation': 537}","{'id': 29637, 'rank': 30, 'fitness': 0.01798620996209155, 'generation': 537}"
"{'id': 29550, 'rank': 1, 'fitness': 0.9820137900379085, 'generation': 538}","{'id': 29550, 'rank': 2, 'fitness': 0.9820137900379085, 'generation': 538}","{'id': 29550, 'rank': 3, 'fitness': 0.9820137900379085, 'generation': 538}","{'id': 29649, 'rank': 4, 'fitness': 0.9554206627335301, 'generation': 538}","{'id': 29679, 'rank': 5, 'fitness': 0.8844888024225676, 'generation': 538}","{'id': 29692, 'rank': 6, 'fitness': 0.8169764316625956, 'generation': 538}","{'id': 29692, 'rank': 7, 'fitness': 0.8169764316625956, 'generation': 538}","{'id': 29520, 'rank': 8, 'fitness': 0.8110478204361733, 'generation': 538}","{'id': 29579, 'rank': 9, 'fitness': 0.8085771571572775, 'generation': 538}","{'id': 29691, 'rank': 10, 'fitness': 0.785554490693732, 'generation': 538}","{'id': 29603, 'rank': 11, 'fitness': 0.717464131717795, 'generation': 538}","{'id': 29647, 'rank': 12, 'fitness': 0.7098865603635673, 'generation': 538}","{'id': 29640, 'rank': 13, 'fitness': 0.5703846811099028, 'generation': 538}","{'id': 29673, 'rank': 14, 'fitness': 0.5520717567315984, 'generation': 538}","{'id': 29533, 'rank': 15, 'fitness': 0.4623644512522826, 'generation': 538}","{'id': 29684, 'rank': 16, 'fitness': 0.19725062004059946, 'generation': 538}","{'id': 29624, 'rank': 17, 'fitness': 0.15842171249198506, 'generation': 538}","{'id': 29624, 'rank': 18, 'fitness': 0.15842171249198506, 'generation': 538}","{'id': 29614, 'rank': 19, 'fitness': 0.1415545451110488, 'generation': 538}","{'id': 29678, 'rank': 20, 'fitness': 0.11748710591052419, 'generation': 538}","{'id': 29644, 'rank': 21, 'fitness': 0.10967981563468165, 'generation': 538}","{'id': 29663, 'rank': 22, 'fitness': 0.058812070906684, 'generation': 538}","{'id': 29689, 'rank': 23, 'fitness': 0.05719029362760886, 'generation': 538}","{'id': 29580, 'rank': 24, 'fitness': 0.05561511885611192, 'generation': 538}","{'id': 29580, 'rank': 25, 'fitness': 0.05561511885611192, 'generation': 538}","{'id': 29612, 'rank': 26, 'fitness': 0.05078932304921113, 'generation': 538}","{'id': 29657, 'rank': 27, 'fitness': 0.04286348848218985, 'generation': 538}","{'id': 29666, 'rank': 28, 'fitness': 0.027375949305750158, 'generation': 538}","{'id': 29666, 'rank': 29, 'fitness': 0.027375949305750158, 'generation': 538}","{'id': 29654, 'rank': 30, 'fitness': 0.01798620996209155, 'generation': 538}"
"{'id': 29550, 'rank': 1, 'fitness': 0.9820137900379085, 'generation': 539}","{'id': 29736, 'rank': 2, 'fitness': 0.9078353825335252, 'generation': 539}","{'id': 29736, 'rank': 3, 'fitness': 0.9078353825335252, 'generation': 539}","{'id': 29679, 'rank': 4, 'fitness': 0.8750847959618452, 'generation': 539}","{'id': 29692, 'rank': 5, 'fitness': 0.7994083193184567, 'generation': 539}","{'id': 29520, 'rank': 6, 'fitness': 0.7927635691618723, 'generation': 539}","{'id': 29752, 'rank': 7, 'fitness': 0.7662990076756029, 'generation': 539}","{'id': 29714, 'rank': 8, 'fitness': 0.6931808668200637, 'generation': 539}","{'id': 29717, 'rank': 9, 'fitness': 0.6547478506901563, 'generation': 539}","{'id': 29706, 'rank': 10, 'fitness': 0.5319057953121162, 'generation': 539}","{'id': 29728, 'rank': 11, 'fitness': 0.4470066383043922, 'generation': 539}","{'id': 29722, 'rank': 12, 'fitness': 0.38719707557997796, 'generation': 539}","{'id': 29747, 'rank': 13, 'fitness': 0.3748118621784799, 'generation': 539}","{'id': 29698, 'rank': 14, 'fitness': 0.3521529398675778, 'generation': 539}","{'id': 29698, 'rank': 15, 'fitness': 0.3521529398675778, 'generation': 539}","{'id': 29700, 'rank': 16, 'fitness': 0.17628867908211793, 'generation': 539}","{'id': 29734, 'rank': 17, 'fitness': 0.17394111960442382, 'generation': 539}","{'id': 29734, 'rank': 18, 'fitness': 0.17394111960442382, 'generation': 539}","{'id': 29742, 'rank': 19, 'fitness': 0.15188376233421907, 'generation': 539}","{'id': 29624, 'rank': 20, 'fitness': 0.12710657345957327, 'generation': 539}","{'id': 29614, 'rank': 21, 'fitness': 0.11252511605893162, 'generation': 539}","{'id': 29644, 'rank': 22, 'fitness': 0.08549025217920192, 'generation': 539}","{'id': 29580, 'rank': 23, 'fitness': 0.04142861727929359, 'generation': 539}","{'id': 29612, 'rank': 24, 'fitness': 0.03762703064571721, 'generation': 539}","{'id': 29751, 'rank': 25, 'fitness': 0.027843206002377108, 'generation': 539}","{'id': 29704, 'rank': 26, 'fitness': 0.02477056200280242, 'generation': 539}","{'id': 29725, 'rank': 27, 'fitness': 0.024186081019909933, 'generation': 539}","{'id': 29745, 'rank': 28, 'fitness': 0.0191931871365828, 'generation': 539}","{'id': 29701, 'rank': 29, 'fitness': 0.01798620996209155, 'generation': 539}","{'id': 29701, 'rank': 30, 'fitness': 0.01798620996209155, 'generation': 539}"
"{'id': 29776, 'rank': 1, 'fitness': 0.9820137900379085, 'generation': 540}","{'id': 29776, 'rank': 2, 'fitness': 0.9820137900379085, 'generation': 540}","{'id': 29781, 'rank': 3, 'fitness': 0.8918965577915183, 'generation': 540}","{'id': 29781, 'rank': 4, 'fitness': 0.8918965577915183, 'generation': 540}","{'id': 29736, 'rank': 5, 'fitness': 0.6371876307013157, 'generation': 540}","{'id': 29679, 'rank': 6, 'fitness': 0.5718970241418246, 'generation': 540}","{'id': 29679, 'rank': 7, 'fitness': 0.5718970241418246, 'generation': 540}","{'id': 29780, 'rank': 8, 'fitness': 0.5325917166466362, 'generation': 540}","{'id': 29520, 'rank': 9, 'fitness': 0.45113289300133264, 'generation': 540}","{'id': 29752, 'rank': 10, 'fitness': 0.42071757845361724, 'generation': 540}","{'id': 29714, 'rank': 11, 'fitness': 0.3500416309505185, 'generation': 540}","{'id': 29714, 'rank': 12, 'fitness': 0.3500416309505185, 'generation': 540}","{'id': 29762, 'rank': 13, 'fitness': 0.34972798516839854, 'generation': 540}","{'id': 29753, 'rank': 14, 'fitness': 0.3257035334038516, 'generation': 540}","{'id': 29706, 'rank': 15, 'fitness': 0.2367565031770274, 'generation': 540}","{'id': 29728, 'rank': 16, 'fitness': 0.19093564098855992, 'generation': 540}","{'id': 29728, 'rank': 17, 'fitness': 0.19093564098855992, 'generation': 540}","{'id': 29728, 'rank': 18, 'fitness': 0.19093564098855992, 'generation': 540}","{'id': 29791, 'rank': 19, 'fitness': 0.1799738432396899, 'generation': 540}","{'id': 29763, 'rank': 20, 'fitness': 0.17404714048140624, 'generation': 540}","{'id': 29722, 'rank': 21, 'fitness': 0.16223485739979193, 'generation': 540}","{'id': 29779, 'rank': 22, 'fitness': 0.08001944013735962, 'generation': 540}","{'id': 29779, 'rank': 23, 'fitness': 0.08001944013735962, 'generation': 540}","{'id': 29734, 'rank': 24, 'fitness': 0.07420628089845893, 'generation': 540}","{'id': 29765, 'rank': 25, 'fitness': 0.0668685257867353, 'generation': 540}","{'id': 29742, 'rank': 26, 'fitness': 0.06575439681633938, 'generation': 540}","{'id': 29785, 'rank': 27, 'fitness': 0.054609403661086575, 'generation': 540}","{'id': 29766, 'rank': 28, 'fitness': 0.053459802615249574, 'generation': 540}","{'id': 29757, 'rank': 29, 'fitness': 0.04130375684261539, 'generation': 540}","{'id': 29755, 'rank': 30, 'fitness': 0.01798620996209155, 'generation': 540}"
"{'id': 29776, 'rank': 1, 'fitness': 0.9820137900379085, 'generation': 541}","{'id': 29776, 'rank': 2, 'fitness': 0.9820137900379085, 'generation': 541}","{'id': 29781, 'rank': 3, 'fitness': 0.8607625269087986, 'generation': 541}","{'id': 29781, 'rank': 4, 'fitness': 0.8607625269087986, 'generation': 541}","{'id': 29781, 'rank': 5, 'fitness': 0.8607625269087986, 'generation': 541}","{'id': 29808, 'rank': 6, 'fitness': 0.6364926719502745, 'generation': 541}","{'id': 29736, 'rank': 7, 'fitness': 0.5095651127428276, 'generation': 541}","{'id': 29817, 'rank': 8, 'fitness': 0.4453577690348724, 'generation': 541}","{'id': 29679, 'rank': 9, 'fitness': 0.4311641558812652, 'generation': 541}","{'id': 29679, 'rank': 10, 'fitness': 0.4311641558812652, 'generation': 541}","{'id': 29679, 'rank': 11, 'fitness': 0.4311641558812652, 'generation': 541}","{'id': 29780, 'rank': 12, 'fitness': 0.3868821071032469, 'generation': 541}","{'id': 29822, 'rank': 13, 'fitness': 0.33436340720936286, 'generation': 541}","{'id': 29822, 'rank': 14, 'fitness': 0.33436340720936286, 'generation': 541}","{'id': 29520, 'rank': 15, 'fitness': 0.3021726880031265, 'generation': 541}","{'id': 29752, 'rank': 16, 'fitness': 0.27297014190499624, 'generation': 541}","{'id': 29762, 'rank': 17, 'fitness': 0.20983941757532598, 'generation': 541}","{'id': 29753, 'rank': 18, 'fitness': 0.19003981282089655, 'generation': 541}","{'id': 29815, 'rank': 19, 'fitness': 0.1441211731827673, 'generation': 541}","{'id': 29836, 'rank': 20, 'fitness': 0.11477580355004102, 'generation': 541}","{'id': 29728, 'rank': 21, 'fitness': 0.09318031420172068, 'generation': 541}","{'id': 29728, 'rank': 22, 'fitness': 0.09318031420172068, 'generation': 541}","{'id': 29728, 'rank': 23, 'fitness': 0.09318031420172068, 'generation': 541}","{'id': 29728, 'rank': 24, 'fitness': 0.09318031420172068, 'generation': 541}","{'id': 29805, 'rank': 25, 'fitness': 0.08421802315311128, 'generation': 541}","{'id': 29763, 'rank': 26, 'fitness': 0.08271809221216231, 'generation': 541}","{'id': 29816, 'rank': 27, 'fitness': 0.07317561923717508, 'generation': 541}","{'id': 29804, 'rank': 28, 'fitness': 0.028126740105249237, 'generation': 541}","{'id': 29766, 'rank': 29, 'fitness': 0.019383741414956523, 'generation': 541}","{'id': 29809, 'rank': 30, 'fitness': 0.01798620996209155, 'generation': 541}"
"{'id': 29776, 'rank': 1, 'fitness': 0.9820137900379085, 'generation': 542}","{'id': 29781, 'rank': 2, 'fitness': 0.9091384565342496, 'generation': 542}","{'id': 29781, 'rank': 3, 'fitness': 0.9091384565342496, 'generation': 542}","{'id': 29808, 'rank': 4, 'fitness': 0.7892716225408933, 'generation': 542}","{'id': 29865, 'rank': 5, 'fitness': 0.7575464413238868, 'generation': 542}","{'id': 29865, 'rank': 6, 'fitness': 0.7575464413238868, 'generation': 542}","{'id': 29736, 'rank': 7, 'fitness': 0.713817792250308, 'generation': 542}","{'id': 29871, 'rank': 8, 'fitness': 0.6667286879146344, 'generation': 542}","{'id': 29856, 'rank': 9, 'fitness': 0.6661219505559179, 'generation': 542}","{'id': 29679, 'rank': 10, 'fitness': 0.6611319036376306, 'generation': 542}","{'id': 29679, 'rank': 11, 'fitness': 0.6611319036376306, 'generation': 542}","{'id': 29822, 'rank': 12, 'fitness': 0.5861014372477246, 'generation': 542}","{'id': 29842, 'rank': 13, 'fitness': 0.5732440287522934, 'generation': 542}","{'id': 29842, 'rank': 14, 'fitness': 0.5732440287522934, 'generation': 542}","{'id': 29882, 'rank': 15, 'fitness': 0.5656759809828941, 'generation': 542}","{'id': 29762, 'rank': 16, 'fitness': 0.462914474503695, 'generation': 542}","{'id': 29753, 'rank': 17, 'fitness': 0.43903131154027686, 'generation': 542}","{'id': 29879, 'rank': 18, 'fitness': 0.3832059200741321, 'generation': 542}","{'id': 29815, 'rank': 19, 'fitness': 0.37672073356261765, 'generation': 542}","{'id': 29845, 'rank': 20, 'fitness': 0.35690953297105166, 'generation': 542}","{'id': 29836, 'rank': 21, 'fitness': 0.33024049286971535, 'generation': 542}","{'id': 29728, 'rank': 22, 'fitness': 0.29147308073702505, 'generation': 542}","{'id': 29728, 'rank': 23, 'fitness': 0.29147308073702505, 'generation': 542}","{'id': 29763, 'rank': 24, 'fitness': 0.2709224186957775, 'generation': 542}","{'id': 29857, 'rank': 25, 'fitness': 0.21496646187323604, 'generation': 542}","{'id': 29857, 'rank': 26, 'fitness': 0.21496646187323604, 'generation': 542}","{'id': 29864, 'rank': 27, 'fitness': 0.14880576718921923, 'generation': 542}","{'id': 29804, 'rank': 28, 'fitness': 0.13293560140954286, 'generation': 542}","{'id': 29870, 'rank': 29, 'fitness': 0.0406628050660956, 'generation': 542}","{'id': 29859, 'rank': 30, 'fitness': 0.01798620996209155, 'generation': 542}"
"{'id': 29776, 'rank': 1, 'fitness': 0.9820137900379085, 'generation': 543}","{'id': 29936, 'rank': 2, 'fitness': 0.911740714740455, 'generation': 543}","{'id': 29781, 'rank': 3, 'fitness': 0.8370872096777116, 'generation': 543}","{'id': 29781, 'rank': 4, 'fitness': 0.8370872096777116, 'generation': 543}","{'id': 29781, 'rank': 5, 'fitness': 0.8370872096777116, 'generation': 543}","{'id': 29781, 'rank': 6, 'fitness': 0.8370872096777116, 'generation': 543}","{'id': 29865, 'rank': 7, 'fitness': 0.5039253711465486, 'generation': 543}","{'id': 29926, 'rank': 8, 'fitness': 0.4429621346872147, 'generation': 543}","{'id': 29926, 'rank': 9, 'fitness': 0.4429621346872147, 'generation': 543}","{'id': 29736, 'rank': 10, 'fitness': 0.42603360342972557, 'generation': 543}","{'id': 29871, 'rank': 11, 'fitness': 0.3531418759748126, 'generation': 543}","{'id': 29856, 'rank': 12, 'fitness': 0.352274020741443, 'generation': 543}","{'id': 29856, 'rank': 13, 'fitness': 0.352274020741443, 'generation': 543}","{'id': 29679, 'rank': 14, 'fitness': 0.3452029502560082, 'generation': 543}","{'id': 29679, 'rank': 15, 'fitness': 0.3452029502560082, 'generation': 543}","{'id': 29842, 'rank': 16, 'fitness': 0.238661758183578, 'generation': 543}","{'id': 29908, 'rank': 17, 'fitness': 0.20281677461062886, 'generation': 543}","{'id': 29879, 'rank': 18, 'fitness': 0.09674440660889222, 'generation': 543}","{'id': 29905, 'rank': 19, 'fitness': 0.08868783614244197, 'generation': 543}","{'id': 29905, 'rank': 20, 'fitness': 0.08868783614244197, 'generation': 543}","{'id': 29909, 'rank': 21, 'fitness': 0.07386155739776001, 'generation': 543}","{'id': 29925, 'rank': 22, 'fitness': 0.06784151385082693, 'generation': 543}","{'id': 29728, 'rank': 23, 'fitness': 0.05688609761190455, 'generation': 543}","{'id': 29728, 'rank': 24, 'fitness': 0.05688609761190455, 'generation': 543}","{'id': 29927, 'rank': 25, 'fitness': 0.05650902430149868, 'generation': 543}","{'id': 29857, 'rank': 26, 'fitness': 0.0330861640844658, 'generation': 543}","{'id': 29904, 'rank': 27, 'fitness': 0.027032949706139453, 'generation': 543}","{'id': 29904, 'rank': 28, 'fitness': 0.027032949706139453, 'generation': 543}","{'id': 29896, 'rank': 29, 'fitness': 0.020366091199106595, 'generation': 543}","{'id': 29864, 'rank': 30, 'fitness': 0.01798620996209155, 'generation': 543}"
"{'id': 29936, 'rank': 1, 'fitness': 0.9820137900379085, 'generation': 544}","{'id': 29952, 'rank': 2, 'fitness': 0.9689184062064119, 'generation': 544}","{'id': 29781, 'rank': 3, 'fitness': 0.9672217027085888, 'generation': 544}","{'id': 29781, 'rank': 4, 'fitness': 0.9672217027085888, 'generation': 544}","{'id': 29781, 'rank': 5, 'fitness': 0.9672217027085888, 'generation': 544}","{'id': 29951, 'rank': 6, 'fitness': 0.9049751308198328, 'generation': 544}","{'id': 29926, 'rank': 7, 'fitness': 0.8507659401174599, 'generation': 544}","{'id': 29926, 'rank': 8, 'fitness': 0.8507659401174599, 'generation': 544}","{'id': 29926, 'rank': 9, 'fitness': 0.8507659401174599, 'generation': 544}","{'id': 29978, 'rank': 10, 'fitness': 0.8273732050326232, 'generation': 544}","{'id': 29856, 'rank': 11, 'fitness': 0.8031148231923865, 'generation': 544}","{'id': 29679, 'rank': 12, 'fitness': 0.7987409771785379, 'generation': 544}","{'id': 29954, 'rank': 13, 'fitness': 0.7536919068780162, 'generation': 544}","{'id': 29908, 'rank': 14, 'fitness': 0.6762241530582412, 'generation': 544}","{'id': 29908, 'rank': 15, 'fitness': 0.6762241530582412, 'generation': 544}","{'id': 29977, 'rank': 16, 'fitness': 0.4988106098172102, 'generation': 544}","{'id': 29905, 'rank': 17, 'fitness': 0.47246233693222217, 'generation': 544}","{'id': 29948, 'rank': 18, 'fitness': 0.4337318043739348, 'generation': 544}","{'id': 29975, 'rank': 19, 'fitness': 0.41926336749730625, 'generation': 544}","{'id': 29953, 'rank': 20, 'fitness': 0.418490723424315, 'generation': 544}","{'id': 29925, 'rank': 21, 'fitness': 0.4094391844863415, 'generation': 544}","{'id': 29728, 'rank': 22, 'fitness': 0.3701054717477419, 'generation': 544}","{'id': 29728, 'rank': 23, 'fitness': 0.3701054717477419, 'generation': 544}","{'id': 29980, 'rank': 24, 'fitness': 0.36952616094393675, 'generation': 544}","{'id': 29938, 'rank': 25, 'fitness': 0.30731982880724495, 'generation': 544}","{'id': 29967, 'rank': 26, 'fitness': 0.30388813215907895, 'generation': 544}","{'id': 29981, 'rank': 27, 'fitness': 0.293755588820168, 'generation': 544}","{'id': 29857, 'rank': 28, 'fitness': 0.2628453603024542, 'generation': 544}","{'id': 29956, 'rank': 29, 'fitness': 0.05102142144605731, 'generation': 544}","{'id': 29944, 'rank': 30, 'fitness': 0.01798620996209155, 'generation': 544}"
"{'id': 29781, 'rank': 1, 'fitness': 0.9820137900379085, 'generation': 545}","{'id': 29781, 'rank': 2, 'fitness': 0.9820137900379085, 'generation': 545}","{'id': 29926, 'rank': 3, 'fitness': 0.9055147416744577, 'generation': 545}","{'id': 29926, 'rank': 4, 'fitness': 0.9055147416744577, 'generation': 545}","{'id': 29926, 'rank': 5, 'fitness': 0.9055147416744577, 'generation': 545}","{'id': 29926, 'rank': 6, 'fitness': 0.9055147416744577, 'generation': 545}","{'id': 29926, 'rank': 7, 'fitness': 0.9055147416744577, 'generation': 545}","{'id': 29978, 'rank': 8, 'fitness': 0.8885922952643905, 'generation': 545}","{'id': 30042, 'rank': 9, 'fitness': 0.6741017234625322, 'generation': 545}","{'id': 30000, 'rank': 10, 'fitness': 0.6134651382556765, 'generation': 545}","{'id': 29977, 'rank': 11, 'fitness': 0.6017757307912954, 'generation': 545}","{'id': 29975, 'rank': 12, 'fitness': 0.5182673759952943, 'generation': 545}","{'id': 29953, 'rank': 13, 'fitness': 0.5174286248710847, 'generation': 545}","{'id': 29980, 'rank': 14, 'fitness': 0.4631893593141247, 'generation': 545}","{'id': 29980, 'rank': 15, 'fitness': 0.4631893593141247, 'generation': 545}","{'id': 30028, 'rank': 16, 'fitness': 0.4422075490816458, 'generation': 545}","{'id': 30021, 'rank': 17, 'fitness': 0.4059123801785661, 'generation': 545}","{'id': 29857, 'rank': 18, 'fitness': 0.33771779820925574, 'generation': 545}","{'id': 29993, 'rank': 19, 'fitness': 0.3063635001905934, 'generation': 545}","{'id': 30035, 'rank': 20, 'fitness': 0.2877280960230956, 'generation': 545}","{'id': 30024, 'rank': 21, 'fitness': 0.11056606172148481, 'generation': 545}","{'id': 30031, 'rank': 22, 'fitness': 0.06966314654725736, 'generation': 545}","{'id': 30016, 'rank': 23, 'fitness': 0.06658394878845209, 'generation': 545}","{'id': 30016, 'rank': 24, 'fitness': 0.06658394878845209, 'generation': 545}","{'id': 29956, 'rank': 25, 'fitness': 0.06441961369843663, 'generation': 545}","{'id': 30001, 'rank': 26, 'fitness': 0.04738375321921834, 'generation': 545}","{'id': 30011, 'rank': 27, 'fitness': 0.03389915345065292, 'generation': 545}","{'id': 30033, 'rank': 28, 'fitness': 0.02783922096078123, 'generation': 545}","{'id': 30022, 'rank': 29, 'fitness': 0.020114654893562844, 'generation': 545}","{'id': 29989, 'rank': 30, 'fitness': 0.01798620996209155, 'generation': 545}"
"{'id': 29781, 'rank': 1, 'fitness': 0.9820137900379085, 'generation': 546}","{'id': 29978, 'rank': 2, 'fitness': 0.8706025364960193, 'generation': 546}","{'id': 30042, 'rank': 3, 'fitness': 0.6076082473557335, 'generation': 546}","{'id': 30042, 'rank': 4, 'fitness': 0.6076082473557335, 'generation': 546}","{'id': 30096, 'rank': 5, 'fitness': 0.588017801338195, 'generation': 546}","{'id': 30070, 'rank': 6, 'fitness': 0.5728070796483326, 'generation': 546}","{'id': 29977, 'rank': 7, 'fitness': 0.5238757178759686, 'generation': 546}","{'id': 29975, 'rank': 8, 'fitness': 0.43186513181506425, 'generation': 546}","{'id': 29980, 'rank': 9, 'fitness': 0.37416946247580596, 'generation': 546}","{'id': 29980, 'rank': 10, 'fitness': 0.37416946247580596, 'generation': 546}","{'id': 30095, 'rank': 11, 'fitness': 0.350186023660374, 'generation': 546}","{'id': 30078, 'rank': 12, 'fitness': 0.3245015900572741, 'generation': 546}","{'id': 30078, 'rank': 13, 'fitness': 0.3245015900572741, 'generation': 546}","{'id': 30021, 'rank': 14, 'fitness': 0.31682659173735206, 'generation': 546}","{'id': 30021, 'rank': 15, 'fitness': 0.31682659173735206, 'generation': 546}","{'id': 30035, 'rank': 16, 'fitness': 0.20743844860516752, 'generation': 546}","{'id': 30052, 'rank': 17, 'fitness': 0.13491847729504453, 'generation': 546}","{'id': 30091, 'rank': 18, 'fitness': 0.10347972408004336, 'generation': 546}","{'id': 30066, 'rank': 19, 'fitness': 0.09951393097502537, 'generation': 546}","{'id': 30067, 'rank': 20, 'fitness': 0.09417103645443586, 'generation': 546}","{'id': 30073, 'rank': 21, 'fitness': 0.08832504716309836, 'generation': 546}","{'id': 30097, 'rank': 22, 'fitness': 0.05917459498173355, 'generation': 546}","{'id': 30074, 'rank': 23, 'fitness': 0.04484675848423775, 'generation': 546}","{'id': 30055, 'rank': 24, 'fitness': 0.03980979431756171, 'generation': 546}","{'id': 30099, 'rank': 25, 'fitness': 0.03739201230863265, 'generation': 546}","{'id': 30089, 'rank': 26, 'fitness': 0.0370487453760055, 'generation': 546}","{'id': 30050, 'rank': 27, 'fitness': 0.0252116264191517, 'generation': 546}","{'id': 30050, 'rank': 28, 'fitness': 0.0252116264191517, 'generation': 546}","{'id': 30058, 'rank': 29, 'fitness': 0.020401436636573178, 'generation': 546}","{'id': 30011, 'rank': 30, 'fitness': 0.01798620996209155, 'generation': 546}"
"{'id': 29781, 'rank': 1, 'fitness': 0.9820137900379085, 'generation': 547}","{'id': 29781, 'rank': 2, 'fitness': 0.9820137900379085, 'generation': 547}","{'id': 29781, 'rank': 3, 'fitness': 0.9820137900379085, 'generation': 547}","{'id': 30112, 'rank': 4, 'fitness': 0.8716915451809302, 'generation': 547}","{'id': 30112, 'rank': 5, 'fitness': 0.8716915451809302, 'generation': 547}","{'id': 30112, 'rank': 6, 'fitness': 0.8716915451809302, 'generation': 547}","{'id': 30132, 'rank': 7, 'fitness': 0.8098699171251789, 'generation': 547}","{'id': 30134, 'rank': 8, 'fitness': 0.7772783834331327, 'generation': 547}","{'id': 30042, 'rank': 9, 'fitness': 0.7184782472197723, 'generation': 547}","{'id': 30042, 'rank': 10, 'fitness': 0.7184782472197723, 'generation': 547}","{'id': 30096, 'rank': 11, 'fitness': 0.7040923474240638, 'generation': 547}","{'id': 30131, 'rank': 12, 'fitness': 0.6934670742384356, 'generation': 547}","{'id': 30131, 'rank': 13, 'fitness': 0.6934670742384356, 'generation': 547}","{'id': 30070, 'rank': 14, 'fitness': 0.6927821605659449, 'generation': 547}","{'id': 30129, 'rank': 15, 'fitness': 0.6485241972638633, 'generation': 547}","{'id': 30121, 'rank': 16, 'fitness': 0.6151848138873419, 'generation': 547}","{'id': 29980, 'rank': 17, 'fitness': 0.5296522446902444, 'generation': 547}","{'id': 29980, 'rank': 18, 'fitness': 0.5296522446902444, 'generation': 547}","{'id': 30078, 'rank': 19, 'fitness': 0.48266769199847714, 'generation': 547}","{'id': 30125, 'rank': 20, 'fitness': 0.46391458616818737, 'generation': 547}","{'id': 30125, 'rank': 21, 'fitness': 0.46391458616818737, 'generation': 547}","{'id': 30125, 'rank': 22, 'fitness': 0.46391458616818737, 'generation': 547}","{'id': 30136, 'rank': 23, 'fitness': 0.3841794620766603, 'generation': 547}","{'id': 30103, 'rank': 24, 'fitness': 0.2663543122566896, 'generation': 547}","{'id': 30073, 'rank': 25, 'fitness': 0.19063184631514746, 'generation': 547}","{'id': 30109, 'rank': 26, 'fitness': 0.15617979995187115, 'generation': 547}","{'id': 30117, 'rank': 27, 'fitness': 0.14408233538581844, 'generation': 547}","{'id': 30127, 'rank': 28, 'fitness': 0.1368212856321278, 'generation': 547}","{'id': 30106, 'rank': 29, 'fitness': 0.07905116238283194, 'generation': 547}","{'id': 30104, 'rank': 30, 'fitness': 0.01798620996209155, 'generation': 547}"
"{'id': 29781, 'rank': 1, 'fitness': 0.9820137900379085, 'generation': 548}","{'id': 30112, 'rank': 2, 'fitness': 0.8676005814284505, 'generation': 548}","{'id': 30112, 'rank': 3, 'fitness': 0.8676005814284505, 'generation': 548}","{'id': 30132, 'rank': 4, 'fitness': 0.8029745921308529, 'generation': 548}","{'id': 30183, 'rank': 5, 'fitness': 0.7331740353002744, 'generation': 548}","{'id': 30167, 'rank': 6, 'fitness': 0.7098769197943995, 'generation': 548}","{'id': 30167, 'rank': 7, 'fitness': 0.7098769197943995, 'generation': 548}","{'id': 30042, 'rank': 8, 'fitness': 0.7076256250654978, 'generation': 548}","{'id': 30096, 'rank': 9, 'fitness': 0.69266393883599, 'generation': 548}","{'id': 30096, 'rank': 10, 'fitness': 0.69266393883599, 'generation': 548}","{'id': 30131, 'rank': 11, 'fitness': 0.6816240531327522, 'generation': 548}","{'id': 30131, 'rank': 12, 'fitness': 0.6816240531327522, 'generation': 548}","{'id': 30070, 'rank': 13, 'fitness': 0.6809127373182109, 'generation': 548}","{'id': 30147, 'rank': 14, 'fitness': 0.5630683603143076, 'generation': 548}","{'id': 29980, 'rank': 15, 'fitness': 0.5128805724422432, 'generation': 548}","{'id': 30078, 'rank': 16, 'fitness': 0.46509954196920167, 'generation': 548}","{'id': 30078, 'rank': 17, 'fitness': 0.46509954196920167, 'generation': 548}","{'id': 30078, 'rank': 18, 'fitness': 0.46509954196920167, 'generation': 548}","{'id': 30125, 'rank': 19, 'fitness': 0.44611800262765766, 'generation': 548}","{'id': 30125, 'rank': 20, 'fitness': 0.44611800262765766, 'generation': 548}","{'id': 30150, 'rank': 21, 'fitness': 0.4170886365995291, 'generation': 548}","{'id': 30177, 'rank': 22, 'fitness': 0.4064216702899074, 'generation': 548}","{'id': 30190, 'rank': 23, 'fitness': 0.3142649155277709, 'generation': 548}","{'id': 30176, 'rank': 24, 'fitness': 0.16852130492488854, 'generation': 548}","{'id': 30155, 'rank': 25, 'fitness': 0.14032838522381136, 'generation': 548}","{'id': 30127, 'rank': 26, 'fitness': 0.1253059680860169, 'generation': 548}","{'id': 30154, 'rank': 27, 'fitness': 0.07451542325548538, 'generation': 548}","{'id': 30144, 'rank': 28, 'fitness': 0.07308860972270048, 'generation': 548}","{'id': 30188, 'rank': 29, 'fitness': 0.04205464162297495, 'generation': 548}","{'id': 30170, 'rank': 30, 'fitness': 0.01798620996209155, 'generation': 548}"
"{'id': 30239, 'rank': 1, 'fitness': 0.9820137900379085, 'generation': 549}","{'id': 30112, 'rank': 2, 'fitness': 0.9400388283377595, 'generation': 549}","{'id': 30112, 'rank': 3, 'fitness': 0.9400388283377595, 'generation': 549}","{'id': 30112, 'rank': 4, 'fitness': 0.9400388283377595, 'generation': 549}","{'id': 30112, 'rank': 5, 'fitness': 0.9400388283377595, 'generation': 549}","{'id': 30238, 'rank': 6, 'fitness': 0.8917978425336092, 'generation': 549}","{'id': 30238, 'rank': 7, 'fitness': 0.8917978425336092, 'generation': 549}","{'id': 30132, 'rank': 8, 'fitness': 0.891634821187316, 'generation': 549}","{'id': 30183, 'rank': 9, 'fitness': 0.828131215306064, 'generation': 549}","{'id': 30042, 'rank': 10, 'fitness': 0.8022111899125747, 'generation': 549}","{'id': 30096, 'rank': 11, 'fitness': 0.7864096003058367, 'generation': 549}","{'id': 30096, 'rank': 12, 'fitness': 0.7864096003058367, 'generation': 549}","{'id': 30147, 'rank': 13, 'fitness': 0.6328900698255022, 'generation': 549}","{'id': 29980, 'rank': 14, 'fitness': 0.5671687196533998, 'generation': 549}","{'id': 29980, 'rank': 15, 'fitness': 0.5671687196533998, 'generation': 549}","{'id': 30208, 'rank': 16, 'fitness': 0.5555907821710178, 'generation': 549}","{'id': 30231, 'rank': 17, 'fitness': 0.5511548810751254, 'generation': 549}","{'id': 30231, 'rank': 18, 'fitness': 0.5511548810751254, 'generation': 549}","{'id': 30078, 'rank': 19, 'fitness': 0.5026360959906935, 'generation': 549}","{'id': 30078, 'rank': 20, 'fitness': 0.5026360959906935, 'generation': 549}","{'id': 30125, 'rank': 21, 'fitness': 0.4766787297418711, 'generation': 549}","{'id': 30214, 'rank': 22, 'fitness': 0.4634994225364218, 'generation': 549}","{'id': 30203, 'rank': 23, 'fitness': 0.16149496459338436, 'generation': 549}","{'id': 30176, 'rank': 24, 'fitness': 0.12278471427911786, 'generation': 549}","{'id': 30198, 'rank': 25, 'fitness': 0.1078331906366431, 'generation': 549}","{'id': 30155, 'rank': 26, 'fitness': 0.0944818013714579, 'generation': 549}","{'id': 30155, 'rank': 27, 'fitness': 0.0944818013714579, 'generation': 549}","{'id': 30197, 'rank': 28, 'fitness': 0.07229364286155981, 'generation': 549}","{'id': 30193, 'rank': 29, 'fitness': 0.030241197041063372, 'generation': 549}","{'id': 30218, 'rank': 30, 'fitness': 0.01798620996209155, 'generation': 549}"
"{'id': 30112, 'rank': 1, 'fitness': 0.9820137900379085, 'generation': 550}","{'id': 30112, 'rank': 2, 'fitness': 0.9820137900379085, 'generation': 550}","{'id': 30248, 'rank': 3, 'fitness': 0.9708193733470769, 'generation': 550}","{'id': 30238, 'rank': 4, 'fitness': 0.969387284241533, 'generation': 550}","{'id': 30096, 'rank': 5, 'fitness': 0.9411737953987338, 'generation': 550}","{'id': 30096, 'rank': 6, 'fitness': 0.9411737953987338, 'generation': 550}","{'id': 30243, 'rank': 7, 'fitness': 0.9223884874876869, 'generation': 550}","{'id': 30256, 'rank': 8, 'fitness': 0.8812336086503338, 'generation': 550}","{'id': 29980, 'rank': 9, 'fitness': 0.8695820763355637, 'generation': 550}","{'id': 29980, 'rank': 10, 'fitness': 0.8695820763355637, 'generation': 550}","{'id': 30231, 'rank': 11, 'fitness': 0.8632115175521262, 'generation': 550}","{'id': 30231, 'rank': 12, 'fitness': 0.8632115175521262, 'generation': 550}","{'id': 30078, 'rank': 13, 'fitness': 0.842532181414557, 'generation': 550}","{'id': 30214, 'rank': 14, 'fitness': 0.8240948254980762, 'generation': 550}","{'id': 30245, 'rank': 15, 'fitness': 0.8064768202772175, 'generation': 550}","{'id': 30291, 'rank': 16, 'fitness': 0.7246931646812034, 'generation': 550}","{'id': 30253, 'rank': 17, 'fitness': 0.5663389128642162, 'generation': 550}","{'id': 30257, 'rank': 18, 'fitness': 0.5510730741624486, 'generation': 550}","{'id': 30263, 'rank': 19, 'fitness': 0.43116950690575306, 'generation': 550}","{'id': 30298, 'rank': 20, 'fitness': 0.38383101959986143, 'generation': 550}","{'id': 30298, 'rank': 21, 'fitness': 0.38383101959986143, 'generation': 550}","{'id': 30249, 'rank': 22, 'fitness': 0.34150750422742615, 'generation': 550}","{'id': 30265, 'rank': 23, 'fitness': 0.2282082089037158, 'generation': 550}","{'id': 30296, 'rank': 24, 'fitness': 0.20255674346163266, 'generation': 550}","{'id': 30296, 'rank': 25, 'fitness': 0.20255674346163266, 'generation': 550}","{'id': 30296, 'rank': 26, 'fitness': 0.20255674346163266, 'generation': 550}","{'id': 30259, 'rank': 27, 'fitness': 0.1452478573708315, 'generation': 550}","{'id': 30292, 'rank': 28, 'fitness': 0.14174029558873208, 'generation': 550}","{'id': 30279, 'rank': 29, 'fitness': 0.1189266942316679, 'generation': 550}","{'id': 30261, 'rank': 30, 'fitness': 0.01798620996209155, 'generation': 550}"
"{'id': 30339, 'rank': 1, 'fitness': 0.9820137900379085, 'generation': 551}","{'id': 30248, 'rank': 2, 'fitness': 0.9506003233371969, 'generation': 551}","{'id': 30310, 'rank': 3, 'fitness': 0.9496948713308612, 'generation': 551}","{'id': 30315, 'rank': 4, 'fitness': 0.9341690314937687, 'generation': 551}","{'id': 30322, 'rank': 5, 'fitness': 0.9160735827636921, 'generation': 551}","{'id': 30096, 'rank': 6, 'fitness': 0.9065721254114631, 'generation': 551}","{'id': 30338, 'rank': 7, 'fitness': 0.8986888823713128, 'generation': 551}","{'id': 30350, 'rank': 8, 'fitness': 0.8814873188717013, 'generation': 551}","{'id': 30350, 'rank': 9, 'fitness': 0.8814873188717013, 'generation': 551}","{'id': 30231, 'rank': 10, 'fitness': 0.8025694406892723, 'generation': 551}","{'id': 30368, 'rank': 11, 'fitness': 0.6602169813234279, 'generation': 551}","{'id': 30336, 'rank': 12, 'fitness': 0.5337611058825533, 'generation': 551}","{'id': 30253, 'rank': 13, 'fitness': 0.4823040008488626, 'generation': 551}","{'id': 30257, 'rank': 14, 'fitness': 0.46786330048239066, 'generation': 551}","{'id': 30335, 'rank': 15, 'fitness': 0.45829454373551676, 'generation': 551}","{'id': 30326, 'rank': 16, 'fitness': 0.451954289710866, 'generation': 551}","{'id': 30263, 'rank': 17, 'fitness': 0.3590286806859262, 'generation': 551}","{'id': 30364, 'rank': 18, 'fitness': 0.3137376703510489, 'generation': 551}","{'id': 30249, 'rank': 19, 'fitness': 0.28201263650536124, 'generation': 551}","{'id': 30354, 'rank': 20, 'fitness': 0.23781032670224, 'generation': 551}","{'id': 30372, 'rank': 21, 'fitness': 0.21457703063952277, 'generation': 551}","{'id': 30372, 'rank': 22, 'fitness': 0.21457703063952277, 'generation': 551}","{'id': 30332, 'rank': 23, 'fitness': 0.18485703269054987, 'generation': 551}","{'id': 30357, 'rank': 24, 'fitness': 0.1802348720738829, 'generation': 551}","{'id': 30314, 'rank': 25, 'fitness': 0.12401102193034341, 'generation': 551}","{'id': 30334, 'rank': 26, 'fitness': 0.11471290791097588, 'generation': 551}","{'id': 30320, 'rank': 27, 'fitness': 0.11060688858977413, 'generation': 551}","{'id': 30333, 'rank': 28, 'fitness': 0.10910821590687286, 'generation': 551}","{'id': 30279, 'rank': 29, 'fitness': 0.1003491309520777, 'generation': 551}","{'id': 30355, 'rank': 30, 'fitness': 0.01798620996209155, 'generation': 551}"
"{'id': 30415, 'rank': 1, 'fitness': 0.9820137900379085, 'generation': 552}","{'id': 30421, 'rank': 2, 'fitness': 0.9292863745190432, 'generation': 552}","{'id': 30399, 'rank': 3, 'fitness': 0.8436814550810465, 'generation': 552}","{'id': 30412, 'rank': 4, 'fitness': 0.8101241785078668, 'generation': 552}","{'id': 30096, 'rank': 5, 'fitness': 0.7048916526882695, 'generation': 552}","{'id': 30338, 'rank': 6, 'fitness': 0.6845963430386824, 'generation': 552}","{'id': 30350, 'rank': 7, 'fitness': 0.6426943006669192, 'generation': 552}","{'id': 30350, 'rank': 8, 'fitness': 0.6426943006669192, 'generation': 552}","{'id': 30413, 'rank': 9, 'fitness': 0.6321372383186341, 'generation': 552}","{'id': 30413, 'rank': 10, 'fitness': 0.6321372383186341, 'generation': 552}","{'id': 30231, 'rank': 11, 'fitness': 0.4856597209383871, 'generation': 552}","{'id': 30387, 'rank': 12, 'fitness': 0.237352518905726, 'generation': 552}","{'id': 30336, 'rank': 13, 'fitness': 0.1963801077025788, 'generation': 552}","{'id': 30336, 'rank': 14, 'fitness': 0.1963801077025788, 'generation': 552}","{'id': 30382, 'rank': 15, 'fitness': 0.1853433103565857, 'generation': 552}","{'id': 30382, 'rank': 16, 'fitness': 0.1853433103565857, 'generation': 552}","{'id': 30377, 'rank': 17, 'fitness': 0.18353073124919134, 'generation': 552}","{'id': 30326, 'rank': 18, 'fitness': 0.14691808740400392, 'generation': 552}","{'id': 30326, 'rank': 19, 'fitness': 0.14691808740400392, 'generation': 552}","{'id': 30397, 'rank': 20, 'fitness': 0.13617374317220082, 'generation': 552}","{'id': 30397, 'rank': 21, 'fitness': 0.13617374317220082, 'generation': 552}","{'id': 30397, 'rank': 22, 'fitness': 0.13617374317220082, 'generation': 552}","{'id': 30249, 'rank': 23, 'fitness': 0.07241487158918924, 'generation': 552}","{'id': 30386, 'rank': 24, 'fitness': 0.052373776505027114, 'generation': 552}","{'id': 30386, 'rank': 25, 'fitness': 0.052373776505027114, 'generation': 552}","{'id': 30372, 'rank': 26, 'fitness': 0.05033346766354213, 'generation': 552}","{'id': 30372, 'rank': 27, 'fitness': 0.05033346766354213, 'generation': 552}","{'id': 30320, 'rank': 28, 'fitness': 0.022380418883674813, 'generation': 552}","{'id': 30383, 'rank': 29, 'fitness': 0.01892470904606569, 'generation': 552}","{'id': 30398, 'rank': 30, 'fitness': 0.01798620996209155, 'generation': 552}"
"{'id': 30415, 'rank': 1, 'fitness': 0.9820137900379085, 'generation': 553}","{'id': 30415, 'rank': 2, 'fitness': 0.9820137900379085, 'generation': 553}","{'id': 30444, 'rank': 3, 'fitness': 0.8548195708725426, 'generation': 553}","{'id': 30444, 'rank': 4, 'fitness': 0.8548195708725426, 'generation': 553}","{'id': 30470, 'rank': 5, 'fitness': 0.8490711712565415, 'generation': 553}","{'id': 30399, 'rank': 6, 'fitness': 0.8295690525533228, 'generation': 553}","{'id': 30399, 'rank': 7, 'fitness': 0.8295690525533228, 'generation': 553}","{'id': 30412, 'rank': 8, 'fitness': 0.791999626890194, 'generation': 553}","{'id': 30433, 'rank': 9, 'fitness': 0.7012481988571327, 'generation': 553}","{'id': 30338, 'rank': 10, 'fitness': 0.6527184811370044, 'generation': 553}","{'id': 30350, 'rank': 11, 'fitness': 0.6070010742494677, 'generation': 553}","{'id': 30350, 'rank': 12, 'fitness': 0.6070010742494677, 'generation': 553}","{'id': 30413, 'rank': 13, 'fitness': 0.5955611665176579, 'generation': 553}","{'id': 30413, 'rank': 14, 'fitness': 0.5955611665176579, 'generation': 553}","{'id': 30413, 'rank': 15, 'fitness': 0.5955611665176579, 'generation': 553}","{'id': 30431, 'rank': 16, 'fitness': 0.44168015996388, 'generation': 553}","{'id': 30455, 'rank': 17, 'fitness': 0.34362438670218276, 'generation': 553}","{'id': 30432, 'rank': 18, 'fitness': 0.304880048115705, 'generation': 553}","{'id': 30432, 'rank': 19, 'fitness': 0.304880048115705, 'generation': 553}","{'id': 30454, 'rank': 20, 'fitness': 0.2230096864071806, 'generation': 553}","{'id': 30454, 'rank': 21, 'fitness': 0.2230096864071806, 'generation': 553}","{'id': 30427, 'rank': 22, 'fitness': 0.172540563850967, 'generation': 553}","{'id': 30336, 'rank': 23, 'fitness': 0.16103640985463358, 'generation': 553}","{'id': 30382, 'rank': 24, 'fitness': 0.15120123581986428, 'generation': 553}","{'id': 30453, 'rank': 25, 'fitness': 0.1152623139355694, 'generation': 553}","{'id': 30450, 'rank': 26, 'fitness': 0.11427187740599037, 'generation': 553}","{'id': 30447, 'rank': 27, 'fitness': 0.047696269787498136, 'generation': 553}","{'id': 30386, 'rank': 28, 'fitness': 0.03903896801494944, 'generation': 553}","{'id': 30372, 'rank': 29, 'fitness': 0.037430156738721077, 'generation': 553}","{'id': 30460, 'rank': 30, 'fitness': 0.01798620996209155, 'generation': 553}"
"{'id': 30415, 'rank': 1, 'fitness': 0.9820137900379085, 'generation': 554}","{'id': 30415, 'rank': 2, 'fitness': 0.9820137900379085, 'generation': 554}","{'id': 30490, 'rank': 3, 'fitness': 0.96276588026124, 'generation': 554}","{'id': 30506, 'rank': 4, 'fitness': 0.952897517341226, 'generation': 554}","{'id': 30507, 'rank': 5, 'fitness': 0.9443620806424635, 'generation': 554}","{'id': 30507, 'rank': 6, 'fitness': 0.9443620806424635, 'generation': 554}","{'id': 30518, 'rank': 7, 'fitness': 0.9120548439753916, 'generation': 554}","{'id': 30444, 'rank': 8, 'fitness': 0.9078333011516486, 'generation': 554}","{'id': 30470, 'rank': 9, 'fitness': 0.9048585505791885, 'generation': 554}","{'id': 30399, 'rank': 10, 'fitness': 0.8948342281914146, 'generation': 554}","{'id': 30399, 'rank': 11, 'fitness': 0.8948342281914146, 'generation': 554}","{'id': 30399, 'rank': 12, 'fitness': 0.8948342281914146, 'generation': 554}","{'id': 30433, 'rank': 13, 'fitness': 0.8292438680248034, 'generation': 554}","{'id': 30479, 'rank': 14, 'fitness': 0.7746052613895131, 'generation': 554}","{'id': 30413, 'rank': 15, 'fitness': 0.7723721682362924, 'generation': 554}","{'id': 30413, 'rank': 16, 'fitness': 0.7723721682362924, 'generation': 554}","{'id': 30521, 'rank': 17, 'fitness': 0.757240567892741, 'generation': 554}","{'id': 30493, 'rank': 18, 'fitness': 0.7395436596086158, 'generation': 554}","{'id': 30519, 'rank': 19, 'fitness': 0.6245010082588309, 'generation': 554}","{'id': 30455, 'rank': 20, 'fitness': 0.605039225310324, 'generation': 554}","{'id': 30500, 'rank': 21, 'fitness': 0.5950326823940277, 'generation': 554}","{'id': 30454, 'rank': 22, 'fitness': 0.4910860864389501, 'generation': 554}","{'id': 30336, 'rank': 23, 'fitness': 0.4145881175665819, 'generation': 554}","{'id': 30522, 'rank': 24, 'fitness': 0.37245625780992425, 'generation': 554}","{'id': 30491, 'rank': 25, 'fitness': 0.23412064429856655, 'generation': 554}","{'id': 30475, 'rank': 26, 'fitness': 0.1801118222267204, 'generation': 554}","{'id': 30487, 'rank': 27, 'fitness': 0.16948410706617073, 'generation': 554}","{'id': 30514, 'rank': 28, 'fitness': 0.16055280692418006, 'generation': 554}","{'id': 30498, 'rank': 29, 'fitness': 0.1372710482910785, 'generation': 554}","{'id': 30496, 'rank': 30, 'fitness': 0.01798620996209155, 'generation': 554}"
"{'id': 30415, 'rank': 1, 'fitness': 0.9820137900379085, 'generation': 555}","{'id': 30415, 'rank': 2, 'fitness': 0.9820137900379085, 'generation': 555}","{'id': 30415, 'rank': 3, 'fitness': 0.9820137900379085, 'generation': 555}","{'id': 30490, 'rank': 4, 'fitness': 0.9605160616569326, 'generation': 555}","{'id': 30507, 'rank': 5, 'fitness': 0.939133650703875, 'generation': 555}","{'id': 30507, 'rank': 6, 'fitness': 0.939133650703875, 'generation': 555}","{'id': 30399, 'rank': 7, 'fitness': 0.8796761944019997, 'generation': 555}","{'id': 30399, 'rank': 8, 'fitness': 0.8796761944019997, 'generation': 555}","{'id': 30570, 'rank': 9, 'fitness': 0.7865929523375323, 'generation': 555}","{'id': 30521, 'rank': 10, 'fitness': 0.711763960719348, 'generation': 555}","{'id': 30455, 'rank': 11, 'fitness': 0.5336538933621865, 'generation': 555}","{'id': 30455, 'rank': 12, 'fitness': 0.5336538933621865, 'generation': 555}","{'id': 30569, 'rank': 13, 'fitness': 0.263858782630898, 'generation': 555}","{'id': 30583, 'rank': 14, 'fitness': 0.2365127998366639, 'generation': 555}","{'id': 30548, 'rank': 15, 'fitness': 0.21431036956707739, 'generation': 555}","{'id': 30548, 'rank': 16, 'fitness': 0.21431036956707739, 'generation': 555}","{'id': 30571, 'rank': 17, 'fitness': 0.2080534442319238, 'generation': 555}","{'id': 30571, 'rank': 18, 'fitness': 0.2080534442319238, 'generation': 555}","{'id': 30566, 'rank': 19, 'fitness': 0.17569961597268458, 'generation': 555}","{'id': 30551, 'rank': 20, 'fitness': 0.17066052657906283, 'generation': 555}","{'id': 30545, 'rank': 21, 'fitness': 0.14366152335174143, 'generation': 555}","{'id': 30579, 'rank': 22, 'fitness': 0.09573277100259059, 'generation': 555}","{'id': 30498, 'rank': 23, 'fitness': 0.08991417713658434, 'generation': 555}","{'id': 30544, 'rank': 24, 'fitness': 0.08885523525538463, 'generation': 555}","{'id': 30556, 'rank': 25, 'fitness': 0.08629453694533162, 'generation': 555}","{'id': 30546, 'rank': 26, 'fitness': 0.07831855072363508, 'generation': 555}","{'id': 30542, 'rank': 27, 'fitness': 0.05238084665475984, 'generation': 555}","{'id': 30578, 'rank': 28, 'fitness': 0.04275523052352309, 'generation': 555}","{'id': 30528, 'rank': 29, 'fitness': 0.01798620996209155, 'generation': 555}","{'id': 30528, 'rank': 30, 'fitness': 0.01798620996209155, 'generation': 555}"
"{'id': 30415, 'rank': 1, 'fitness': 0.9820137900379085, 'generation': 556}","{'id': 30415, 'rank': 2, 'fitness': 0.9820137900379085, 'generation': 556}","{'id': 30605, 'rank': 3, 'fitness': 0.9510090544180474, 'generation': 556}","{'id': 30605, 'rank': 4, 'fitness': 0.9510090544180474, 'generation': 556}","{'id': 30631, 'rank': 5, 'fitness': 0.9410146376860017, 'generation': 556}","{'id': 30631, 'rank': 6, 'fitness': 0.9410146376860017, 'generation': 556}","{'id': 30610, 'rank': 7, 'fitness': 0.8384408767796268, 'generation': 556}","{'id': 30399, 'rank': 8, 'fitness': 0.8320664753965652, 'generation': 556}","{'id': 30621, 'rank': 9, 'fitness': 0.7032177416885086, 'generation': 556}","{'id': 30587, 'rank': 10, 'fitness': 0.671606992217409, 'generation': 556}","{'id': 30587, 'rank': 11, 'fitness': 0.671606992217409, 'generation': 556}","{'id': 30587, 'rank': 12, 'fitness': 0.671606992217409, 'generation': 556}","{'id': 30609, 'rank': 13, 'fitness': 0.6500601704712813, 'generation': 556}","{'id': 30609, 'rank': 14, 'fitness': 0.6500601704712813, 'generation': 556}","{'id': 30635, 'rank': 15, 'fitness': 0.5544072882938762, 'generation': 556}","{'id': 30629, 'rank': 16, 'fitness': 0.3454442041148023, 'generation': 556}","{'id': 30614, 'rank': 17, 'fitness': 0.21117887645281747, 'generation': 556}","{'id': 30617, 'rank': 18, 'fitness': 0.20055991435688875, 'generation': 556}","{'id': 30617, 'rank': 19, 'fitness': 0.20055991435688875, 'generation': 556}","{'id': 30569, 'rank': 20, 'fitness': 0.11936522042666325, 'generation': 556}","{'id': 30569, 'rank': 21, 'fitness': 0.11936522042666325, 'generation': 556}","{'id': 30633, 'rank': 22, 'fitness': 0.11561290918287503, 'generation': 556}","{'id': 30608, 'rank': 23, 'fitness': 0.1147081075457212, 'generation': 556}","{'id': 30600, 'rank': 24, 'fitness': 0.11187214634742304, 'generation': 556}","{'id': 30548, 'rank': 25, 'fitness': 0.08911982913952882, 'generation': 556}","{'id': 30613, 'rank': 26, 'fitness': 0.07641413973595396, 'generation': 556}","{'id': 30613, 'rank': 27, 'fitness': 0.07641413973595396, 'generation': 556}","{'id': 30598, 'rank': 28, 'fitness': 0.07435888996074563, 'generation': 556}","{'id': 30599, 'rank': 29, 'fitness': 0.01908631948170214, 'generation': 556}","{'id': 30620, 'rank': 30, 'fitness': 0.01798620996209155, 'generation': 556}"
"{'id': 30415, 'rank': 1, 'fitness': 0.9820137900379085, 'generation': 557}","{'id': 30415, 'rank': 2, 'fitness': 0.9820137900379085, 'generation': 557}","{'id': 30664, 'rank': 3, 'fitness': 0.9706006617896678, 'generation': 557}","{'id': 30666, 'rank': 4, 'fitness': 0.9238551638136994, 'generation': 557}","{'id': 30684, 'rank': 5, 'fitness': 0.9059801313299904, 'generation': 557}","{'id': 30610, 'rank': 6, 'fitness': 0.8687927794905215, 'generation': 557}","{'id': 30399, 'rank': 7, 'fitness': 0.8639855175821216, 'generation': 557}","{'id': 30665, 'rank': 8, 'fitness': 0.8293491439422684, 'generation': 557}","{'id': 30680, 'rank': 9, 'fitness': 0.8233179213033103, 'generation': 557}","{'id': 30680, 'rank': 10, 'fitness': 0.8233179213033103, 'generation': 557}","{'id': 30621, 'rank': 11, 'fitness': 0.7662926280929117, 'generation': 557}","{'id': 30587, 'rank': 12, 'fitness': 0.7418353584645085, 'generation': 557}","{'id': 30587, 'rank': 13, 'fitness': 0.7418353584645085, 'generation': 557}","{'id': 30609, 'rank': 14, 'fitness': 0.72498535771991, 'generation': 557}","{'id': 30650, 'rank': 15, 'fitness': 0.6969487078471991, 'generation': 557}","{'id': 30635, 'rank': 16, 'fitness': 0.6479444150879184, 'generation': 557}","{'id': 30635, 'rank': 17, 'fitness': 0.6479444150879184, 'generation': 557}","{'id': 30635, 'rank': 18, 'fitness': 0.6479444150879184, 'generation': 557}","{'id': 30688, 'rank': 19, 'fitness': 0.4872210125834089, 'generation': 557}","{'id': 30688, 'rank': 20, 'fitness': 0.4872210125834089, 'generation': 557}","{'id': 30614, 'rank': 21, 'fitness': 0.3170748603267176, 'generation': 557}","{'id': 30617, 'rank': 22, 'fitness': 0.30460043999599634, 'generation': 557}","{'id': 30617, 'rank': 23, 'fitness': 0.30460043999599634, 'generation': 557}","{'id': 30649, 'rank': 24, 'fitness': 0.30404744546849416, 'generation': 557}","{'id': 30644, 'rank': 25, 'fitness': 0.2784004587190825, 'generation': 557}","{'id': 30679, 'rank': 26, 'fitness': 0.2751268193820403, 'generation': 557}","{'id': 30569, 'rank': 27, 'fitness': 0.2014269435367948, 'generation': 557}","{'id': 30548, 'rank': 28, 'fitness': 0.15847431148855773, 'generation': 557}","{'id': 30640, 'rank': 29, 'fitness': 0.022228713432840108, 'generation': 557}","{'id': 30660, 'rank': 30, 'fitness': 0.01798620996209155, 'generation': 557}"
"{'id': 30415, 'rank': 1, 'fitness': 0.9820137900379085, 'generation': 558}","{'id': 30664, 'rank': 2, 'fitness': 0.9696909957161176, 'generation': 558}","{'id': 30664, 'rank': 3, 'fitness': 0.9696909957161176, 'generation': 558}","{'id': 30742, 'rank': 4, 'fitness': 0.9404588489929301, 'generation': 558}","{'id': 30666, 'rank': 5, 'fitness': 0.9169800521357746, 'generation': 558}","{'id': 30684, 'rank': 6, 'fitness': 0.8963407585971077, 'generation': 558}","{'id': 30695, 'rank': 7, 'fitness': 0.8513616737952616, 'generation': 558}","{'id': 30399, 'rank': 8, 'fitness': 0.8474159045119212, 'generation': 558}","{'id': 30399, 'rank': 9, 'fitness': 0.8474159045119212, 'generation': 558}","{'id': 30680, 'rank': 10, 'fitness': 0.7998452914818623, 'generation': 558}","{'id': 30705, 'rank': 11, 'fitness': 0.7020183274162638, 'generation': 558}","{'id': 30650, 'rank': 12, 'fitness': 0.653634518742582, 'generation': 558}","{'id': 30754, 'rank': 13, 'fitness': 0.29017613367852657, 'generation': 558}","{'id': 30754, 'rank': 14, 'fitness': 0.29017613367852657, 'generation': 558}","{'id': 30614, 'rank': 15, 'fitness': 0.25637244024431677, 'generation': 558}","{'id': 30617, 'rank': 16, 'fitness': 0.24475513172801744, 'generation': 558}","{'id': 30727, 'rank': 17, 'fitness': 0.23241126165031378, 'generation': 558}","{'id': 30679, 'rank': 18, 'fitness': 0.21771899244547327, 'generation': 558}","{'id': 30569, 'rank': 19, 'fitness': 0.15275446814594557, 'generation': 558}","{'id': 30751, 'rank': 20, 'fitness': 0.14332956738865987, 'generation': 558}","{'id': 30718, 'rank': 21, 'fitness': 0.1370231532515651, 'generation': 558}","{'id': 30718, 'rank': 22, 'fitness': 0.1370231532515651, 'generation': 558}","{'id': 30718, 'rank': 23, 'fitness': 0.1370231532515651, 'generation': 558}","{'id': 30731, 'rank': 24, 'fitness': 0.09074693771187015, 'generation': 558}","{'id': 30716, 'rank': 25, 'fitness': 0.03853057897869555, 'generation': 558}","{'id': 30716, 'rank': 26, 'fitness': 0.03853057897869555, 'generation': 558}","{'id': 30717, 'rank': 27, 'fitness': 0.03735954045069029, 'generation': 558}","{'id': 30704, 'rank': 28, 'fitness': 0.03678199521527975, 'generation': 558}","{'id': 30741, 'rank': 29, 'fitness': 0.03232078826960322, 'generation': 558}","{'id': 30753, 'rank': 30, 'fitness': 0.01798620996209155, 'generation': 558}"
"{'id': 30772, 'rank': 1, 'fitness': 0.9820137900379085, 'generation': 559}","{'id': 30415, 'rank': 2, 'fitness': 0.9671295004640956, 'generation': 559}","{'id': 30415, 'rank': 3, 'fitness': 0.9671295004640956, 'generation': 559}","{'id': 30415, 'rank': 4, 'fitness': 0.9671295004640956, 'generation': 559}","{'id': 30415, 'rank': 5, 'fitness': 0.9671295004640956, 'generation': 559}","{'id': 30760, 'rank': 6, 'fitness': 0.9140823458536071, 'generation': 559}","{'id': 30804, 'rank': 7, 'fitness': 0.9035667720273262, 'generation': 559}","{'id': 30742, 'rank': 8, 'fitness': 0.8927414732906244, 'generation': 559}","{'id': 30695, 'rank': 9, 'fitness': 0.7476945867725755, 'generation': 559}","{'id': 30399, 'rank': 10, 'fitness': 0.7417246558886081, 'generation': 559}","{'id': 30793, 'rank': 11, 'fitness': 0.6541517356732712, 'generation': 559}","{'id': 30805, 'rank': 12, 'fitness': 0.5741833903614356, 'generation': 559}","{'id': 30805, 'rank': 13, 'fitness': 0.5741833903614356, 'generation': 559}","{'id': 30705, 'rank': 14, 'fitness': 0.5453536934329406, 'generation': 559}","{'id': 30773, 'rank': 15, 'fitness': 0.3744551904003668, 'generation': 559}","{'id': 30767, 'rank': 16, 'fitness': 0.31127666048579256, 'generation': 559}","{'id': 30758, 'rank': 17, 'fitness': 0.30191664492076675, 'generation': 559}","{'id': 30754, 'rank': 18, 'fitness': 0.16781732254657644, 'generation': 559}","{'id': 30778, 'rank': 19, 'fitness': 0.15565334980090417, 'generation': 559}","{'id': 30679, 'rank': 20, 'fitness': 0.11998202335470554, 'generation': 559}","{'id': 30761, 'rank': 21, 'fitness': 0.11261819655314964, 'generation': 559}","{'id': 30771, 'rank': 22, 'fitness': 0.08456781703968275, 'generation': 559}","{'id': 30769, 'rank': 23, 'fitness': 0.06441673269732978, 'generation': 559}","{'id': 30787, 'rank': 24, 'fitness': 0.06101686559787234, 'generation': 559}","{'id': 30787, 'rank': 25, 'fitness': 0.06101686559787234, 'generation': 559}","{'id': 30768, 'rank': 26, 'fitness': 0.0586424302793484, 'generation': 559}","{'id': 30768, 'rank': 27, 'fitness': 0.0586424302793484, 'generation': 559}","{'id': 30807, 'rank': 28, 'fitness': 0.057388699974744606, 'generation': 559}","{'id': 30776, 'rank': 29, 'fitness': 0.022963201754452878, 'generation': 559}","{'id': 30786, 'rank': 30, 'fitness': 0.01798620996209155, 'generation': 559}"
"{'id': 30415, 'rank': 1, 'fitness': 0.9820137900379085, 'generation': 560}","{'id': 30415, 'rank': 2, 'fitness': 0.9820137900379085, 'generation': 560}","{'id': 30415, 'rank': 3, 'fitness': 0.9820137900379085, 'generation': 560}","{'id': 30760, 'rank': 4, 'fitness': 0.9618550708400313, 'generation': 560}","{'id': 30804, 'rank': 5, 'fitness': 0.9581533760540839, 'generation': 560}","{'id': 30742, 'rank': 6, 'fitness': 0.9543943189188785, 'generation': 560}","{'id': 30840, 'rank': 7, 'fitness': 0.9505421426028252, 'generation': 560}","{'id': 30857, 'rank': 8, 'fitness': 0.9358571927639894, 'generation': 560}","{'id': 30848, 'rank': 9, 'fitness': 0.9289823718551169, 'generation': 560}","{'id': 30695, 'rank': 10, 'fitness': 0.9052323008953891, 'generation': 560}","{'id': 30695, 'rank': 11, 'fitness': 0.9052323008953891, 'generation': 560}","{'id': 30833, 'rank': 12, 'fitness': 0.8779275406185547, 'generation': 560}","{'id': 30793, 'rank': 13, 'fitness': 0.8716648419705875, 'generation': 560}","{'id': 30805, 'rank': 14, 'fitness': 0.8400719435499712, 'generation': 560}","{'id': 30705, 'rank': 15, 'fitness': 0.8277677755791526, 'generation': 560}","{'id': 30828, 'rank': 16, 'fitness': 0.824991455137843, 'generation': 560}","{'id': 30826, 'rank': 17, 'fitness': 0.7774759702677347, 'generation': 560}","{'id': 30767, 'rank': 18, 'fitness': 0.6960616895283916, 'generation': 560}","{'id': 30843, 'rank': 19, 'fitness': 0.6387421509215093, 'generation': 560}","{'id': 30835, 'rank': 20, 'fitness': 0.6289225591801404, 'generation': 560}","{'id': 30819, 'rank': 21, 'fitness': 0.6240654127776493, 'generation': 560}","{'id': 30825, 'rank': 22, 'fitness': 0.5728996259255192, 'generation': 560}","{'id': 30754, 'rank': 23, 'fitness': 0.5537232328039708, 'generation': 560}","{'id': 30816, 'rank': 24, 'fitness': 0.5386640689712374, 'generation': 560}","{'id': 30839, 'rank': 25, 'fitness': 0.5142254822036908, 'generation': 560}","{'id': 30852, 'rank': 26, 'fitness': 0.4316151727192539, 'generation': 560}","{'id': 30815, 'rank': 27, 'fitness': 0.4133063587494678, 'generation': 560}","{'id': 30815, 'rank': 28, 'fitness': 0.4133063587494678, 'generation': 560}","{'id': 30768, 'rank': 29, 'fitness': 0.3370678741719957, 'generation': 560}","{'id': 30847, 'rank': 30, 'fitness': 0.01798620996209155, 'generation': 560}"
"{'id': 30415, 'rank': 1, 'fitness': 0.9820137900379085, 'generation': 561}","{'id': 30415, 'rank': 2, 'fitness': 0.9820137900379085, 'generation': 561}","{'id': 30415, 'rank': 3, 'fitness': 0.9820137900379085, 'generation': 561}","{'id': 30840, 'rank': 4, 'fitness': 0.9396557381762021, 'generation': 561}","{'id': 30857, 'rank': 5, 'fitness': 0.9179143220076049, 'generation': 561}","{'id': 30848, 'rank': 6, 'fitness': 0.9074711416699106, 'generation': 561}","{'id': 30890, 'rank': 7, 'fitness': 0.8919409001251977, 'generation': 561}","{'id': 30890, 'rank': 8, 'fitness': 0.8919409001251977, 'generation': 561}","{'id': 30695, 'rank': 9, 'fitness': 0.8704977703639258, 'generation': 561}","{'id': 30833, 'rank': 10, 'fitness': 0.8269756874779779, 'generation': 561}","{'id': 30833, 'rank': 11, 'fitness': 0.8269756874779779, 'generation': 561}","{'id': 30805, 'rank': 12, 'fitness': 0.7661727123306461, 'generation': 561}","{'id': 30805, 'rank': 13, 'fitness': 0.7661727123306461, 'generation': 561}","{'id': 30805, 'rank': 14, 'fitness': 0.7661727123306461, 'generation': 561}","{'id': 30705, 'rank': 15, 'fitness': 0.7465006647767315, 'generation': 561}","{'id': 30767, 'rank': 16, 'fitness': 0.5471931245322011, 'generation': 561}","{'id': 30767, 'rank': 17, 'fitness': 0.5471931245322011, 'generation': 561}","{'id': 30877, 'rank': 18, 'fitness': 0.47245650042129433, 'generation': 561}","{'id': 30754, 'rank': 19, 'fitness': 0.3665385006654958, 'generation': 561}","{'id': 30754, 'rank': 20, 'fitness': 0.3665385006654958, 'generation': 561}","{'id': 30754, 'rank': 21, 'fitness': 0.3665385006654958, 'generation': 561}","{'id': 30887, 'rank': 22, 'fitness': 0.3353255599514191, 'generation': 561}","{'id': 30839, 'rank': 23, 'fitness': 0.3234600039124151, 'generation': 561}","{'id': 30867, 'rank': 24, 'fitness': 0.3029750828267911, 'generation': 561}","{'id': 30864, 'rank': 25, 'fitness': 0.2928630881819412, 'generation': 561}","{'id': 30923, 'rank': 26, 'fitness': 0.27304555351972304, 'generation': 561}","{'id': 30852, 'rank': 27, 'fitness': 0.24286097019454922, 'generation': 561}","{'id': 30815, 'rank': 28, 'fitness': 0.226665677647732, 'generation': 561}","{'id': 30886, 'rank': 29, 'fitness': 0.10521158842776701, 'generation': 561}","{'id': 30910, 'rank': 30, 'fitness': 0.01798620996209155, 'generation': 561}"
"{'id': 30415, 'rank': 1, 'fitness': 0.9820137900379085, 'generation': 562}","{'id': 30415, 'rank': 2, 'fitness': 0.9820137900379085, 'generation': 562}","{'id': 30972, 'rank': 3, 'fitness': 0.909002073977197, 'generation': 562}","{'id': 30971, 'rank': 4, 'fitness': 0.8866987027822495, 'generation': 562}","{'id': 30695, 'rank': 5, 'fitness': 0.8284061883018452, 'generation': 562}","{'id': 30833, 'rank': 6, 'fitness': 0.764850875550056, 'generation': 562}","{'id': 30990, 'rank': 7, 'fitness': 0.6843858245333874, 'generation': 562}","{'id': 30805, 'rank': 8, 'fitness': 0.6774958197584717, 'generation': 562}","{'id': 30805, 'rank': 9, 'fitness': 0.6774958197584717, 'generation': 562}","{'id': 30705, 'rank': 10, 'fitness': 0.6499052744094099, 'generation': 562}","{'id': 30935, 'rank': 11, 'fitness': 0.5108985410176197, 'generation': 562}","{'id': 30942, 'rank': 12, 'fitness': 0.44046733108600256, 'generation': 562}","{'id': 30942, 'rank': 13, 'fitness': 0.44046733108600256, 'generation': 562}","{'id': 30942, 'rank': 14, 'fitness': 0.44046733108600256, 'generation': 562}","{'id': 30767, 'rank': 15, 'fitness': 0.3982350443996802, 'generation': 562}","{'id': 30767, 'rank': 16, 'fitness': 0.3982350443996802, 'generation': 562}","{'id': 30767, 'rank': 17, 'fitness': 0.3982350443996802, 'generation': 562}","{'id': 30985, 'rank': 18, 'fitness': 0.3522896105310649, 'generation': 562}","{'id': 30988, 'rank': 19, 'fitness': 0.34580464485458995, 'generation': 562}","{'id': 30988, 'rank': 20, 'fitness': 0.34580464485458995, 'generation': 562}","{'id': 30955, 'rank': 21, 'fitness': 0.33811942414412977, 'generation': 562}","{'id': 30974, 'rank': 22, 'fitness': 0.3189082023299932, 'generation': 562}","{'id': 30959, 'rank': 23, 'fitness': 0.2424731761505311, 'generation': 562}","{'id': 30978, 'rank': 24, 'fitness': 0.24000305645537784, 'generation': 562}","{'id': 30754, 'rank': 25, 'fitness': 0.22000673347376237, 'generation': 562}","{'id': 30754, 'rank': 26, 'fitness': 0.22000673347376237, 'generation': 562}","{'id': 30887, 'rank': 27, 'fitness': 0.1939740659946228, 'generation': 562}","{'id': 30968, 'rank': 28, 'fitness': 0.1250143924540636, 'generation': 562}","{'id': 30967, 'rank': 29, 'fitness': 0.02548206290397864, 'generation': 562}","{'id': 30982, 'rank': 30, 'fitness': 0.01798620996209155, 'generation': 562}"
"{'id': 30415, 'rank': 1, 'fitness': 0.9820137900379085, 'generation': 563}","{'id': 30415, 'rank': 2, 'fitness': 0.9820137900379085, 'generation': 563}","{'id': 30415, 'rank': 3, 'fitness': 0.9820137900379085, 'generation': 563}","{'id': 30971, 'rank': 4, 'fitness': 0.8897773768817651, 'generation': 563}","{'id': 31023, 'rank': 5, 'fitness': 0.786906509112173, 'generation': 563}","{'id': 30833, 'rank': 6, 'fitness': 0.772853348237976, 'generation': 563}","{'id': 30833, 'rank': 7, 'fitness': 0.772853348237976, 'generation': 563}","{'id': 30990, 'rank': 8, 'fitness': 0.6954041396269176, 'generation': 563}","{'id': 30990, 'rank': 9, 'fitness': 0.6954041396269176, 'generation': 563}","{'id': 30805, 'rank': 10, 'fitness': 0.688753796975773, 'generation': 563}","{'id': 30805, 'rank': 11, 'fitness': 0.688753796975773, 'generation': 563}","{'id': 31051, 'rank': 12, 'fitness': 0.5557701719071946, 'generation': 563}","{'id': 31003, 'rank': 13, 'fitness': 0.5323215369528288, 'generation': 563}","{'id': 30935, 'rank': 14, 'fitness': 0.5266668148508665, 'generation': 563}","{'id': 30942, 'rank': 15, 'fitness': 0.4572094510892638, 'generation': 563}","{'id': 30942, 'rank': 16, 'fitness': 0.4572094510892638, 'generation': 563}","{'id': 30942, 'rank': 17, 'fitness': 0.4572094510892638, 'generation': 563}","{'id': 30767, 'rank': 18, 'fitness': 0.415233942742991, 'generation': 563}","{'id': 30985, 'rank': 19, 'fitness': 0.3692575236947445, 'generation': 563}","{'id': 30985, 'rank': 20, 'fitness': 0.3692575236947445, 'generation': 563}","{'id': 30988, 'rank': 21, 'fitness': 0.36274041823474995, 'generation': 563}","{'id': 30978, 'rank': 22, 'fitness': 0.2553278182610218, 'generation': 563}","{'id': 30978, 'rank': 23, 'fitness': 0.2553278182610218, 'generation': 563}","{'id': 30754, 'rank': 24, 'fitness': 0.23477242760018413, 'generation': 563}","{'id': 30968, 'rank': 25, 'fitness': 0.13577326707143794, 'generation': 563}","{'id': 31038, 'rank': 26, 'fitness': 0.04293308964569065, 'generation': 563}","{'id': 31028, 'rank': 27, 'fitness': 0.025292993991845647, 'generation': 563}","{'id': 31028, 'rank': 28, 'fitness': 0.025292993991845647, 'generation': 563}","{'id': 31043, 'rank': 29, 'fitness': 0.02094768385154555, 'generation': 563}","{'id': 31045, 'rank': 30, 'fitness': 0.01798620996209155, 'generation': 563}"
"{'id': 30415, 'rank': 1, 'fitness': 0.9820137900379085, 'generation': 564}","{'id': 30415, 'rank': 2, 'fitness': 0.9820137900379085, 'generation': 564}","{'id': 30415, 'rank': 3, 'fitness': 0.9820137900379085, 'generation': 564}","{'id': 30415, 'rank': 4, 'fitness': 0.9820137900379085, 'generation': 564}","{'id': 31055, 'rank': 5, 'fitness': 0.9677905286857261, 'generation': 564}","{'id': 31055, 'rank': 6, 'fitness': 0.9677905286857261, 'generation': 564}","{'id': 31101, 'rank': 7, 'fitness': 0.8707552203756748, 'generation': 564}","{'id': 31103, 'rank': 8, 'fitness': 0.863771685474974, 'generation': 564}","{'id': 31103, 'rank': 9, 'fitness': 0.863771685474974, 'generation': 564}","{'id': 30833, 'rank': 10, 'fitness': 0.7652267029772128, 'generation': 564}","{'id': 30805, 'rank': 11, 'fitness': 0.6780232259666397, 'generation': 564}","{'id': 31051, 'rank': 12, 'fitness': 0.541303665382015, 'generation': 564}","{'id': 30942, 'rank': 13, 'fitness': 0.44124194891042545, 'generation': 564}","{'id': 30942, 'rank': 14, 'fitness': 0.44124194891042545, 'generation': 564}","{'id': 30942, 'rank': 15, 'fitness': 0.44124194891042545, 'generation': 564}","{'id': 30942, 'rank': 16, 'fitness': 0.44124194891042545, 'generation': 564}","{'id': 30767, 'rank': 17, 'fitness': 0.39901920323438494, 'generation': 564}","{'id': 31104, 'rank': 18, 'fitness': 0.3623095706556622, 'generation': 564}","{'id': 31091, 'rank': 19, 'fitness': 0.27576153858973473, 'generation': 564}","{'id': 31091, 'rank': 20, 'fitness': 0.27576153858973473, 'generation': 564}","{'id': 31084, 'rank': 21, 'fitness': 0.2725324358329013, 'generation': 564}","{'id': 31096, 'rank': 22, 'fitness': 0.2613763154640589, 'generation': 564}","{'id': 31069, 'rank': 23, 'fitness': 0.25994852226356213, 'generation': 564}","{'id': 30978, 'rank': 24, 'fitness': 0.24070043424433268, 'generation': 564}","{'id': 31080, 'rank': 25, 'fitness': 0.10200720111867123, 'generation': 564}","{'id': 31105, 'rank': 26, 'fitness': 0.045548283046993765, 'generation': 564}","{'id': 31105, 'rank': 27, 'fitness': 0.045548283046993765, 'generation': 564}","{'id': 31078, 'rank': 28, 'fitness': 0.028552968411944157, 'generation': 564}","{'id': 31075, 'rank': 29, 'fitness': 0.01798620996209155, 'generation': 564}","{'id': 31075, 'rank': 30, 'fitness': 0.01798620996209155, 'generation': 564}"
"{'id': 30415, 'rank': 1, 'fitness': 0.9820137900379085, 'generation': 565}","{'id': 30415, 'rank': 2, 'fitness': 0.9820137900379085, 'generation': 565}","{'id': 30415, 'rank': 3, 'fitness': 0.9820137900379085, 'generation': 565}","{'id': 31137, 'rank': 4, 'fitness': 0.928368171629954, 'generation': 565}","{'id': 31137, 'rank': 5, 'fitness': 0.928368171629954, 'generation': 565}","{'id': 31146, 'rank': 6, 'fitness': 0.9215394337313718, 'generation': 565}","{'id': 31146, 'rank': 7, 'fitness': 0.9215394337313718, 'generation': 565}","{'id': 31146, 'rank': 8, 'fitness': 0.9215394337313718, 'generation': 565}","{'id': 31146, 'rank': 9, 'fitness': 0.9215394337313718, 'generation': 565}","{'id': 31127, 'rank': 10, 'fitness': 0.6109921875781045, 'generation': 565}","{'id': 31051, 'rank': 11, 'fitness': 0.534453106176276, 'generation': 565}","{'id': 31051, 'rank': 12, 'fitness': 0.534453106176276, 'generation': 565}","{'id': 30942, 'rank': 13, 'fitness': 0.4337489839055343, 'generation': 565}","{'id': 30942, 'rank': 14, 'fitness': 0.4337489839055343, 'generation': 565}","{'id': 30942, 'rank': 15, 'fitness': 0.4337489839055343, 'generation': 565}","{'id': 30767, 'rank': 16, 'fitness': 0.3914435635133728, 'generation': 565}","{'id': 31091, 'rank': 17, 'fitness': 0.268690678953256, 'generation': 565}","{'id': 31069, 'rank': 18, 'fitness': 0.2530318219643475, 'generation': 565}","{'id': 31069, 'rank': 19, 'fitness': 0.2530318219643475, 'generation': 565}","{'id': 31134, 'rank': 20, 'fitness': 0.21864280001336478, 'generation': 565}","{'id': 31117, 'rank': 21, 'fitness': 0.21684147415984756, 'generation': 565}","{'id': 31117, 'rank': 22, 'fitness': 0.21684147415984756, 'generation': 565}","{'id': 31145, 'rank': 23, 'fitness': 0.12483417748538561, 'generation': 565}","{'id': 31147, 'rank': 24, 'fitness': 0.10517419593995048, 'generation': 565}","{'id': 31080, 'rank': 25, 'fitness': 0.09801264617497141, 'generation': 565}","{'id': 31136, 'rank': 26, 'fitness': 0.06964942984698397, 'generation': 565}","{'id': 31164, 'rank': 27, 'fitness': 0.06688805152016164, 'generation': 565}","{'id': 31160, 'rank': 28, 'fitness': 0.03371536274198478, 'generation': 565}","{'id': 31149, 'rank': 29, 'fitness': 0.018995984299060464, 'generation': 565}","{'id': 31139, 'rank': 30, 'fitness': 0.01798620996209155, 'generation': 565}"
"{'id': 30415, 'rank': 1, 'fitness': 0.9820137900379085, 'generation': 566}","{'id': 30415, 'rank': 2, 'fitness': 0.9820137900379085, 'generation': 566}","{'id': 31137, 'rank': 3, 'fitness': 0.9195227649325717, 'generation': 566}","{'id': 31146, 'rank': 4, 'fitness': 0.9112355854945923, 'generation': 566}","{'id': 31146, 'rank': 5, 'fitness': 0.9112355854945923, 'generation': 566}","{'id': 31146, 'rank': 6, 'fitness': 0.9112355854945923, 'generation': 566}","{'id': 31199, 'rank': 7, 'fitness': 0.6373459341993124, 'generation': 566}","{'id': 31127, 'rank': 8, 'fitness': 0.5350825152925982, 'generation': 566}","{'id': 31127, 'rank': 9, 'fitness': 0.5350825152925982, 'generation': 566}","{'id': 31051, 'rank': 10, 'fitness': 0.45007749156823834, 'generation': 566}","{'id': 31051, 'rank': 11, 'fitness': 0.45007749156823834, 'generation': 566}","{'id': 31179, 'rank': 12, 'fitness': 0.35258205539694404, 'generation': 566}","{'id': 31179, 'rank': 13, 'fitness': 0.35258205539694404, 'generation': 566}","{'id': 30942, 'rank': 14, 'fitness': 0.34515344563818295, 'generation': 566}","{'id': 30942, 'rank': 15, 'fitness': 0.34515344563818295, 'generation': 566}","{'id': 30942, 'rank': 16, 'fitness': 0.34515344563818295, 'generation': 566}","{'id': 30767, 'rank': 17, 'fitness': 0.3035617684043285, 'generation': 566}","{'id': 31204, 'rank': 18, 'fitness': 0.2936702648634949, 'generation': 566}","{'id': 31216, 'rank': 19, 'fitness': 0.18596392465283934, 'generation': 566}","{'id': 31117, 'rank': 20, 'fitness': 0.14840429530400362, 'generation': 566}","{'id': 31117, 'rank': 21, 'fitness': 0.14840429530400362, 'generation': 566}","{'id': 31145, 'rank': 22, 'fitness': 0.07809289592362201, 'generation': 566}","{'id': 31190, 'rank': 23, 'fitness': 0.07279682071542315, 'generation': 566}","{'id': 31214, 'rank': 24, 'fitness': 0.059491091177657496, 'generation': 566}","{'id': 31197, 'rank': 25, 'fitness': 0.04542918973530152, 'generation': 566}","{'id': 31217, 'rank': 26, 'fitness': 0.04317840765853814, 'generation': 566}","{'id': 31217, 'rank': 27, 'fitness': 0.04317840765853814, 'generation': 566}","{'id': 31217, 'rank': 28, 'fitness': 0.04317840765853814, 'generation': 566}","{'id': 31182, 'rank': 29, 'fitness': 0.03541052903247943, 'generation': 566}","{'id': 31160, 'rank': 30, 'fitness': 0.01798620996209155, 'generation': 566}"
"{'id': 31244, 'rank': 1, 'fitness': 0.9820137900379085, 'generation': 567}","{'id': 30415, 'rank': 2, 'fitness': 0.914124113581347, 'generation': 567}","{'id': 31245, 'rank': 3, 'fitness': 0.7184611982897895, 'generation': 567}","{'id': 31259, 'rank': 4, 'fitness': 0.6076945178277849, 'generation': 567}","{'id': 31259, 'rank': 5, 'fitness': 0.6076945178277849, 'generation': 567}","{'id': 31259, 'rank': 6, 'fitness': 0.6076945178277849, 'generation': 567}","{'id': 31259, 'rank': 7, 'fitness': 0.6076945178277849, 'generation': 567}","{'id': 31225, 'rank': 8, 'fitness': 0.4526352464311383, 'generation': 567}","{'id': 31127, 'rank': 9, 'fitness': 0.3305644212348516, 'generation': 567}","{'id': 31127, 'rank': 10, 'fitness': 0.3305644212348516, 'generation': 567}","{'id': 31260, 'rank': 11, 'fitness': 0.30222585327884965, 'generation': 567}","{'id': 31051, 'rank': 12, 'fitness': 0.2735114051839881, 'generation': 567}","{'id': 31051, 'rank': 13, 'fitness': 0.2735114051839881, 'generation': 567}","{'id': 31242, 'rank': 14, 'fitness': 0.2350297575809922, 'generation': 567}","{'id': 31179, 'rank': 15, 'fitness': 0.21399989745081655, 'generation': 567}","{'id': 31250, 'rank': 16, 'fitness': 0.21397398605955997, 'generation': 567}","{'id': 30942, 'rank': 17, 'fitness': 0.20965585029834044, 'generation': 567}","{'id': 30942, 'rank': 18, 'fitness': 0.20965585029834044, 'generation': 567}","{'id': 30767, 'rank': 19, 'fitness': 0.1857059322171009, 'generation': 567}","{'id': 31258, 'rank': 20, 'fitness': 0.12264097592315959, 'generation': 567}","{'id': 31261, 'rank': 21, 'fitness': 0.10324846220820527, 'generation': 567}","{'id': 31238, 'rank': 22, 'fitness': 0.08119286960404803, 'generation': 567}","{'id': 31223, 'rank': 23, 'fitness': 0.07406748103812238, 'generation': 567}","{'id': 31145, 'rank': 24, 'fitness': 0.058330772078177995, 'generation': 567}","{'id': 31240, 'rank': 25, 'fitness': 0.04832170648049233, 'generation': 567}","{'id': 31256, 'rank': 26, 'fitness': 0.04368192087924305, 'generation': 567}","{'id': 31256, 'rank': 27, 'fitness': 0.04368192087924305, 'generation': 567}","{'id': 31217, 'rank': 28, 'fitness': 0.036174387761563453, 'generation': 567}","{'id': 31251, 'rank': 29, 'fitness': 0.026774886474207504, 'generation': 567}","{'id': 31160, 'rank': 30, 'fitness': 0.01798620996209155, 'generation': 567}"
"{'id': 30415, 'rank': 1, 'fitness': 0.9820137900379085, 'generation': 568}","{'id': 31271, 'rank': 2, 'fitness': 0.9659399923066424, 'generation': 568}","{'id': 31271, 'rank': 3, 'fitness': 0.9659399923066424, 'generation': 568}","{'id': 31303, 'rank': 4, 'fitness': 0.9075206242646081, 'generation': 568}","{'id': 31303, 'rank': 5, 'fitness': 0.9075206242646081, 'generation': 568}","{'id': 31245, 'rank': 6, 'fitness': 0.8965624544883779, 'generation': 568}","{'id': 31245, 'rank': 7, 'fitness': 0.8965624544883779, 'generation': 568}","{'id': 31302, 'rank': 8, 'fitness': 0.8402542849993657, 'generation': 568}","{'id': 31259, 'rank': 9, 'fitness': 0.8199959942101305, 'generation': 568}","{'id': 31259, 'rank': 10, 'fitness': 0.8199959942101305, 'generation': 568}","{'id': 31259, 'rank': 11, 'fitness': 0.8199959942101305, 'generation': 568}","{'id': 31225, 'rank': 12, 'fitness': 0.6698529868899451, 'generation': 568}","{'id': 31304, 'rank': 13, 'fitness': 0.634766994274451, 'generation': 568}","{'id': 31127, 'rank': 14, 'fitness': 0.5107769692635246, 'generation': 568}","{'id': 31127, 'rank': 15, 'fitness': 0.5107769692635246, 'generation': 568}","{'id': 31285, 'rank': 16, 'fitness': 0.4856395716663064, 'generation': 568}","{'id': 31051, 'rank': 17, 'fitness': 0.4239907963404692, 'generation': 568}","{'id': 31051, 'rank': 18, 'fitness': 0.4239907963404692, 'generation': 568}","{'id': 31179, 'rank': 19, 'fitness': 0.32650218178973367, 'generation': 568}","{'id': 31309, 'rank': 20, 'fitness': 0.25848000188031195, 'generation': 568}","{'id': 31309, 'rank': 21, 'fitness': 0.25848000188031195, 'generation': 568}","{'id': 31287, 'rank': 22, 'fitness': 0.13739502566159967, 'generation': 568}","{'id': 31291, 'rank': 23, 'fitness': 0.11497598040208168, 'generation': 568}","{'id': 31290, 'rank': 24, 'fitness': 0.09610189548120668, 'generation': 568}","{'id': 31290, 'rank': 25, 'fitness': 0.09610189548120668, 'generation': 568}","{'id': 31223, 'rank': 26, 'fitness': 0.09092640393035623, 'generation': 568}","{'id': 31223, 'rank': 27, 'fitness': 0.09092640393035623, 'generation': 568}","{'id': 31240, 'rank': 28, 'fitness': 0.05274647647416747, 'generation': 568}","{'id': 31292, 'rank': 29, 'fitness': 0.03551862373303982, 'generation': 568}","{'id': 31306, 'rank': 30, 'fitness': 0.01798620996209155, 'generation': 568}"
"{'id': 30415, 'rank': 1, 'fitness': 0.9820137900379085, 'generation': 569}","{'id': 31334, 'rank': 2, 'fitness': 0.9754360926213164, 'generation': 569}","{'id': 31245, 'rank': 3, 'fitness': 0.9018387516529569, 'generation': 569}","{'id': 31259, 'rank': 4, 'fitness': 0.831303806266473, 'generation': 569}","{'id': 31259, 'rank': 5, 'fitness': 0.831303806266473, 'generation': 569}","{'id': 31259, 'rank': 6, 'fitness': 0.831303806266473, 'generation': 569}","{'id': 31225, 'rank': 7, 'fitness': 0.6924681452402622, 'generation': 569}","{'id': 31304, 'rank': 8, 'fitness': 0.6596608267007151, 'generation': 569}","{'id': 31304, 'rank': 9, 'fitness': 0.6596608267007151, 'generation': 569}","{'id': 31127, 'rank': 10, 'fitness': 0.5419753542414091, 'generation': 569}","{'id': 31127, 'rank': 11, 'fitness': 0.5419753542414091, 'generation': 569}","{'id': 31361, 'rank': 12, 'fitness': 0.29198167860496166, 'generation': 569}","{'id': 31309, 'rank': 13, 'fitness': 0.29028601315572344, 'generation': 569}","{'id': 31348, 'rank': 14, 'fitness': 0.26625841524520044, 'generation': 569}","{'id': 31313, 'rank': 15, 'fitness': 0.1419142023197809, 'generation': 569}","{'id': 31290, 'rank': 16, 'fitness': 0.1146749831242786, 'generation': 569}","{'id': 31290, 'rank': 17, 'fitness': 0.1146749831242786, 'generation': 569}","{'id': 31223, 'rank': 18, 'fitness': 0.10880664870376727, 'generation': 569}","{'id': 31223, 'rank': 19, 'fitness': 0.10880664870376727, 'generation': 569}","{'id': 31223, 'rank': 20, 'fitness': 0.10880664870376727, 'generation': 569}","{'id': 31344, 'rank': 21, 'fitness': 0.0975858101135138, 'generation': 569}","{'id': 31322, 'rank': 22, 'fitness': 0.07739994031084313, 'generation': 569}","{'id': 31354, 'rank': 23, 'fitness': 0.054790206413582676, 'generation': 569}","{'id': 31354, 'rank': 24, 'fitness': 0.054790206413582676, 'generation': 569}","{'id': 31354, 'rank': 25, 'fitness': 0.054790206413582676, 'generation': 569}","{'id': 31343, 'rank': 26, 'fitness': 0.0375465581875008, 'generation': 569}","{'id': 31363, 'rank': 27, 'fitness': 0.027031168035439868, 'generation': 569}","{'id': 31331, 'rank': 28, 'fitness': 0.019193339403191845, 'generation': 569}","{'id': 31342, 'rank': 29, 'fitness': 0.01798620996209155, 'generation': 569}","{'id': 31342, 'rank': 30, 'fitness': 0.01798620996209155, 'generation': 569}"
"{'id': 31399, 'rank': 1, 'fitness': 0.9820137900379085, 'generation': 570}","{'id': 30415, 'rank': 2, 'fitness': 0.9403165025388107, 'generation': 570}","{'id': 30415, 'rank': 3, 'fitness': 0.9403165025388107, 'generation': 570}","{'id': 31334, 'rank': 4, 'fitness': 0.9272746946763357, 'generation': 570}","{'id': 31394, 'rank': 5, 'fitness': 0.8885080480540781, 'generation': 570}","{'id': 31245, 'rank': 6, 'fitness': 0.8281750559933552, 'generation': 570}","{'id': 31397, 'rank': 7, 'fitness': 0.7771626596291663, 'generation': 570}","{'id': 31259, 'rank': 8, 'fitness': 0.7611069059642209, 'generation': 570}","{'id': 31259, 'rank': 9, 'fitness': 0.7611069059642209, 'generation': 570}","{'id': 31405, 'rank': 10, 'fitness': 0.6670920238114347, 'generation': 570}","{'id': 31225, 'rank': 11, 'fitness': 0.6543564476543567, 'generation': 570}","{'id': 31127, 'rank': 12, 'fitness': 0.5524704947271873, 'generation': 570}","{'id': 31398, 'rank': 13, 'fitness': 0.4352898887766189, 'generation': 570}","{'id': 31383, 'rank': 14, 'fitness': 0.39678722390308263, 'generation': 570}","{'id': 31391, 'rank': 15, 'fitness': 0.38485979096609263, 'generation': 570}","{'id': 31361, 'rank': 16, 'fitness': 0.3799244331518148, 'generation': 570}","{'id': 31309, 'rank': 17, 'fitness': 0.37863887198070983, 'generation': 570}","{'id': 31313, 'rank': 18, 'fitness': 0.2502827819056047, 'generation': 570}","{'id': 31223, 'rank': 19, 'fitness': 0.21436499794832442, 'generation': 570}","{'id': 31223, 'rank': 20, 'fitness': 0.21436499794832442, 'generation': 570}","{'id': 31223, 'rank': 21, 'fitness': 0.21436499794832442, 'generation': 570}","{'id': 31344, 'rank': 22, 'fitness': 0.20109548425278367, 'generation': 570}","{'id': 31365, 'rank': 23, 'fitness': 0.16970900311640835, 'generation': 570}","{'id': 31382, 'rank': 24, 'fitness': 0.1473044367922215, 'generation': 570}","{'id': 31378, 'rank': 25, 'fitness': 0.09388183793458105, 'generation': 570}","{'id': 31342, 'rank': 26, 'fitness': 0.07178799603630348, 'generation': 570}","{'id': 31368, 'rank': 27, 'fitness': 0.030561910836397532, 'generation': 570}","{'id': 31373, 'rank': 28, 'fitness': 0.03006682961659951, 'generation': 570}","{'id': 31379, 'rank': 29, 'fitness': 0.02695138161334526, 'generation': 570}","{'id': 31385, 'rank': 30, 'fitness': 0.01798620996209155, 'generation': 570}"
"{'id': 31399, 'rank': 1, 'fitness': 0.9820137900379085, 'generation': 571}","{'id': 30415, 'rank': 2, 'fitness': 0.9332448585241766, 'generation': 571}","{'id': 31334, 'rank': 3, 'fitness': 0.9172598632094799, 'generation': 571}","{'id': 31394, 'rank': 4, 'fitness': 0.8688147636878614, 'generation': 571}","{'id': 31435, 'rank': 5, 'fitness': 0.856859046215144, 'generation': 571}","{'id': 31397, 'rank': 6, 'fitness': 0.7280322788681481, 'generation': 571}","{'id': 31397, 'rank': 7, 'fitness': 0.7280322788681481, 'generation': 571}","{'id': 31259, 'rank': 8, 'fitness': 0.7079634436173361, 'generation': 571}","{'id': 31259, 'rank': 9, 'fitness': 0.7079634436173361, 'generation': 571}","{'id': 31428, 'rank': 10, 'fitness': 0.7048756468009818, 'generation': 571}","{'id': 31405, 'rank': 11, 'fitness': 0.5932033307608096, 'generation': 571}","{'id': 31421, 'rank': 12, 'fitness': 0.4789722408292659, 'generation': 571}","{'id': 31127, 'rank': 13, 'fitness': 0.46163404239666495, 'generation': 571}","{'id': 31442, 'rank': 14, 'fitness': 0.46100543665459287, 'generation': 571}","{'id': 31441, 'rank': 15, 'fitness': 0.37302487421329833, 'generation': 571}","{'id': 31441, 'rank': 16, 'fitness': 0.37302487421329833, 'generation': 571}","{'id': 31383, 'rank': 17, 'fitness': 0.3007275897081697, 'generation': 571}","{'id': 31413, 'rank': 18, 'fitness': 0.2100661372554935, 'generation': 571}","{'id': 31433, 'rank': 19, 'fitness': 0.20527751986491044, 'generation': 571}","{'id': 31414, 'rank': 20, 'fitness': 0.14681391594755222, 'generation': 571}","{'id': 31223, 'rank': 21, 'fitness': 0.14083130556456525, 'generation': 571}","{'id': 31223, 'rank': 22, 'fitness': 0.14083130556456525, 'generation': 571}","{'id': 31365, 'rank': 23, 'fitness': 0.10668458318654012, 'generation': 571}","{'id': 31427, 'rank': 24, 'fitness': 0.09581891168140272, 'generation': 571}","{'id': 31448, 'rank': 25, 'fitness': 0.07913918899264788, 'generation': 571}","{'id': 31443, 'rank': 26, 'fitness': 0.07461290550388233, 'generation': 571}","{'id': 31342, 'rank': 27, 'fitness': 0.03952940301040275, 'generation': 571}","{'id': 31342, 'rank': 28, 'fitness': 0.03952940301040275, 'generation': 571}","{'id': 31447, 'rank': 29, 'fitness': 0.01798620996209155, 'generation': 571}","{'id': 31447, 'rank': 30, 'fitness': 0.01798620996209155, 'generation': 571}"
"{'id': 31399, 'rank': 1, 'fitness': 0.9820137900379085, 'generation': 572}","{'id': 31487, 'rank': 2, 'fitness': 0.9504921610385015, 'generation': 572}","{'id': 31450, 'rank': 3, 'fitness': 0.9047441279982662, 'generation': 572}","{'id': 31394, 'rank': 4, 'fitness': 0.8965601593796171, 'generation': 572}","{'id': 31435, 'rank': 5, 'fitness': 0.8880912837083921, 'generation': 572}","{'id': 31480, 'rank': 6, 'fitness': 0.8769419039204726, 'generation': 572}","{'id': 31476, 'rank': 7, 'fitness': 0.8341559618858212, 'generation': 572}","{'id': 31488, 'rank': 8, 'fitness': 0.8317557496604486, 'generation': 572}","{'id': 31462, 'rank': 9, 'fitness': 0.7959261135775866, 'generation': 572}","{'id': 31471, 'rank': 10, 'fitness': 0.7893289116906371, 'generation': 572}","{'id': 31428, 'rank': 11, 'fitness': 0.7807022836430961, 'generation': 572}","{'id': 31455, 'rank': 12, 'fitness': 0.7698247369010477, 'generation': 572}","{'id': 31455, 'rank': 13, 'fitness': 0.7698247369010477, 'generation': 572}","{'id': 31455, 'rank': 14, 'fitness': 0.7698247369010477, 'generation': 572}","{'id': 31421, 'rank': 15, 'fitness': 0.6074860946683461, 'generation': 572}","{'id': 31451, 'rank': 16, 'fitness': 0.5968946420160304, 'generation': 572}","{'id': 31442, 'rank': 17, 'fitness': 0.5923823949220863, 'generation': 572}","{'id': 31441, 'rank': 18, 'fitness': 0.5142840122152651, 'generation': 572}","{'id': 31441, 'rank': 19, 'fitness': 0.5142840122152651, 'generation': 572}","{'id': 31441, 'rank': 20, 'fitness': 0.5142840122152651, 'generation': 572}","{'id': 31494, 'rank': 21, 'fitness': 0.3187259054778111, 'generation': 572}","{'id': 31454, 'rank': 22, 'fitness': 0.23858718522327516, 'generation': 572}","{'id': 31427, 'rank': 23, 'fitness': 0.19029410969514593, 'generation': 572}","{'id': 31484, 'rank': 24, 'fitness': 0.18243986123130185, 'generation': 572}","{'id': 31482, 'rank': 25, 'fitness': 0.15981283234468668, 'generation': 572}","{'id': 31482, 'rank': 26, 'fitness': 0.15981283234468668, 'generation': 572}","{'id': 31443, 'rank': 27, 'fitness': 0.15622780521735125, 'generation': 572}","{'id': 31459, 'rank': 28, 'fitness': 0.1025793835219117, 'generation': 572}","{'id': 31492, 'rank': 29, 'fitness': 0.024223567959044845, 'generation': 572}","{'id': 31491, 'rank': 30, 'fitness': 0.01798620996209155, 'generation': 572}"
"{'id': 31399, 'rank': 1, 'fitness': 0.9820137900379085, 'generation': 573}","{'id': 31480, 'rank': 2, 'fitness': 0.8156805970480475, 'generation': 573}","{'id': 31476, 'rank': 3, 'fitness': 0.7421972259379254, 'generation': 573}","{'id': 31476, 'rank': 4, 'fitness': 0.7421972259379254, 'generation': 573}","{'id': 31488, 'rank': 5, 'fitness': 0.7381032463986261, 'generation': 573}","{'id': 31512, 'rank': 6, 'fitness': 0.7086966419579046, 'generation': 573}","{'id': 31462, 'rank': 7, 'fitness': 0.6777737731991827, 'generation': 573}","{'id': 31428, 'rank': 8, 'fitness': 0.6527039425669575, 'generation': 573}","{'id': 31549, 'rank': 9, 'fitness': 0.5974786820011259, 'generation': 573}","{'id': 31501, 'rank': 10, 'fitness': 0.5223490116220483, 'generation': 573}","{'id': 31421, 'rank': 11, 'fitness': 0.4020414736059328, 'generation': 573}","{'id': 31451, 'rank': 12, 'fitness': 0.388997981611299, 'generation': 573}","{'id': 31511, 'rank': 13, 'fitness': 0.373518304775739, 'generation': 573}","{'id': 31441, 'rank': 14, 'fitness': 0.2962141218106177, 'generation': 573}","{'id': 31454, 'rank': 15, 'fitness': 0.08565542318749214, 'generation': 573}","{'id': 31508, 'rank': 16, 'fitness': 0.08084888645733301, 'generation': 573}","{'id': 31519, 'rank': 17, 'fitness': 0.06885989467455905, 'generation': 573}","{'id': 31517, 'rank': 18, 'fitness': 0.0645099352149221, 'generation': 573}","{'id': 31517, 'rank': 19, 'fitness': 0.0645099352149221, 'generation': 573}","{'id': 31484, 'rank': 20, 'fitness': 0.058043567929743856, 'generation': 573}","{'id': 31525, 'rank': 21, 'fitness': 0.055969964489327895, 'generation': 573}","{'id': 31482, 'rank': 22, 'fitness': 0.04816068921874145, 'generation': 573}","{'id': 31443, 'rank': 23, 'fitness': 0.04665913155925222, 'generation': 573}","{'id': 31548, 'rank': 24, 'fitness': 0.04378924719712679, 'generation': 573}","{'id': 31531, 'rank': 25, 'fitness': 0.04267223506208806, 'generation': 573}","{'id': 31505, 'rank': 26, 'fitness': 0.03997438884970994, 'generation': 573}","{'id': 31551, 'rank': 27, 'fitness': 0.034720824149161056, 'generation': 573}","{'id': 31551, 'rank': 28, 'fitness': 0.034720824149161056, 'generation': 573}","{'id': 31539, 'rank': 29, 'fitness': 0.019369832580656166, 'generation': 573}","{'id': 31552, 'rank': 30, 'fitness': 0.01798620996209155, 'generation': 573}"
"{'id': 31585, 'rank': 1, 'fitness': 0.9820137900379085, 'generation': 574}","{'id': 31580, 'rank': 2, 'fitness': 0.8404968686622952, 'generation': 574}","{'id': 31476, 'rank': 3, 'fitness': 0.7774485233727559, 'generation': 574}","{'id': 31488, 'rank': 4, 'fitness': 0.7731286659194707, 'generation': 574}","{'id': 31512, 'rank': 5, 'fitness': 0.7416845324403095, 'generation': 574}","{'id': 31549, 'rank': 6, 'fitness': 0.6175553583376091, 'generation': 574}","{'id': 31549, 'rank': 7, 'fitness': 0.6175553583376091, 'generation': 574}","{'id': 31595, 'rank': 8, 'fitness': 0.5809307569454052, 'generation': 574}","{'id': 31501, 'rank': 9, 'fitness': 0.5307851746306157, 'generation': 574}","{'id': 31584, 'rank': 10, 'fitness': 0.5125837124795566, 'generation': 574}","{'id': 31579, 'rank': 11, 'fitness': 0.4342106763823801, 'generation': 574}","{'id': 31575, 'rank': 12, 'fitness': 0.38950490370817936, 'generation': 574}","{'id': 31451, 'rank': 13, 'fitness': 0.37592472003383826, 'generation': 574}","{'id': 31451, 'rank': 14, 'fitness': 0.37592472003383826, 'generation': 574}","{'id': 31511, 'rank': 15, 'fitness': 0.3581669499865884, 'generation': 574}","{'id': 31586, 'rank': 16, 'fitness': 0.33959522995062574, 'generation': 574}","{'id': 31572, 'rank': 17, 'fitness': 0.2875400342341159, 'generation': 574}","{'id': 31599, 'rank': 18, 'fitness': 0.1767841081815676, 'generation': 574}","{'id': 31588, 'rank': 19, 'fitness': 0.09810470788545589, 'generation': 574}","{'id': 31588, 'rank': 20, 'fitness': 0.09810470788545589, 'generation': 574}","{'id': 31582, 'rank': 21, 'fitness': 0.09065596457557701, 'generation': 574}","{'id': 31598, 'rank': 22, 'fitness': 0.075537018003066, 'generation': 574}","{'id': 31574, 'rank': 23, 'fitness': 0.06125063529073399, 'generation': 574}","{'id': 31508, 'rank': 24, 'fitness': 0.05664823459971058, 'generation': 574}","{'id': 31508, 'rank': 25, 'fitness': 0.05664823459971058, 'generation': 574}","{'id': 31517, 'rank': 26, 'fitness': 0.04326883344148502, 'generation': 574}","{'id': 31525, 'rank': 27, 'fitness': 0.03654106059472417, 'generation': 574}","{'id': 31531, 'rank': 28, 'fitness': 0.026483816828137552, 'generation': 574}","{'id': 31505, 'rank': 29, 'fitness': 0.02451292342896355, 'generation': 574}","{'id': 31590, 'rank': 30, 'fitness': 0.01798620996209155, 'generation': 574}"
"{'id': 31614, 'rank': 1, 'fitness': 0.9820137900379085, 'generation': 575}","{'id': 31614, 'rank': 2, 'fitness': 0.9820137900379085, 'generation': 575}","{'id': 31625, 'rank': 3, 'fitness': 0.9089672530779696, 'generation': 575}","{'id': 31580, 'rank': 4, 'fitness': 0.8956677187197232, 'generation': 575}","{'id': 31476, 'rank': 5, 'fitness': 0.8435074881829749, 'generation': 575}","{'id': 31488, 'rank': 6, 'fitness': 0.8397656067217416, 'generation': 575}","{'id': 31610, 'rank': 7, 'fitness': 0.7901681612767189, 'generation': 575}","{'id': 31610, 'rank': 8, 'fitness': 0.7901681612767189, 'generation': 575}","{'id': 31610, 'rank': 9, 'fitness': 0.7901681612767189, 'generation': 575}","{'id': 31549, 'rank': 10, 'fitness': 0.6922895589851752, 'generation': 575}","{'id': 31501, 'rank': 11, 'fitness': 0.600583404490589, 'generation': 575}","{'id': 31501, 'rank': 12, 'fitness': 0.600583404490589, 'generation': 575}","{'id': 31579, 'rank': 13, 'fitness': 0.49215134201058314, 'generation': 575}","{'id': 31511, 'rank': 14, 'fitness': 0.4031953096290669, 'generation': 575}","{'id': 31612, 'rank': 15, 'fitness': 0.3960636064351596, 'generation': 575}","{'id': 31612, 'rank': 16, 'fitness': 0.3960636064351596, 'generation': 575}","{'id': 31586, 'rank': 17, 'fitness': 0.38113086775403715, 'generation': 575}","{'id': 31646, 'rank': 18, 'fitness': 0.3363382007767812, 'generation': 575}","{'id': 31646, 'rank': 19, 'fitness': 0.3363382007767812, 'generation': 575}","{'id': 31648, 'rank': 20, 'fitness': 0.29433229280532835, 'generation': 575}","{'id': 31620, 'rank': 21, 'fitness': 0.24902202218581992, 'generation': 575}","{'id': 31620, 'rank': 22, 'fitness': 0.24902202218581992, 'generation': 575}","{'id': 31620, 'rank': 23, 'fitness': 0.24902202218581992, 'generation': 575}","{'id': 31629, 'rank': 24, 'fitness': 0.15432181138844336, 'generation': 575}","{'id': 31517, 'rank': 25, 'fitness': 0.03778952442348632, 'generation': 575}","{'id': 31632, 'rank': 26, 'fitness': 0.03680502923699086, 'generation': 575}","{'id': 31644, 'rank': 27, 'fitness': 0.033885085753376454, 'generation': 575}","{'id': 31531, 'rank': 28, 'fitness': 0.021610993965463954, 'generation': 575}","{'id': 31531, 'rank': 29, 'fitness': 0.021610993965463954, 'generation': 575}","{'id': 31640, 'rank': 30, 'fitness': 0.01798620996209155, 'generation': 575}"
"{'id': 31614, 'rank': 1, 'fitness': 0.9820137900379085, 'generation': 576}","{'id': 31625, 'rank': 2, 'fitness': 0.923460884212933, 'generation': 576}","{'id': 31664, 'rank': 3, 'fitness': 0.8768282495598045, 'generation': 576}","{'id': 31476, 'rank': 4, 'fitness': 0.8746233335457854, 'generation': 576}","{'id': 31488, 'rank': 5, 'fitness': 0.8718619080893787, 'generation': 576}","{'id': 31704, 'rank': 6, 'fitness': 0.8407970244203176, 'generation': 576}","{'id': 31610, 'rank': 7, 'fitness': 0.8353178833825061, 'generation': 576}","{'id': 31610, 'rank': 8, 'fitness': 0.8353178833825061, 'generation': 576}","{'id': 31610, 'rank': 9, 'fitness': 0.8353178833825061, 'generation': 576}","{'id': 31693, 'rank': 10, 'fitness': 0.8305063348224508, 'generation': 576}","{'id': 31693, 'rank': 11, 'fitness': 0.8305063348224508, 'generation': 576}","{'id': 31693, 'rank': 12, 'fitness': 0.8305063348224508, 'generation': 576}","{'id': 31675, 'rank': 13, 'fitness': 0.635484329353607, 'generation': 576}","{'id': 31707, 'rank': 14, 'fitness': 0.5343530090902838, 'generation': 576}","{'id': 31511, 'rank': 15, 'fitness': 0.5242465377625324, 'generation': 576}","{'id': 31612, 'rank': 16, 'fitness': 0.5176546706239399, 'generation': 576}","{'id': 31687, 'rank': 17, 'fitness': 0.43397234822301667, 'generation': 576}","{'id': 31648, 'rank': 18, 'fitness': 0.41787916930555047, 'generation': 576}","{'id': 31648, 'rank': 19, 'fitness': 0.41787916930555047, 'generation': 576}","{'id': 31671, 'rank': 20, 'fitness': 0.3018567115662508, 'generation': 576}","{'id': 31671, 'rank': 21, 'fitness': 0.3018567115662508, 'generation': 576}","{'id': 31665, 'rank': 22, 'fitness': 0.1756917139122003, 'generation': 576}","{'id': 31660, 'rank': 23, 'fitness': 0.09412312986294946, 'generation': 576}","{'id': 31697, 'rank': 24, 'fitness': 0.08111998623578015, 'generation': 576}","{'id': 31652, 'rank': 25, 'fitness': 0.052487980414906876, 'generation': 576}","{'id': 31640, 'rank': 26, 'fitness': 0.042741508709344456, 'generation': 576}","{'id': 31640, 'rank': 27, 'fitness': 0.042741508709344456, 'generation': 576}","{'id': 31688, 'rank': 28, 'fitness': 0.033237280299138305, 'generation': 576}","{'id': 31688, 'rank': 29, 'fitness': 0.033237280299138305, 'generation': 576}","{'id': 31657, 'rank': 30, 'fitness': 0.01798620996209155, 'generation': 576}"
"{'id': 31739, 'rank': 1, 'fitness': 0.9820137900379085, 'generation': 577}","{'id': 31739, 'rank': 2, 'fitness': 0.9820137900379085, 'generation': 577}","{'id': 31729, 'rank': 3, 'fitness': 0.9776166490248307, 'generation': 577}","{'id': 31704, 'rank': 4, 'fitness': 0.9593594803511312, 'generation': 577}","{'id': 31610, 'rank': 5, 'fitness': 0.9573561505155443, 'generation': 577}","{'id': 31610, 'rank': 6, 'fitness': 0.9573561505155443, 'generation': 577}","{'id': 31693, 'rank': 7, 'fitness': 0.9555659087662924, 'generation': 577}","{'id': 31734, 'rank': 8, 'fitness': 0.9249600939175793, 'generation': 577}","{'id': 31734, 'rank': 9, 'fitness': 0.9249600939175793, 'generation': 577}","{'id': 31738, 'rank': 10, 'fitness': 0.839764955593424, 'generation': 577}","{'id': 31743, 'rank': 11, 'fitness': 0.8326401329919303, 'generation': 577}","{'id': 31743, 'rank': 12, 'fitness': 0.8326401329919303, 'generation': 577}","{'id': 31743, 'rank': 13, 'fitness': 0.8326401329919303, 'generation': 577}","{'id': 31744, 'rank': 14, 'fitness': 0.8249951033678139, 'generation': 577}","{'id': 31730, 'rank': 15, 'fitness': 0.7750347134577655, 'generation': 577}","{'id': 31687, 'rank': 16, 'fitness': 0.6817186675352771, 'generation': 577}","{'id': 31687, 'rank': 17, 'fitness': 0.6817186675352771, 'generation': 577}","{'id': 31648, 'rank': 18, 'fitness': 0.6637001427931362, 'generation': 577}","{'id': 31648, 'rank': 19, 'fitness': 0.6637001427931362, 'generation': 577}","{'id': 31728, 'rank': 20, 'fitness': 0.6141577010057031, 'generation': 577}","{'id': 31751, 'rank': 21, 'fitness': 0.46352440359845565, 'generation': 577}","{'id': 31716, 'rank': 22, 'fitness': 0.3971593554518599, 'generation': 577}","{'id': 31665, 'rank': 23, 'fitness': 0.30359535558955464, 'generation': 577}","{'id': 31660, 'rank': 24, 'fitness': 0.15139530403251295, 'generation': 577}","{'id': 31697, 'rank': 25, 'fitness': 0.12716018281869002, 'generation': 577}","{'id': 31760, 'rank': 26, 'fitness': 0.04783578085214063, 'generation': 577}","{'id': 31726, 'rank': 27, 'fitness': 0.0312756190378502, 'generation': 577}","{'id': 31726, 'rank': 28, 'fitness': 0.0312756190378502, 'generation': 577}","{'id': 31753, 'rank': 29, 'fitness': 0.018511495767129627, 'generation': 577}","{'id': 31725, 'rank': 30, 'fitness': 0.01798620996209155, 'generation': 577}"
"{'id': 31765, 'rank': 1, 'fitness': 0.9820137900379085, 'generation': 578}","{'id': 31765, 'rank': 2, 'fitness': 0.9820137900379085, 'generation': 578}","{'id': 31765, 'rank': 3, 'fitness': 0.9820137900379085, 'generation': 578}","{'id': 31809, 'rank': 4, 'fitness': 0.9815295039166968, 'generation': 578}","{'id': 31809, 'rank': 5, 'fitness': 0.9815295039166968, 'generation': 578}","{'id': 31704, 'rank': 6, 'fitness': 0.973630043041553, 'generation': 578}","{'id': 31610, 'rank': 7, 'fitness': 0.9726295133416683, 'generation': 578}","{'id': 31734, 'rank': 8, 'fitness': 0.95744845684984, 'generation': 578}","{'id': 31738, 'rank': 9, 'fitness': 0.9214120945728418, 'generation': 578}","{'id': 31743, 'rank': 10, 'fitness': 0.918492324519852, 'generation': 578}","{'id': 31744, 'rank': 11, 'fitness': 0.9153638756182338, 'generation': 578}","{'id': 31728, 'rank': 12, 'fitness': 0.8254065799870367, 'generation': 578}","{'id': 31807, 'rank': 13, 'fitness': 0.6510820897902267, 'generation': 578}","{'id': 31665, 'rank': 14, 'fitness': 0.6379161960825623, 'generation': 578}","{'id': 31829, 'rank': 15, 'fitness': 0.6323182298183376, 'generation': 578}","{'id': 31783, 'rank': 16, 'fitness': 0.601977159382371, 'generation': 578}","{'id': 31798, 'rank': 17, 'fitness': 0.33512365020553053, 'generation': 578}","{'id': 31793, 'rank': 18, 'fitness': 0.2984203764193417, 'generation': 578}","{'id': 31726, 'rank': 19, 'fitness': 0.1950401543700911, 'generation': 578}","{'id': 31726, 'rank': 20, 'fitness': 0.1950401543700911, 'generation': 578}","{'id': 31778, 'rank': 21, 'fitness': 0.17638565009640383, 'generation': 578}","{'id': 31775, 'rank': 22, 'fitness': 0.1744508308468849, 'generation': 578}","{'id': 31797, 'rank': 23, 'fitness': 0.13818057834251907, 'generation': 578}","{'id': 31805, 'rank': 24, 'fitness': 0.0879512045551582, 'generation': 578}","{'id': 31830, 'rank': 25, 'fitness': 0.08781502121776391, 'generation': 578}","{'id': 31830, 'rank': 26, 'fitness': 0.08781502121776391, 'generation': 578}","{'id': 31788, 'rank': 27, 'fitness': 0.07162977605517806, 'generation': 578}","{'id': 31817, 'rank': 28, 'fitness': 0.05290918802114386, 'generation': 578}","{'id': 31772, 'rank': 29, 'fitness': 0.04326382207294277, 'generation': 578}","{'id': 31833, 'rank': 30, 'fitness': 0.01798620996209155, 'generation': 578}"
"{'id': 31765, 'rank': 1, 'fitness': 0.9820137900379085, 'generation': 579}","{'id': 31809, 'rank': 2, 'fitness': 0.9814753197640167, 'generation': 579}","{'id': 31734, 'rank': 3, 'fitness': 0.9532827758680815, 'generation': 579}","{'id': 31734, 'rank': 4, 'fitness': 0.9532827758680815, 'generation': 579}","{'id': 31847, 'rank': 5, 'fitness': 0.9377951566130487, 'generation': 579}","{'id': 31860, 'rank': 6, 'fitness': 0.9283085718892392, 'generation': 579}","{'id': 31873, 'rank': 7, 'fitness': 0.9233605921563234, 'generation': 579}","{'id': 31856, 'rank': 8, 'fitness': 0.893075521822581, 'generation': 579}","{'id': 31875, 'rank': 9, 'fitness': 0.8549076756163618, 'generation': 579}","{'id': 31875, 'rank': 10, 'fitness': 0.8549076756163618, 'generation': 579}","{'id': 31877, 'rank': 11, 'fitness': 0.8299799002113448, 'generation': 579}","{'id': 31859, 'rank': 12, 'fitness': 0.6883919328101604, 'generation': 579}","{'id': 31807, 'rank': 13, 'fitness': 0.5625386458879751, 'generation': 579}","{'id': 31665, 'rank': 14, 'fitness': 0.5467793124851877, 'generation': 579}","{'id': 31829, 'rank': 15, 'fitness': 0.5401250038028808, 'generation': 579}","{'id': 31883, 'rank': 16, 'fitness': 0.5317126872802945, 'generation': 579}","{'id': 31883, 'rank': 17, 'fitness': 0.5317126872802945, 'generation': 579}","{'id': 31839, 'rank': 18, 'fitness': 0.5199076784304217, 'generation': 579}","{'id': 31783, 'rank': 19, 'fitness': 0.5045533513553214, 'generation': 579}","{'id': 31835, 'rank': 20, 'fitness': 0.452550664982351, 'generation': 579}","{'id': 31838, 'rank': 21, 'fitness': 0.4498647725694491, 'generation': 579}","{'id': 31880, 'rank': 22, 'fitness': 0.36665549440319295, 'generation': 579}","{'id': 31878, 'rank': 23, 'fitness': 0.25549544544463604, 'generation': 579}","{'id': 31798, 'rank': 24, 'fitness': 0.2311596559648823, 'generation': 579}","{'id': 31726, 'rank': 25, 'fitness': 0.1176329796509773, 'generation': 579}","{'id': 31874, 'rank': 26, 'fitness': 0.0821810989051337, 'generation': 579}","{'id': 31864, 'rank': 27, 'fitness': 0.03989451941061156, 'generation': 579}","{'id': 31817, 'rank': 28, 'fitness': 0.025479384659612858, 'generation': 579}","{'id': 31817, 'rank': 29, 'fitness': 0.025479384659612858, 'generation': 579}","{'id': 31844, 'rank': 30, 'fitness': 0.01798620996209155, 'generation': 579}"
"{'id': 31809, 'rank': 1, 'fitness': 0.9820137900379085, 'generation': 580}","{'id': 31918, 'rank': 2, 'fitness': 0.9639549771747921, 'generation': 580}","{'id': 31918, 'rank': 3, 'fitness': 0.9639549771747921, 'generation': 580}","{'id': 31873, 'rank': 4, 'fitness': 0.9123812319958524, 'generation': 580}","{'id': 31856, 'rank': 5, 'fitness': 0.8736023890341447, 'generation': 580}","{'id': 31856, 'rank': 6, 'fitness': 0.8736023890341447, 'generation': 580}","{'id': 31875, 'rank': 7, 'fitness': 0.8238755053038088, 'generation': 580}","{'id': 31913, 'rank': 8, 'fitness': 0.55671375395503, 'generation': 580}","{'id': 31907, 'rank': 9, 'fitness': 0.48057989878489993, 'generation': 580}","{'id': 31907, 'rank': 10, 'fitness': 0.48057989878489993, 'generation': 580}","{'id': 31890, 'rank': 11, 'fitness': 0.47383032580577705, 'generation': 580}","{'id': 31807, 'rank': 12, 'fitness': 0.4600607235259258, 'generation': 580}","{'id': 31883, 'rank': 13, 'fitness': 0.42572166012768353, 'generation': 580}","{'id': 31839, 'rank': 14, 'fitness': 0.412824766811545, 'generation': 580}","{'id': 31839, 'rank': 15, 'fitness': 0.412824766811545, 'generation': 580}","{'id': 31783, 'rank': 16, 'fitness': 0.39626359894243623, 'generation': 580}","{'id': 31926, 'rank': 17, 'fitness': 0.3776764811558347, 'generation': 580}","{'id': 31889, 'rank': 18, 'fitness': 0.23960632362374407, 'generation': 580}","{'id': 31919, 'rank': 19, 'fitness': 0.23331161530404904, 'generation': 580}","{'id': 31910, 'rank': 20, 'fitness': 0.21408098324590974, 'generation': 580}","{'id': 31912, 'rank': 21, 'fitness': 0.17484561676102928, 'generation': 580}","{'id': 31912, 'rank': 22, 'fitness': 0.17484561676102928, 'generation': 580}","{'id': 31911, 'rank': 23, 'fitness': 0.1691018015938769, 'generation': 580}","{'id': 31893, 'rank': 24, 'fitness': 0.0851662802985057, 'generation': 580}","{'id': 31874, 'rank': 25, 'fitness': 0.041443677586046224, 'generation': 580}","{'id': 31942, 'rank': 26, 'fitness': 0.037727603553559086, 'generation': 580}","{'id': 31900, 'rank': 27, 'fitness': 0.03187632852756972, 'generation': 580}","{'id': 31944, 'rank': 28, 'fitness': 0.024320842141999477, 'generation': 580}","{'id': 31944, 'rank': 29, 'fitness': 0.024320842141999477, 'generation': 580}","{'id': 31864, 'rank': 30, 'fitness': 0.01798620996209155, 'generation': 580}"
"{'id': 31986, 'rank': 1, 'fitness': 0.9820137900379085, 'generation': 581}","{'id': 31986, 'rank': 2, 'fitness': 0.9820137900379085, 'generation': 581}","{'id': 32002, 'rank': 3, 'fitness': 0.9477813814682549, 'generation': 581}","{'id': 31809, 'rank': 4, 'fitness': 0.9189910446678143, 'generation': 581}","{'id': 31918, 'rank': 5, 'fitness': 0.8564597307516479, 'generation': 581}","{'id': 31979, 'rank': 6, 'fitness': 0.7236295087376605, 'generation': 581}","{'id': 31856, 'rank': 7, 'fitness': 0.6383220090146944, 'generation': 581}","{'id': 31856, 'rank': 8, 'fitness': 0.6383220090146944, 'generation': 581}","{'id': 31856, 'rank': 9, 'fitness': 0.6383220090146944, 'generation': 581}","{'id': 31875, 'rank': 10, 'fitness': 0.5539555570657709, 'generation': 581}","{'id': 31960, 'rank': 11, 'fitness': 0.4508850344528086, 'generation': 581}","{'id': 31959, 'rank': 12, 'fitness': 0.44079357562767496, 'generation': 581}","{'id': 31961, 'rank': 13, 'fitness': 0.27726978712046935, 'generation': 581}","{'id': 31956, 'rank': 14, 'fitness': 0.2188115214899543, 'generation': 581}","{'id': 31883, 'rank': 15, 'fitness': 0.19127878577475366, 'generation': 581}","{'id': 31883, 'rank': 16, 'fitness': 0.19127878577475366, 'generation': 581}","{'id': 31976, 'rank': 17, 'fitness': 0.1531794414195844, 'generation': 581}","{'id': 31969, 'rank': 18, 'fitness': 0.11635664601927992, 'generation': 581}","{'id': 31889, 'rank': 19, 'fitness': 0.09868788374187787, 'generation': 581}","{'id': 31968, 'rank': 20, 'fitness': 0.09375390888260599, 'generation': 581}","{'id': 31910, 'rank': 21, 'fitness': 0.08762225415173885, 'generation': 581}","{'id': 32006, 'rank': 22, 'fitness': 0.05078554897941512, 'generation': 581}","{'id': 32001, 'rank': 23, 'fitness': 0.04569246593317161, 'generation': 581}","{'id': 32001, 'rank': 24, 'fitness': 0.04569246593317161, 'generation': 581}","{'id': 32001, 'rank': 25, 'fitness': 0.04569246593317161, 'generation': 581}","{'id': 31999, 'rank': 26, 'fitness': 0.03308651236383153, 'generation': 581}","{'id': 31973, 'rank': 27, 'fitness': 0.03174264494722323, 'generation': 581}","{'id': 31955, 'rank': 28, 'fitness': 0.030373422368954794, 'generation': 581}","{'id': 31993, 'rank': 29, 'fitness': 0.020726301350505738, 'generation': 581}","{'id': 31874, 'rank': 30, 'fitness': 0.01798620996209155, 'generation': 581}"
"{'id': 31986, 'rank': 1, 'fitness': 0.9820137900379085, 'generation': 582}","{'id': 31986, 'rank': 2, 'fitness': 0.9820137900379085, 'generation': 582}","{'id': 31986, 'rank': 3, 'fitness': 0.9820137900379085, 'generation': 582}","{'id': 31986, 'rank': 4, 'fitness': 0.9820137900379085, 'generation': 582}","{'id': 31809, 'rank': 5, 'fitness': 0.912085099448205, 'generation': 582}","{'id': 31809, 'rank': 6, 'fitness': 0.912085099448205, 'generation': 582}","{'id': 31918, 'rank': 7, 'fitness': 0.8402784237651195, 'generation': 582}","{'id': 32037, 'rank': 8, 'fitness': 0.7883270314743073, 'generation': 582}","{'id': 32035, 'rank': 9, 'fitness': 0.7805851443164012, 'generation': 582}","{'id': 32042, 'rank': 10, 'fitness': 0.7616904441515264, 'generation': 582}","{'id': 32042, 'rank': 11, 'fitness': 0.7616904441515264, 'generation': 582}","{'id': 32025, 'rank': 12, 'fitness': 0.7577271970438836, 'generation': 582}","{'id': 32026, 'rank': 13, 'fitness': 0.7000487702215288, 'generation': 582}","{'id': 32010, 'rank': 14, 'fitness': 0.6709749192987262, 'generation': 582}","{'id': 32010, 'rank': 15, 'fitness': 0.6709749192987262, 'generation': 582}","{'id': 32052, 'rank': 16, 'fitness': 0.6695784393183296, 'generation': 582}","{'id': 32013, 'rank': 17, 'fitness': 0.6333297517520975, 'generation': 582}","{'id': 31856, 'rank': 18, 'fitness': 0.5921666175905824, 'generation': 582}","{'id': 31856, 'rank': 19, 'fitness': 0.5921666175905824, 'generation': 582}","{'id': 32033, 'rank': 20, 'fitness': 0.5531810955929573, 'generation': 582}","{'id': 32033, 'rank': 21, 'fitness': 0.5531810955929573, 'generation': 582}","{'id': 31875, 'rank': 22, 'fitness': 0.5003806472702901, 'generation': 582}","{'id': 31960, 'rank': 23, 'fitness': 0.3927499063721561, 'generation': 582}","{'id': 32043, 'rank': 24, 'fitness': 0.3034456880218618, 'generation': 582}","{'id': 32024, 'rank': 25, 'fitness': 0.2066405949534893, 'generation': 582}","{'id': 32015, 'rank': 26, 'fitness': 0.10642322376537461, 'generation': 582}","{'id': 31969, 'rank': 27, 'fitness': 0.08547760042448094, 'generation': 582}","{'id': 31889, 'rank': 28, 'fitness': 0.07141625551636405, 'generation': 582}","{'id': 31968, 'rank': 29, 'fitness': 0.06753975029368381, 'generation': 582}","{'id': 32029, 'rank': 30, 'fitness': 0.01798620996209155, 'generation': 582}"
"{'id': 31809, 'rank': 1, 'fitness': 0.9820137900379085, 'generation': 583}","{'id': 32035, 'rank': 2, 'fitness': 0.9556526401800881, 'generation': 583}","{'id': 32042, 'rank': 3, 'fitness': 0.9515382367501821, 'generation': 583}","{'id': 32026, 'rank': 4, 'fitness': 0.9372728268431205, 'generation': 583}","{'id': 32103, 'rank': 5, 'fitness': 0.9290956786571567, 'generation': 583}","{'id': 32013, 'rank': 6, 'fitness': 0.9200279446293896, 'generation': 583}","{'id': 31856, 'rank': 7, 'fitness': 0.9082070734612859, 'generation': 583}","{'id': 32125, 'rank': 8, 'fitness': 0.8295952630989537, 'generation': 583}","{'id': 32104, 'rank': 9, 'fitness': 0.8212762572570645, 'generation': 583}","{'id': 32082, 'rank': 10, 'fitness': 0.7905227928259767, 'generation': 583}","{'id': 32043, 'rank': 11, 'fitness': 0.7766487805843793, 'generation': 583}","{'id': 32122, 'rank': 12, 'fitness': 0.6567096576748448, 'generation': 583}","{'id': 32076, 'rank': 13, 'fitness': 0.5669600228666313, 'generation': 583}","{'id': 32015, 'rank': 14, 'fitness': 0.5299077159566324, 'generation': 583}","{'id': 32015, 'rank': 15, 'fitness': 0.5299077159566324, 'generation': 583}","{'id': 32102, 'rank': 16, 'fitness': 0.4969341070680416, 'generation': 583}","{'id': 32074, 'rank': 17, 'fitness': 0.49126329296096843, 'generation': 583}","{'id': 31969, 'rank': 18, 'fitness': 0.47733451084734885, 'generation': 583}","{'id': 31969, 'rank': 19, 'fitness': 0.47733451084734885, 'generation': 583}","{'id': 31889, 'rank': 20, 'fitness': 0.43534109483477457, 'generation': 583}","{'id': 32117, 'rank': 21, 'fitness': 0.3122260667368514, 'generation': 583}","{'id': 32073, 'rank': 22, 'fitness': 0.270245825369989, 'generation': 583}","{'id': 32085, 'rank': 23, 'fitness': 0.23374179939132828, 'generation': 583}","{'id': 32059, 'rank': 24, 'fitness': 0.2011356490466376, 'generation': 583}","{'id': 32120, 'rank': 25, 'fitness': 0.12607146661683877, 'generation': 583}","{'id': 32068, 'rank': 26, 'fitness': 0.12459914784819803, 'generation': 583}","{'id': 32100, 'rank': 27, 'fitness': 0.044093840820664476, 'generation': 583}","{'id': 32089, 'rank': 28, 'fitness': 0.028974666547327055, 'generation': 583}","{'id': 32099, 'rank': 29, 'fitness': 0.020196804044920413, 'generation': 583}","{'id': 32113, 'rank': 30, 'fitness': 0.01798620996209155, 'generation': 583}"
"{'id': 32126, 'rank': 1, 'fitness': 0.9820137900379085, 'generation': 584}","{'id': 32170, 'rank': 2, 'fitness': 0.9707182152332829, 'generation': 584}","{'id': 32134, 'rank': 3, 'fitness': 0.9436460996519971, 'generation': 584}","{'id': 32134, 'rank': 4, 'fitness': 0.9436460996519971, 'generation': 584}","{'id': 32042, 'rank': 5, 'fitness': 0.9411955135636461, 'generation': 584}","{'id': 32135, 'rank': 6, 'fitness': 0.9269197373777884, 'generation': 584}","{'id': 32158, 'rank': 7, 'fitness': 0.8200324443525401, 'generation': 584}","{'id': 32176, 'rank': 8, 'fitness': 0.8040499622375654, 'generation': 584}","{'id': 32125, 'rank': 9, 'fitness': 0.789921303186844, 'generation': 584}","{'id': 32104, 'rank': 10, 'fitness': 0.7797953965145861, 'generation': 584}","{'id': 32173, 'rank': 11, 'fitness': 0.6376779361693307, 'generation': 584}","{'id': 32173, 'rank': 12, 'fitness': 0.6376779361693307, 'generation': 584}","{'id': 32122, 'rank': 13, 'fitness': 0.5876419681905382, 'generation': 584}","{'id': 32122, 'rank': 14, 'fitness': 0.5876419681905382, 'generation': 584}","{'id': 32076, 'rank': 15, 'fitness': 0.4900893421601874, 'generation': 584}","{'id': 32179, 'rank': 16, 'fitness': 0.34086135851395505, 'generation': 584}","{'id': 32148, 'rank': 17, 'fitness': 0.27761766230994683, 'generation': 584}","{'id': 32128, 'rank': 18, 'fitness': 0.21041783738742598, 'generation': 584}","{'id': 32128, 'rank': 19, 'fitness': 0.21041783738742598, 'generation': 584}","{'id': 32073, 'rank': 20, 'fitness': 0.20565360292694812, 'generation': 584}","{'id': 32138, 'rank': 21, 'fitness': 0.19057769977550254, 'generation': 584}","{'id': 32136, 'rank': 22, 'fitness': 0.17535893934854085, 'generation': 584}","{'id': 32136, 'rank': 23, 'fitness': 0.17535893934854085, 'generation': 584}","{'id': 32136, 'rank': 24, 'fitness': 0.17535893934854085, 'generation': 584}","{'id': 32131, 'rank': 25, 'fitness': 0.1648077422756088, 'generation': 584}","{'id': 32180, 'rank': 26, 'fitness': 0.13260288070133308, 'generation': 584}","{'id': 32180, 'rank': 27, 'fitness': 0.13260288070133308, 'generation': 584}","{'id': 32163, 'rank': 28, 'fitness': 0.09994715423595718, 'generation': 584}","{'id': 32152, 'rank': 29, 'fitness': 0.04055978386857839, 'generation': 584}","{'id': 32168, 'rank': 30, 'fitness': 0.01798620996209155, 'generation': 584}"
"{'id': 32233, 'rank': 1, 'fitness': 0.9820137900379085, 'generation': 585}","{'id': 32134, 'rank': 2, 'fitness': 0.9736071096215618, 'generation': 585}","{'id': 32221, 'rank': 3, 'fitness': 0.9639236179069927, 'generation': 585}","{'id': 32234, 'rank': 4, 'fitness': 0.9412255726618752, 'generation': 585}","{'id': 32234, 'rank': 5, 'fitness': 0.9412255726618752, 'generation': 585}","{'id': 32230, 'rank': 6, 'fitness': 0.9396611974553313, 'generation': 585}","{'id': 32230, 'rank': 7, 'fitness': 0.9396611974553313, 'generation': 585}","{'id': 32202, 'rank': 8, 'fitness': 0.9199699990587085, 'generation': 585}","{'id': 32228, 'rank': 9, 'fitness': 0.8843581020316653, 'generation': 585}","{'id': 32104, 'rank': 10, 'fitness': 0.8806282840311839, 'generation': 585}","{'id': 32104, 'rank': 11, 'fitness': 0.8806282840311839, 'generation': 585}","{'id': 32182, 'rank': 12, 'fitness': 0.7522143100508689, 'generation': 585}","{'id': 32186, 'rank': 13, 'fitness': 0.7511535748074596, 'generation': 585}","{'id': 32186, 'rank': 14, 'fitness': 0.7511535748074596, 'generation': 585}","{'id': 32122, 'rank': 15, 'fitness': 0.7418099021832428, 'generation': 585}","{'id': 32076, 'rank': 16, 'fitness': 0.656413684270319, 'generation': 585}","{'id': 32192, 'rank': 17, 'fitness': 0.5629850646896504, 'generation': 585}","{'id': 32192, 'rank': 18, 'fitness': 0.5629850646896504, 'generation': 585}","{'id': 32209, 'rank': 19, 'fitness': 0.5101377775935639, 'generation': 585}","{'id': 32148, 'rank': 20, 'fitness': 0.4249983457445468, 'generation': 585}","{'id': 32138, 'rank': 21, 'fitness': 0.3079191282167766, 'generation': 585}","{'id': 32136, 'rank': 22, 'fitness': 0.2858996900248633, 'generation': 585}","{'id': 32226, 'rank': 23, 'fitness': 0.18190268216580568, 'generation': 585}","{'id': 32226, 'rank': 24, 'fitness': 0.18190268216580568, 'generation': 585}","{'id': 32215, 'rank': 25, 'fitness': 0.12541669946154566, 'generation': 585}","{'id': 32185, 'rank': 26, 'fitness': 0.09514085186305099, 'generation': 585}","{'id': 32185, 'rank': 27, 'fitness': 0.09514085186305099, 'generation': 585}","{'id': 32168, 'rank': 28, 'fitness': 0.030605843696279278, 'generation': 585}","{'id': 32196, 'rank': 29, 'fitness': 0.01798620996209155, 'generation': 585}","{'id': 32196, 'rank': 30, 'fitness': 0.01798620996209155, 'generation': 585}"
"{'id': 32244, 'rank': 1, 'fitness': 0.9820137900379085, 'generation': 586}","{'id': 32233, 'rank': 2, 'fitness': 0.8891144392626817, 'generation': 586}","{'id': 32134, 'rank': 3, 'fitness': 0.8536529993829265, 'generation': 586}","{'id': 32234, 'rank': 4, 'fitness': 0.7477011024500176, 'generation': 586}","{'id': 32282, 'rank': 5, 'fitness': 0.7435239758810395, 'generation': 586}","{'id': 32230, 'rank': 6, 'fitness': 0.7434011223658065, 'generation': 586}","{'id': 32230, 'rank': 7, 'fitness': 0.7434011223658065, 'generation': 586}","{'id': 32230, 'rank': 8, 'fitness': 0.7434011223658065, 'generation': 586}","{'id': 32273, 'rank': 9, 'fitness': 0.6960887456982545, 'generation': 586}","{'id': 32274, 'rank': 10, 'fitness': 0.6901539059050786, 'generation': 586}","{'id': 32104, 'rank': 11, 'fitness': 0.6123972660127361, 'generation': 586}","{'id': 32276, 'rank': 12, 'fitness': 0.5459458299747115, 'generation': 586}","{'id': 32257, 'rank': 13, 'fitness': 0.541634828440106, 'generation': 586}","{'id': 32257, 'rank': 14, 'fitness': 0.541634828440106, 'generation': 586}","{'id': 32279, 'rank': 15, 'fitness': 0.4993693141033152, 'generation': 586}","{'id': 32182, 'rank': 16, 'fitness': 0.4345845372474617, 'generation': 586}","{'id': 32248, 'rank': 17, 'fitness': 0.31897626251175126, 'generation': 586}","{'id': 32248, 'rank': 18, 'fitness': 0.31897626251175126, 'generation': 586}","{'id': 32192, 'rank': 19, 'fitness': 0.27712357476161553, 'generation': 586}","{'id': 32209, 'rank': 20, 'fitness': 0.24390156345894926, 'generation': 586}","{'id': 32148, 'rank': 21, 'fitness': 0.1962925812605999, 'generation': 586}","{'id': 32138, 'rank': 22, 'fitness': 0.13924985751624386, 'generation': 586}","{'id': 32263, 'rank': 23, 'fitness': 0.13391130060213496, 'generation': 586}","{'id': 32249, 'rank': 24, 'fitness': 0.09140950439061435, 'generation': 586}","{'id': 32280, 'rank': 25, 'fitness': 0.08485802400020431, 'generation': 586}","{'id': 32280, 'rank': 26, 'fitness': 0.08485802400020431, 'generation': 586}","{'id': 32226, 'rank': 27, 'fitness': 0.08436737719956411, 'generation': 586}","{'id': 32261, 'rank': 28, 'fitness': 0.050792741224351956, 'generation': 586}","{'id': 32235, 'rank': 29, 'fitness': 0.035773908408259, 'generation': 586}","{'id': 32268, 'rank': 30, 'fitness': 0.01798620996209155, 'generation': 586}"
"{'id': 32244, 'rank': 1, 'fitness': 0.9820137900379085, 'generation': 587}","{'id': 32323, 'rank': 2, 'fitness': 0.94612133421621, 'generation': 587}","{'id': 32323, 'rank': 3, 'fitness': 0.94612133421621, 'generation': 587}","{'id': 32312, 'rank': 4, 'fitness': 0.8858656558520352, 'generation': 587}","{'id': 32322, 'rank': 5, 'fitness': 0.8494400102657191, 'generation': 587}","{'id': 32134, 'rank': 6, 'fitness': 0.7737160706195335, 'generation': 587}","{'id': 32134, 'rank': 7, 'fitness': 0.7737160706195335, 'generation': 587}","{'id': 32313, 'rank': 8, 'fitness': 0.6713494305474805, 'generation': 587}","{'id': 32313, 'rank': 9, 'fitness': 0.6713494305474805, 'generation': 587}","{'id': 32313, 'rank': 10, 'fitness': 0.6713494305474805, 'generation': 587}","{'id': 32234, 'rank': 11, 'fitness': 0.5964114403799493, 'generation': 587}","{'id': 32282, 'rank': 12, 'fitness': 0.5898274495213136, 'generation': 587}","{'id': 32230, 'rank': 13, 'fitness': 0.5896343809135615, 'generation': 587}","{'id': 32230, 'rank': 14, 'fitness': 0.5896343809135615, 'generation': 587}","{'id': 32230, 'rank': 15, 'fitness': 0.5896343809135615, 'generation': 587}","{'id': 32230, 'rank': 16, 'fitness': 0.5896343809135615, 'generation': 587}","{'id': 32273, 'rank': 17, 'fitness': 0.5178308958174176, 'generation': 587}","{'id': 32257, 'rank': 18, 'fitness': 0.3211433682428653, 'generation': 587}","{'id': 32257, 'rank': 19, 'fitness': 0.3211433682428653, 'generation': 587}","{'id': 32248, 'rank': 20, 'fitness': 0.130681987320228, 'generation': 587}","{'id': 32248, 'rank': 21, 'fitness': 0.130681987320228, 'generation': 587}","{'id': 32300, 'rank': 22, 'fitness': 0.09162713545864193, 'generation': 587}","{'id': 32290, 'rank': 23, 'fitness': 0.07570911535386687, 'generation': 587}","{'id': 32332, 'rank': 24, 'fitness': 0.06464351784360478, 'generation': 587}","{'id': 32338, 'rank': 25, 'fitness': 0.061651445796338245, 'generation': 587}","{'id': 32249, 'rank': 26, 'fitness': 0.021873979317801107, 'generation': 587}","{'id': 32333, 'rank': 27, 'fitness': 0.020656340268909112, 'generation': 587}","{'id': 32280, 'rank': 28, 'fitness': 0.019813623748919207, 'generation': 587}","{'id': 32226, 'rank': 29, 'fitness': 0.019661786696281658, 'generation': 587}","{'id': 32304, 'rank': 30, 'fitness': 0.01798620996209155, 'generation': 587}"
"{'id': 32323, 'rank': 1, 'fitness': 0.9820137900379085, 'generation': 588}","{'id': 32323, 'rank': 2, 'fitness': 0.9820137900379085, 'generation': 588}","{'id': 32358, 'rank': 3, 'fitness': 0.9763407213277537, 'generation': 588}","{'id': 32367, 'rank': 4, 'fitness': 0.9715115079358116, 'generation': 588}","{'id': 32359, 'rank': 5, 'fitness': 0.9592890858622591, 'generation': 588}","{'id': 32134, 'rank': 6, 'fitness': 0.9276367847457614, 'generation': 588}","{'id': 32370, 'rank': 7, 'fitness': 0.927542146300758, 'generation': 588}","{'id': 32361, 'rank': 8, 'fitness': 0.9161981870170539, 'generation': 588}","{'id': 32361, 'rank': 9, 'fitness': 0.9161981870170539, 'generation': 588}","{'id': 32364, 'rank': 10, 'fitness': 0.9020977633399057, 'generation': 588}","{'id': 32313, 'rank': 11, 'fitness': 0.8903914552071877, 'generation': 588}","{'id': 32313, 'rank': 12, 'fitness': 0.8903914552071877, 'generation': 588}","{'id': 32282, 'rank': 13, 'fitness': 0.8561726370107103, 'generation': 588}","{'id': 32230, 'rank': 14, 'fitness': 0.856085591836134, 'generation': 588}","{'id': 32257, 'rank': 15, 'fitness': 0.6898156177120862, 'generation': 588}","{'id': 32257, 'rank': 16, 'fitness': 0.6898156177120862, 'generation': 588}","{'id': 32257, 'rank': 17, 'fitness': 0.6898156177120862, 'generation': 588}","{'id': 32248, 'rank': 18, 'fitness': 0.4462025733233158, 'generation': 588}","{'id': 32366, 'rank': 19, 'fitness': 0.37132688227708577, 'generation': 588}","{'id': 32366, 'rank': 20, 'fitness': 0.37132688227708577, 'generation': 588}","{'id': 32366, 'rank': 21, 'fitness': 0.37132688227708577, 'generation': 588}","{'id': 32366, 'rank': 22, 'fitness': 0.37132688227708577, 'generation': 588}","{'id': 32347, 'rank': 23, 'fitness': 0.36721717908218793, 'generation': 588}","{'id': 32290, 'rank': 24, 'fitness': 0.32000317074507706, 'generation': 588}","{'id': 32332, 'rank': 25, 'fitness': 0.2881813878413436, 'generation': 588}","{'id': 32349, 'rank': 26, 'fitness': 0.20188260391579216, 'generation': 588}","{'id': 32375, 'rank': 27, 'fitness': 0.15865146863485036, 'generation': 588}","{'id': 32362, 'rank': 28, 'fitness': 0.07451133537274013, 'generation': 588}","{'id': 32390, 'rank': 29, 'fitness': 0.06917624982447845, 'generation': 588}","{'id': 32377, 'rank': 30, 'fitness': 0.01798620996209155, 'generation': 588}"
"{'id': 32323, 'rank': 1, 'fitness': 0.9820137900379085, 'generation': 589}","{'id': 32367, 'rank': 2, 'fitness': 0.9690728630057288, 'generation': 589}","{'id': 32367, 'rank': 3, 'fitness': 0.9690728630057288, 'generation': 589}","{'id': 32134, 'rank': 4, 'fitness': 0.9080726111959385, 'generation': 589}","{'id': 32370, 'rank': 5, 'fitness': 0.9079337445423945, 'generation': 589}","{'id': 32361, 'rank': 6, 'fitness': 0.8911493373203974, 'generation': 589}","{'id': 32361, 'rank': 7, 'fitness': 0.8911493373203974, 'generation': 589}","{'id': 32361, 'rank': 8, 'fitness': 0.8911493373203974, 'generation': 589}","{'id': 32418, 'rank': 9, 'fitness': 0.759135520639822, 'generation': 589}","{'id': 32398, 'rank': 10, 'fitness': 0.6049784799863608, 'generation': 589}","{'id': 32398, 'rank': 11, 'fitness': 0.6049784799863608, 'generation': 589}","{'id': 32398, 'rank': 12, 'fitness': 0.6049784799863608, 'generation': 589}","{'id': 32404, 'rank': 13, 'fitness': 0.3067177109498842, 'generation': 589}","{'id': 32248, 'rank': 14, 'fitness': 0.27402640202227, 'generation': 589}","{'id': 32419, 'rank': 15, 'fitness': 0.22859165610928922, 'generation': 589}","{'id': 32419, 'rank': 16, 'fitness': 0.22859165610928922, 'generation': 589}","{'id': 32366, 'rank': 17, 'fitness': 0.20740537574412177, 'generation': 589}","{'id': 32366, 'rank': 18, 'fitness': 0.20740537574412177, 'generation': 589}","{'id': 32440, 'rank': 19, 'fitness': 0.1763755870663699, 'generation': 589}","{'id': 32290, 'rank': 20, 'fitness': 0.166764609999001, 'generation': 589}","{'id': 32290, 'rank': 21, 'fitness': 0.166764609999001, 'generation': 589}","{'id': 32290, 'rank': 22, 'fitness': 0.166764609999001, 'generation': 589}","{'id': 32413, 'rank': 23, 'fitness': 0.16381514946557452, 'generation': 589}","{'id': 32332, 'rank': 24, 'fitness': 0.14353037855517187, 'generation': 589}","{'id': 32436, 'rank': 25, 'fitness': 0.09893904744688792, 'generation': 589}","{'id': 32422, 'rank': 26, 'fitness': 0.08876143038251083, 'generation': 589}","{'id': 32439, 'rank': 27, 'fitness': 0.08051453078793414, 'generation': 589}","{'id': 32452, 'rank': 28, 'fitness': 0.07441053760492461, 'generation': 589}","{'id': 32448, 'rank': 29, 'fitness': 0.05276720771626081, 'generation': 589}","{'id': 32420, 'rank': 30, 'fitness': 0.01798620996209155, 'generation': 589}"
"{'id': 32458, 'rank': 1, 'fitness': 0.9820137900379085, 'generation': 590}","{'id': 32367, 'rank': 2, 'fitness': 0.9726879491326064, 'generation': 590}","{'id': 32367, 'rank': 3, 'fitness': 0.9726879491326064, 'generation': 590}","{'id': 32134, 'rank': 4, 'fitness': 0.9419589659487982, 'generation': 590}","{'id': 32361, 'rank': 5, 'fitness': 0.9345611165360678, 'generation': 590}","{'id': 32361, 'rank': 6, 'fitness': 0.9345611165360678, 'generation': 590}","{'id': 32471, 'rank': 7, 'fitness': 0.9311253556125021, 'generation': 590}","{'id': 32471, 'rank': 8, 'fitness': 0.9311253556125021, 'generation': 590}","{'id': 32479, 'rank': 9, 'fitness': 0.8905070590671196, 'generation': 590}","{'id': 32476, 'rank': 10, 'fitness': 0.873107646385258, 'generation': 590}","{'id': 32476, 'rank': 11, 'fitness': 0.873107646385258, 'generation': 590}","{'id': 32469, 'rank': 12, 'fitness': 0.8315941159541577, 'generation': 590}","{'id': 32503, 'rank': 13, 'fitness': 0.8278559366967239, 'generation': 590}","{'id': 32398, 'rank': 14, 'fitness': 0.8202018872010777, 'generation': 590}","{'id': 32398, 'rank': 15, 'fitness': 0.8202018872010777, 'generation': 590}","{'id': 32461, 'rank': 16, 'fitness': 0.7506996107378188, 'generation': 590}","{'id': 32248, 'rank': 17, 'fitness': 0.6374239641237169, 'generation': 590}","{'id': 32419, 'rank': 18, 'fitness': 0.5985551492202197, 'generation': 590}","{'id': 32490, 'rank': 19, 'fitness': 0.5972427220123244, 'generation': 590}","{'id': 32366, 'rank': 20, 'fitness': 0.5780526860308846, 'generation': 590}","{'id': 32366, 'rank': 21, 'fitness': 0.5780526860308846, 'generation': 590}","{'id': 32366, 'rank': 22, 'fitness': 0.5780526860308846, 'generation': 590}","{'id': 32290, 'rank': 23, 'fitness': 0.5330167961733392, 'generation': 590}","{'id': 32290, 'rank': 24, 'fitness': 0.5330167961733392, 'generation': 590}","{'id': 32413, 'rank': 25, 'fitness': 0.5293923215494689, 'generation': 590}","{'id': 32497, 'rank': 26, 'fitness': 0.5137680947541661, 'generation': 590}","{'id': 32495, 'rank': 27, 'fitness': 0.4323070865098271, 'generation': 590}","{'id': 32436, 'rank': 28, 'fitness': 0.431321776379837, 'generation': 590}","{'id': 32478, 'rank': 29, 'fitness': 0.13981262083012808, 'generation': 590}","{'id': 32455, 'rank': 30, 'fitness': 0.01798620996209155, 'generation': 590}"
"{'id': 32458, 'rank': 1, 'fitness': 0.9820137900379085, 'generation': 591}","{'id': 32528, 'rank': 2, 'fitness': 0.9751324513503776, 'generation': 591}","{'id': 32367, 'rank': 3, 'fitness': 0.9685467741774232, 'generation': 591}","{'id': 32134, 'rank': 4, 'fitness': 0.9148109469880313, 'generation': 591}","{'id': 32471, 'rank': 5, 'fitness': 0.8936849245380798, 'generation': 591}","{'id': 32471, 'rank': 6, 'fitness': 0.8936849245380798, 'generation': 591}","{'id': 32479, 'rank': 7, 'fitness': 0.8096580187788767, 'generation': 591}","{'id': 32479, 'rank': 8, 'fitness': 0.8096580187788767, 'generation': 591}","{'id': 32476, 'rank': 9, 'fitness': 0.7727070044794115, 'generation': 591}","{'id': 32476, 'rank': 10, 'fitness': 0.7727070044794115, 'generation': 591}","{'id': 32503, 'rank': 11, 'fitness': 0.6777635697614321, 'generation': 591}","{'id': 32503, 'rank': 12, 'fitness': 0.6777635697614321, 'generation': 591}","{'id': 32518, 'rank': 13, 'fitness': 0.6329872400828629, 'generation': 591}","{'id': 32523, 'rank': 14, 'fitness': 0.4641874985606252, 'generation': 591}","{'id': 32516, 'rank': 15, 'fitness': 0.3678472814304202, 'generation': 591}","{'id': 32490, 'rank': 16, 'fitness': 0.3029077728563737, 'generation': 591}","{'id': 32490, 'rank': 17, 'fitness': 0.3029077728563737, 'generation': 591}","{'id': 32530, 'rank': 18, 'fitness': 0.27406869133587236, 'generation': 591}","{'id': 32497, 'rank': 19, 'fitness': 0.2162331229286772, 'generation': 591}","{'id': 32517, 'rank': 20, 'fitness': 0.19264799851779885, 'generation': 591}","{'id': 32517, 'rank': 21, 'fitness': 0.19264799851779885, 'generation': 591}","{'id': 32541, 'rank': 22, 'fitness': 0.1484338269289513, 'generation': 591}","{'id': 32524, 'rank': 23, 'fitness': 0.10342882594390179, 'generation': 591}","{'id': 32552, 'rank': 24, 'fitness': 0.0750057132639389, 'generation': 591}","{'id': 32550, 'rank': 25, 'fitness': 0.0629435013652449, 'generation': 591}","{'id': 32533, 'rank': 26, 'fitness': 0.03664154452192886, 'generation': 591}","{'id': 32557, 'rank': 27, 'fitness': 0.029735356460842965, 'generation': 591}","{'id': 32557, 'rank': 28, 'fitness': 0.029735356460842965, 'generation': 591}","{'id': 32519, 'rank': 29, 'fitness': 0.021086928638500257, 'generation': 591}","{'id': 32570, 'rank': 30, 'fitness': 0.01798620996209155, 'generation': 591}"
"{'id': 32528, 'rank': 1, 'fitness': 0.9820137900379085, 'generation': 592}","{'id': 32528, 'rank': 2, 'fitness': 0.9820137900379085, 'generation': 592}","{'id': 32528, 'rank': 3, 'fitness': 0.9820137900379085, 'generation': 592}","{'id': 32609, 'rank': 4, 'fitness': 0.967516428399495, 'generation': 592}","{'id': 32608, 'rank': 5, 'fitness': 0.9658877481209844, 'generation': 592}","{'id': 32608, 'rank': 6, 'fitness': 0.9658877481209844, 'generation': 592}","{'id': 32618, 'rank': 7, 'fitness': 0.9557520330184623, 'generation': 592}","{'id': 32601, 'rank': 8, 'fitness': 0.946500176122977, 'generation': 592}","{'id': 32601, 'rank': 9, 'fitness': 0.946500176122977, 'generation': 592}","{'id': 32134, 'rank': 10, 'fitness': 0.9437322415938227, 'generation': 592}","{'id': 32471, 'rank': 11, 'fitness': 0.9306389462995499, 'generation': 592}","{'id': 32471, 'rank': 12, 'fitness': 0.9306389462995499, 'generation': 592}","{'id': 32620, 'rank': 13, 'fitness': 0.8970028960442392, 'generation': 592}","{'id': 32620, 'rank': 14, 'fitness': 0.8970028960442392, 'generation': 592}","{'id': 32623, 'rank': 15, 'fitness': 0.8664052567582109, 'generation': 592}","{'id': 32476, 'rank': 16, 'fitness': 0.8546518042130338, 'generation': 592}","{'id': 32596, 'rank': 17, 'fitness': 0.8142466553847874, 'generation': 592}","{'id': 32585, 'rank': 18, 'fitness': 0.7704794683751126, 'generation': 592}","{'id': 32518, 'rank': 19, 'fitness': 0.7600858862882043, 'generation': 592}","{'id': 32594, 'rank': 20, 'fitness': 0.5823389842744014, 'generation': 592}","{'id': 32586, 'rank': 21, 'fitness': 0.570948810642503, 'generation': 592}","{'id': 32587, 'rank': 22, 'fitness': 0.5627959555657682, 'generation': 592}","{'id': 32602, 'rank': 23, 'fitness': 0.532574643240028, 'generation': 592}","{'id': 32602, 'rank': 24, 'fitness': 0.532574643240028, 'generation': 592}","{'id': 32602, 'rank': 25, 'fitness': 0.532574643240028, 'generation': 592}","{'id': 32490, 'rank': 26, 'fitness': 0.47424513652724776, 'generation': 592}","{'id': 32572, 'rank': 27, 'fitness': 0.2719746621214729, 'generation': 592}","{'id': 32577, 'rank': 28, 'fitness': 0.17635717144896246, 'generation': 592}","{'id': 32592, 'rank': 29, 'fitness': 0.11688547906129543, 'generation': 592}","{'id': 32621, 'rank': 30, 'fitness': 0.01798620996209155, 'generation': 592}"
"{'id': 32528, 'rank': 1, 'fitness': 0.9820137900379085, 'generation': 593}","{'id': 32528, 'rank': 2, 'fitness': 0.9820137900379085, 'generation': 593}","{'id': 32528, 'rank': 3, 'fitness': 0.9820137900379085, 'generation': 593}","{'id': 32608, 'rank': 4, 'fitness': 0.9613154752538846, 'generation': 593}","{'id': 32608, 'rank': 5, 'fitness': 0.9613154752538846, 'generation': 593}","{'id': 32601, 'rank': 6, 'fitness': 0.9339538739412377, 'generation': 593}","{'id': 32601, 'rank': 7, 'fitness': 0.9339538739412377, 'generation': 593}","{'id': 32134, 'rank': 8, 'fitness': 0.9298959275186818, 'generation': 593}","{'id': 32134, 'rank': 9, 'fitness': 0.9298959275186818, 'generation': 593}","{'id': 32134, 'rank': 10, 'fitness': 0.9298959275186818, 'generation': 593}","{'id': 32620, 'rank': 11, 'fitness': 0.8580818458591635, 'generation': 593}","{'id': 32476, 'rank': 12, 'fitness': 0.7906037117671277, 'generation': 593}","{'id': 32596, 'rank': 13, 'fitness': 0.7264055198949939, 'generation': 593}","{'id': 32658, 'rank': 14, 'fitness': 0.6556052465148798, 'generation': 593}","{'id': 32518, 'rank': 15, 'fitness': 0.642727509214825, 'generation': 593}","{'id': 32594, 'rank': 16, 'fitness': 0.4021037499863354, 'generation': 593}","{'id': 32594, 'rank': 17, 'fitness': 0.4021037499863354, 'generation': 593}","{'id': 32594, 'rank': 18, 'fitness': 0.4021037499863354, 'generation': 593}","{'id': 32594, 'rank': 19, 'fitness': 0.4021037499863354, 'generation': 593}","{'id': 32625, 'rank': 20, 'fitness': 0.27515279415147154, 'generation': 593}","{'id': 32643, 'rank': 21, 'fitness': 0.27450268521908494, 'generation': 593}","{'id': 32644, 'rank': 22, 'fitness': 0.16410569732401098, 'generation': 593}","{'id': 32680, 'rank': 23, 'fitness': 0.13390637791094107, 'generation': 593}","{'id': 32572, 'rank': 24, 'fitness': 0.12179653372198473, 'generation': 593}","{'id': 32683, 'rank': 25, 'fitness': 0.11456562883914256, 'generation': 593}","{'id': 32592, 'rank': 26, 'fitness': 0.03844097619619369, 'generation': 593}","{'id': 32689, 'rank': 27, 'fitness': 0.030428000882586237, 'generation': 593}","{'id': 32624, 'rank': 28, 'fitness': 0.029510672272325678, 'generation': 593}","{'id': 32685, 'rank': 29, 'fitness': 0.028756379379905328, 'generation': 593}","{'id': 32668, 'rank': 30, 'fitness': 0.01798620996209155, 'generation': 593}"
"{'id': 32608, 'rank': 1, 'fitness': 0.9820137900379085, 'generation': 594}","{'id': 32601, 'rank': 2, 'fitness': 0.9663357743628969, 'generation': 594}","{'id': 32601, 'rank': 3, 'fitness': 0.9663357743628969, 'generation': 594}","{'id': 32134, 'rank': 4, 'fitness': 0.9638797565119034, 'generation': 594}","{'id': 32723, 'rank': 5, 'fitness': 0.9522253484759742, 'generation': 594}","{'id': 32739, 'rank': 6, 'fitness': 0.9425901559613528, 'generation': 594}","{'id': 32706, 'rank': 7, 'fitness': 0.9362975315084643, 'generation': 594}","{'id': 32620, 'rank': 8, 'fitness': 0.9159226924504483, 'generation': 594}","{'id': 32620, 'rank': 9, 'fitness': 0.9159226924504483, 'generation': 594}","{'id': 32707, 'rank': 10, 'fitness': 0.9010447416231785, 'generation': 594}","{'id': 32596, 'rank': 11, 'fitness': 0.8099508554179445, 'generation': 594}","{'id': 32705, 'rank': 12, 'fitness': 0.7885058618909551, 'generation': 594}","{'id': 32718, 'rank': 13, 'fitness': 0.7052777733627099, 'generation': 594}","{'id': 32709, 'rank': 14, 'fitness': 0.546327361657454, 'generation': 594}","{'id': 32594, 'rank': 15, 'fitness': 0.4709778109179956, 'generation': 594}","{'id': 32744, 'rank': 16, 'fitness': 0.36437141703097864, 'generation': 594}","{'id': 32744, 'rank': 17, 'fitness': 0.36437141703097864, 'generation': 594}","{'id': 32744, 'rank': 18, 'fitness': 0.36437141703097864, 'generation': 594}","{'id': 32725, 'rank': 19, 'fitness': 0.35431347969636917, 'generation': 594}","{'id': 32725, 'rank': 20, 'fitness': 0.35431347969636917, 'generation': 594}","{'id': 32725, 'rank': 21, 'fitness': 0.35431347969636917, 'generation': 594}","{'id': 32725, 'rank': 22, 'fitness': 0.35431347969636917, 'generation': 594}","{'id': 32711, 'rank': 23, 'fitness': 0.3228187721171372, 'generation': 594}","{'id': 32734, 'rank': 24, 'fitness': 0.29488900961704756, 'generation': 594}","{'id': 32720, 'rank': 25, 'fitness': 0.20878914164535317, 'generation': 594}","{'id': 32683, 'rank': 26, 'fitness': 0.11964544197601013, 'generation': 594}","{'id': 32741, 'rank': 27, 'fitness': 0.10638530532124074, 'generation': 594}","{'id': 32747, 'rank': 28, 'fitness': 0.05315899012851538, 'generation': 594}","{'id': 32713, 'rank': 29, 'fitness': 0.03471145517831442, 'generation': 594}","{'id': 32700, 'rank': 30, 'fitness': 0.01798620996209155, 'generation': 594}"
"{'id': 32757, 'rank': 1, 'fitness': 0.9820137900379085, 'generation': 595}","{'id': 32723, 'rank': 2, 'fitness': 0.9385079803018438, 'generation': 595}","{'id': 32739, 'rank': 3, 'fitness': 0.9269637145222307, 'generation': 595}","{'id': 32773, 'rank': 4, 'fitness': 0.8644776629234889, 'generation': 595}","{'id': 32784, 'rank': 5, 'fitness': 0.8447671025638863, 'generation': 595}","{'id': 32784, 'rank': 6, 'fitness': 0.8447671025638863, 'generation': 595}","{'id': 32766, 'rank': 7, 'fitness': 0.8349752423963037, 'generation': 595}","{'id': 32796, 'rank': 8, 'fitness': 0.8211342501978568, 'generation': 595}","{'id': 32767, 'rank': 9, 'fitness': 0.820304614440198, 'generation': 595}","{'id': 32767, 'rank': 10, 'fitness': 0.820304614440198, 'generation': 595}","{'id': 32767, 'rank': 11, 'fitness': 0.820304614440198, 'generation': 595}","{'id': 32781, 'rank': 12, 'fitness': 0.8180853040742181, 'generation': 595}","{'id': 32783, 'rank': 13, 'fitness': 0.8144419355785207, 'generation': 595}","{'id': 32769, 'rank': 14, 'fitness': 0.7980530968487122, 'generation': 595}","{'id': 32769, 'rank': 15, 'fitness': 0.7980530968487122, 'generation': 595}","{'id': 32806, 'rank': 16, 'fitness': 0.7653324032292665, 'generation': 595}","{'id': 32718, 'rank': 17, 'fitness': 0.6702048950385435, 'generation': 595}","{'id': 32718, 'rank': 18, 'fitness': 0.6702048950385435, 'generation': 595}","{'id': 32765, 'rank': 19, 'fitness': 0.3970964407651663, 'generation': 595}","{'id': 32744, 'rank': 20, 'fitness': 0.34296019186413307, 'generation': 595}","{'id': 32725, 'rank': 21, 'fitness': 0.3336574953952748, 'generation': 595}","{'id': 32788, 'rank': 22, 'fitness': 0.23676850919414555, 'generation': 595}","{'id': 32788, 'rank': 23, 'fitness': 0.23676850919414555, 'generation': 595}","{'id': 32802, 'rank': 24, 'fitness': 0.2318345594335522, 'generation': 595}","{'id': 32813, 'rank': 25, 'fitness': 0.21308256778585333, 'generation': 595}","{'id': 32760, 'rank': 26, 'fitness': 0.08785585965693143, 'generation': 595}","{'id': 32797, 'rank': 27, 'fitness': 0.0848992427181422, 'generation': 595}","{'id': 32798, 'rank': 28, 'fitness': 0.06429349341596191, 'generation': 595}","{'id': 32755, 'rank': 29, 'fitness': 0.04569428603194381, 'generation': 595}","{'id': 32780, 'rank': 30, 'fitness': 0.01798620996209155, 'generation': 595}"
"{'id': 32815, 'rank': 1, 'fitness': 0.9820137900379085, 'generation': 596}","{'id': 32824, 'rank': 2, 'fitness': 0.9390715361988549, 'generation': 596}","{'id': 32739, 'rank': 3, 'fitness': 0.9227782962955231, 'generation': 596}","{'id': 32876, 'rank': 4, 'fitness': 0.905510387154261, 'generation': 596}","{'id': 32773, 'rank': 5, 'fitness': 0.8741585285079576, 'generation': 596}","{'id': 32773, 'rank': 6, 'fitness': 0.8741585285079576, 'generation': 596}","{'id': 32784, 'rank': 7, 'fitness': 0.8597217160447369, 'generation': 596}","{'id': 32766, 'rank': 8, 'fitness': 0.8526521003753933, 'generation': 596}","{'id': 32766, 'rank': 9, 'fitness': 0.8526521003753933, 'generation': 596}","{'id': 32766, 'rank': 10, 'fitness': 0.8526521003753933, 'generation': 596}","{'id': 32767, 'rank': 11, 'fitness': 0.8421645496753216, 'generation': 596}","{'id': 32769, 'rank': 12, 'fitness': 0.8264517747862558, 'generation': 596}","{'id': 32718, 'rank': 13, 'fitness': 0.7381319067850878, 'generation': 596}","{'id': 32718, 'rank': 14, 'fitness': 0.7381319067850878, 'generation': 596}","{'id': 32718, 'rank': 15, 'fitness': 0.7381319067850878, 'generation': 596}","{'id': 32877, 'rank': 16, 'fitness': 0.6635778343736559, 'generation': 596}","{'id': 32827, 'rank': 17, 'fitness': 0.6371324235136482, 'generation': 596}","{'id': 32875, 'rank': 18, 'fitness': 0.5994213866385416, 'generation': 596}","{'id': 32821, 'rank': 19, 'fitness': 0.4272689597404033, 'generation': 596}","{'id': 32788, 'rank': 20, 'fitness': 0.3903617297764075, 'generation': 596}","{'id': 32788, 'rank': 21, 'fitness': 0.3903617297764075, 'generation': 596}","{'id': 32802, 'rank': 22, 'fitness': 0.3852133316732766, 'generation': 596}","{'id': 32837, 'rank': 23, 'fitness': 0.1533504610572881, 'generation': 596}","{'id': 32837, 'rank': 24, 'fitness': 0.1533504610572881, 'generation': 596}","{'id': 32825, 'rank': 25, 'fitness': 0.11342526560076882, 'generation': 596}","{'id': 32825, 'rank': 26, 'fitness': 0.11342526560076882, 'generation': 596}","{'id': 32864, 'rank': 27, 'fitness': 0.07283444452500487, 'generation': 596}","{'id': 32866, 'rank': 28, 'fitness': 0.06311876784105164, 'generation': 596}","{'id': 32865, 'rank': 29, 'fitness': 0.05271633677439569, 'generation': 596}","{'id': 32830, 'rank': 30, 'fitness': 0.01798620996209155, 'generation': 596}"
"{'id': 32905, 'rank': 1, 'fitness': 0.9820137900379085, 'generation': 597}","{'id': 32905, 'rank': 2, 'fitness': 0.9820137900379085, 'generation': 597}","{'id': 32876, 'rank': 3, 'fitness': 0.954392769332046, 'generation': 597}","{'id': 32773, 'rank': 4, 'fitness': 0.9350072581309455, 'generation': 597}","{'id': 32773, 'rank': 5, 'fitness': 0.9350072581309455, 'generation': 597}","{'id': 32887, 'rank': 6, 'fitness': 0.9220838719110687, 'generation': 597}","{'id': 32766, 'rank': 7, 'fitness': 0.9208189964260982, 'generation': 597}","{'id': 32767, 'rank': 8, 'fitness': 0.9136501466840989, 'generation': 597}","{'id': 32769, 'rank': 9, 'fitness': 0.9026115241152548, 'generation': 597}","{'id': 32916, 'rank': 10, 'fitness': 0.8989615446732948, 'generation': 597}","{'id': 32916, 'rank': 11, 'fitness': 0.8989615446732948, 'generation': 597}","{'id': 32718, 'rank': 12, 'fitness': 0.8342244842579188, 'generation': 597}","{'id': 32877, 'rank': 13, 'fitness': 0.7685437302464102, 'generation': 597}","{'id': 32895, 'rank': 14, 'fitness': 0.7649606154617874, 'generation': 597}","{'id': 32895, 'rank': 15, 'fitness': 0.7649606154617874, 'generation': 597}","{'id': 32875, 'rank': 16, 'fitness': 0.7064942930332538, 'generation': 597}","{'id': 32920, 'rank': 17, 'fitness': 0.6087596573972734, 'generation': 597}","{'id': 32788, 'rank': 18, 'fitness': 0.47249259989058645, 'generation': 597}","{'id': 32937, 'rank': 19, 'fitness': 0.47071780909467953, 'generation': 597}","{'id': 32902, 'rank': 20, 'fitness': 0.4324554029238658, 'generation': 597}","{'id': 32914, 'rank': 21, 'fitness': 0.30539650515593253, 'generation': 597}","{'id': 32911, 'rank': 22, 'fitness': 0.16888285187846125, 'generation': 597}","{'id': 32885, 'rank': 23, 'fitness': 0.13120522529241874, 'generation': 597}","{'id': 32919, 'rank': 24, 'fitness': 0.12850990014869157, 'generation': 597}","{'id': 32900, 'rank': 25, 'fitness': 0.08556001611468517, 'generation': 597}","{'id': 32900, 'rank': 26, 'fitness': 0.08556001611468517, 'generation': 597}","{'id': 32930, 'rank': 27, 'fitness': 0.050316385728131685, 'generation': 597}","{'id': 32865, 'rank': 28, 'fitness': 0.04949616474258467, 'generation': 597}","{'id': 32907, 'rank': 29, 'fitness': 0.04350078268698476, 'generation': 597}","{'id': 32886, 'rank': 30, 'fitness': 0.01798620996209155, 'generation': 597}"
"{'id': 32953, 'rank': 1, 'fitness': 0.9820137900379085, 'generation': 598}","{'id': 32953, 'rank': 2, 'fitness': 0.9820137900379085, 'generation': 598}","{'id': 32997, 'rank': 3, 'fitness': 0.9751669346680285, 'generation': 598}","{'id': 32997, 'rank': 4, 'fitness': 0.9751669346680285, 'generation': 598}","{'id': 32876, 'rank': 5, 'fitness': 0.9654230234930361, 'generation': 598}","{'id': 32887, 'rank': 6, 'fitness': 0.9372313884669061, 'generation': 598}","{'id': 32887, 'rank': 7, 'fitness': 0.9372313884669061, 'generation': 598}","{'id': 32887, 'rank': 8, 'fitness': 0.9372313884669061, 'generation': 598}","{'id': 32766, 'rank': 9, 'fitness': 0.9360929518366929, 'generation': 598}","{'id': 32766, 'rank': 10, 'fitness': 0.9360929518366929, 'generation': 598}","{'id': 32767, 'rank': 11, 'fitness': 0.9295981520217512, 'generation': 598}","{'id': 32769, 'rank': 12, 'fitness': 0.9194640552563823, 'generation': 598}","{'id': 32718, 'rank': 13, 'fitness': 0.8537700134719546, 'generation': 598}","{'id': 32718, 'rank': 14, 'fitness': 0.8537700134719546, 'generation': 598}","{'id': 32877, 'rank': 15, 'fitness': 0.7871696167583776, 'generation': 598}","{'id': 32875, 'rank': 16, 'fitness': 0.7220621052115463, 'generation': 598}","{'id': 32967, 'rank': 17, 'fitness': 0.6822062693745568, 'generation': 598}","{'id': 32987, 'rank': 18, 'fitness': 0.6096597101459108, 'generation': 598}","{'id': 32987, 'rank': 19, 'fitness': 0.6096597101459108, 'generation': 598}","{'id': 32951, 'rank': 20, 'fitness': 0.44816063962868197, 'generation': 598}","{'id': 32938, 'rank': 21, 'fitness': 0.41451900367843364, 'generation': 598}","{'id': 32938, 'rank': 22, 'fitness': 0.41451900367843364, 'generation': 598}","{'id': 33004, 'rank': 23, 'fitness': 0.16308757314021816, 'generation': 598}","{'id': 32970, 'rank': 24, 'fitness': 0.15218407817680651, 'generation': 598}","{'id': 32911, 'rank': 25, 'fitness': 0.1468298687405703, 'generation': 598}","{'id': 32948, 'rank': 26, 'fitness': 0.054924046229339774, 'generation': 598}","{'id': 32930, 'rank': 27, 'fitness': 0.037842736376714925, 'generation': 598}","{'id': 32865, 'rank': 28, 'fitness': 0.0371571436653374, 'generation': 598}","{'id': 32964, 'rank': 29, 'fitness': 0.029370316741530844, 'generation': 598}","{'id': 32963, 'rank': 30, 'fitness': 0.01798620996209155, 'generation': 598}"
"{'id': 33034, 'rank': 1, 'fitness': 0.9820137900379085, 'generation': 599}","{'id': 32953, 'rank': 2, 'fitness': 0.9688372116811534, 'generation': 599}","{'id': 32953, 'rank': 3, 'fitness': 0.9688372116811534, 'generation': 599}","{'id': 33033, 'rank': 4, 'fitness': 0.924128083735488, 'generation': 599}","{'id': 32767, 'rank': 5, 'fitness': 0.8840404632185923, 'generation': 599}","{'id': 32767, 'rank': 6, 'fitness': 0.8840404632185923, 'generation': 599}","{'id': 32769, 'rank': 7, 'fitness': 0.8684400387960256, 'generation': 599}","{'id': 32769, 'rank': 8, 'fitness': 0.8684400387960256, 'generation': 599}","{'id': 32769, 'rank': 9, 'fitness': 0.8684400387960256, 'generation': 599}","{'id': 32769, 'rank': 10, 'fitness': 0.8684400387960256, 'generation': 599}","{'id': 32877, 'rank': 11, 'fitness': 0.6837587425599555, 'generation': 599}","{'id': 33057, 'rank': 12, 'fitness': 0.651484278124272, 'generation': 599}","{'id': 32987, 'rank': 13, 'fitness': 0.47937396299912877, 'generation': 599}","{'id': 32987, 'rank': 14, 'fitness': 0.47937396299912877, 'generation': 599}","{'id': 33046, 'rank': 15, 'fitness': 0.35851892940689456, 'generation': 599}","{'id': 33066, 'rank': 16, 'fitness': 0.3419555849396486, 'generation': 599}","{'id': 33038, 'rank': 17, 'fitness': 0.2399744079324419, 'generation': 599}","{'id': 33038, 'rank': 18, 'fitness': 0.2399744079324419, 'generation': 599}","{'id': 33061, 'rank': 19, 'fitness': 0.13115252873192013, 'generation': 599}","{'id': 33017, 'rank': 20, 'fitness': 0.12078188439758003, 'generation': 599}","{'id': 32970, 'rank': 21, 'fitness': 0.09753784807125726, 'generation': 599}","{'id': 32970, 'rank': 22, 'fitness': 0.09753784807125726, 'generation': 599}","{'id': 33056, 'rank': 23, 'fitness': 0.0932042160330735, 'generation': 599}","{'id': 33067, 'rank': 24, 'fitness': 0.07915759304126407, 'generation': 599}","{'id': 33058, 'rank': 25, 'fitness': 0.04597961189587302, 'generation': 599}","{'id': 33055, 'rank': 26, 'fitness': 0.044836786874034584, 'generation': 599}","{'id': 32948, 'rank': 27, 'fitness': 0.03417069640827958, 'generation': 599}","{'id': 33068, 'rank': 28, 'fitness': 0.026201785930788313, 'generation': 599}","{'id': 33019, 'rank': 29, 'fitness': 0.025950162768595297, 'generation': 599}","{'id': 33049, 'rank': 30, 'fitness': 0.01798620996209155, 'generation': 599}"
"{'id': 33069, 'rank': 1, 'fitness': 0.9820137900379085, 'generation': 600}","{'id': 33034, 'rank': 2, 'fitness': 0.9652625337720707, 'generation': 600}","{'id': 33102, 'rank': 3, 'fitness': 0.9549289492802779, 'generation': 600}","{'id': 33112, 'rank': 4, 'fitness': 0.9494539319158734, 'generation': 600}","{'id': 33070, 'rank': 5, 'fitness': 0.9320496383611201, 'generation': 600}","{'id': 33079, 'rank': 6, 'fitness': 0.9160605750420875, 'generation': 600}","{'id': 33079, 'rank': 7, 'fitness': 0.9160605750420875, 'generation': 600}","{'id': 32769, 'rank': 8, 'fitness': 0.7933746198434946, 'generation': 600}","{'id': 33084, 'rank': 9, 'fitness': 0.7891292460155327, 'generation': 600}","{'id': 33084, 'rank': 10, 'fitness': 0.7891292460155327, 'generation': 600}","{'id': 33077, 'rank': 11, 'fitness': 0.7859345350915266, 'generation': 600}","{'id': 33071, 'rank': 12, 'fitness': 0.7440234178918984, 'generation': 600}","{'id': 33071, 'rank': 13, 'fitness': 0.7440234178918984, 'generation': 600}","{'id': 33111, 'rank': 14, 'fitness': 0.6987042642215395, 'generation': 600}","{'id': 33113, 'rank': 15, 'fitness': 0.6584311474994065, 'generation': 600}","{'id': 33113, 'rank': 16, 'fitness': 0.6584311474994065, 'generation': 600}","{'id': 32877, 'rank': 17, 'fitness': 0.5743973547760658, 'generation': 600}","{'id': 33110, 'rank': 18, 'fitness': 0.4300288569988338, 'generation': 600}","{'id': 32987, 'rank': 19, 'fitness': 0.37757195994447706, 'generation': 600}","{'id': 32987, 'rank': 20, 'fitness': 0.37757195994447706, 'generation': 600}","{'id': 33066, 'rank': 21, 'fitness': 0.2619723237816254, 'generation': 600}","{'id': 33101, 'rank': 22, 'fitness': 0.20603817666583102, 'generation': 600}","{'id': 33121, 'rank': 23, 'fitness': 0.14116309619202239, 'generation': 600}","{'id': 33121, 'rank': 24, 'fitness': 0.14116309619202239, 'generation': 600}","{'id': 33121, 'rank': 25, 'fitness': 0.14116309619202239, 'generation': 600}","{'id': 33017, 'rank': 26, 'fitness': 0.092617588350008, 'generation': 600}","{'id': 32970, 'rank': 27, 'fitness': 0.07538552420585709, 'generation': 600}","{'id': 33058, 'rank': 28, 'fitness': 0.0368517231595184, 'generation': 600}","{'id': 33019, 'rank': 29, 'fitness': 0.021486171517872854, 'generation': 600}","{'id': 33114, 'rank': 30, 'fitness': 0.01798620996209155, 'generation': 600}"
"{'id': 33134, 'rank': 1, 'fitness': 0.9820137900379085, 'generation': 601}","{'id': 33133, 'rank': 2, 'fitness': 0.980472136255546, 'generation': 601}","{'id': 33133, 'rank': 3, 'fitness': 0.980472136255546, 'generation': 601}","{'id': 33133, 'rank': 4, 'fitness': 0.980472136255546, 'generation': 601}","{'id': 33102, 'rank': 5, 'fitness': 0.7567536365834969, 'generation': 601}","{'id': 33151, 'rank': 6, 'fitness': 0.7567054765018816, 'generation': 601}","{'id': 33151, 'rank': 7, 'fitness': 0.7567054765018816, 'generation': 601}","{'id': 33079, 'rank': 8, 'fitness': 0.6555689462795302, 'generation': 601}","{'id': 33084, 'rank': 9, 'fitness': 0.46279182171158806, 'generation': 601}","{'id': 33071, 'rank': 10, 'fitness': 0.4167160904662238, 'generation': 601}","{'id': 33172, 'rank': 11, 'fitness': 0.4030568777647361, 'generation': 601}","{'id': 33172, 'rank': 12, 'fitness': 0.4030568777647361, 'generation': 601}","{'id': 33113, 'rank': 13, 'fitness': 0.3451481269153907, 'generation': 601}","{'id': 33129, 'rank': 14, 'fitness': 0.23207638686725363, 'generation': 601}","{'id': 33173, 'rank': 15, 'fitness': 0.14595514434104395, 'generation': 601}","{'id': 33161, 'rank': 16, 'fitness': 0.10088739899546983, 'generation': 601}","{'id': 33121, 'rank': 17, 'fitness': 0.07842851962059139, 'generation': 601}","{'id': 33145, 'rank': 18, 'fitness': 0.06976664110919478, 'generation': 601}","{'id': 33156, 'rank': 19, 'fitness': 0.04908944447839636, 'generation': 601}","{'id': 33125, 'rank': 20, 'fitness': 0.04841449482871657, 'generation': 601}","{'id': 32970, 'rank': 21, 'fitness': 0.04819245881811557, 'generation': 601}","{'id': 33170, 'rank': 22, 'fitness': 0.04054696666138413, 'generation': 601}","{'id': 33132, 'rank': 23, 'fitness': 0.035284513662008965, 'generation': 601}","{'id': 33132, 'rank': 24, 'fitness': 0.035284513662008965, 'generation': 601}","{'id': 33155, 'rank': 25, 'fitness': 0.030599503446238796, 'generation': 601}","{'id': 33163, 'rank': 26, 'fitness': 0.029389416224532394, 'generation': 601}","{'id': 33177, 'rank': 27, 'fitness': 0.027776309661451615, 'generation': 601}","{'id': 33162, 'rank': 28, 'fitness': 0.023353094631406945, 'generation': 601}","{'id': 33126, 'rank': 29, 'fitness': 0.019003348575485024, 'generation': 601}","{'id': 33171, 'rank': 30, 'fitness': 0.01798620996209155, 'generation': 601}"
"{'id': 33134, 'rank': 1, 'fitness': 0.9820137900379085, 'generation': 602}","{'id': 33134, 'rank': 2, 'fitness': 0.9820137900379085, 'generation': 602}","{'id': 33133, 'rank': 3, 'fitness': 0.9803948904430269, 'generation': 602}","{'id': 33133, 'rank': 4, 'fitness': 0.9803948904430269, 'generation': 602}","{'id': 33133, 'rank': 5, 'fitness': 0.9803948904430269, 'generation': 602}","{'id': 33192, 'rank': 6, 'fitness': 0.9461933750778254, 'generation': 602}","{'id': 33192, 'rank': 7, 'fitness': 0.9461933750778254, 'generation': 602}","{'id': 33217, 'rank': 8, 'fitness': 0.8574664192115615, 'generation': 602}","{'id': 33217, 'rank': 9, 'fitness': 0.8574664192115615, 'generation': 602}","{'id': 33188, 'rank': 10, 'fitness': 0.8021830941438389, 'generation': 602}","{'id': 33227, 'rank': 11, 'fitness': 0.7680358557380965, 'generation': 602}","{'id': 33102, 'rank': 12, 'fitness': 0.7305291785705509, 'generation': 602}","{'id': 33229, 'rank': 13, 'fitness': 0.6966506780078121, 'generation': 602}","{'id': 33215, 'rank': 14, 'fitness': 0.6928682607721909, 'generation': 602}","{'id': 33215, 'rank': 15, 'fitness': 0.6928682607721909, 'generation': 602}","{'id': 33180, 'rank': 16, 'fitness': 0.6554433390043555, 'generation': 602}","{'id': 33079, 'rank': 17, 'fitness': 0.6183021650334803, 'generation': 602}","{'id': 33071, 'rank': 18, 'fitness': 0.3671158761191985, 'generation': 602}","{'id': 33172, 'rank': 19, 'fitness': 0.3534751433121017, 'generation': 602}","{'id': 33172, 'rank': 20, 'fitness': 0.3534751433121017, 'generation': 602}","{'id': 33220, 'rank': 21, 'fitness': 0.31433949443647846, 'generation': 602}","{'id': 33220, 'rank': 22, 'fitness': 0.31433949443647846, 'generation': 602}","{'id': 33220, 'rank': 23, 'fitness': 0.31433949443647846, 'generation': 602}","{'id': 33129, 'rank': 24, 'fitness': 0.1905714489732786, 'generation': 602}","{'id': 33129, 'rank': 25, 'fitness': 0.1905714489732786, 'generation': 602}","{'id': 33191, 'rank': 26, 'fitness': 0.09686926143315866, 'generation': 602}","{'id': 33224, 'rank': 27, 'fitness': 0.05855218284594543, 'generation': 602}","{'id': 33145, 'rank': 28, 'fitness': 0.0518126937728971, 'generation': 602}","{'id': 33211, 'rank': 29, 'fitness': 0.03846772551344074, 'generation': 602}","{'id': 33222, 'rank': 30, 'fitness': 0.01798620996209155, 'generation': 602}"
"{'id': 33133, 'rank': 1, 'fitness': 0.9820137900379085, 'generation': 603}","{'id': 33133, 'rank': 2, 'fitness': 0.9820137900379085, 'generation': 603}","{'id': 33192, 'rank': 3, 'fitness': 0.9541769926906032, 'generation': 603}","{'id': 33259, 'rank': 4, 'fitness': 0.9179443395232552, 'generation': 603}","{'id': 33217, 'rank': 5, 'fitness': 0.8856170968373117, 'generation': 603}","{'id': 33217, 'rank': 6, 'fitness': 0.8856170968373117, 'generation': 603}","{'id': 33102, 'rank': 7, 'fitness': 0.7877725648214091, 'generation': 603}","{'id': 33102, 'rank': 8, 'fitness': 0.7877725648214091, 'generation': 603}","{'id': 33229, 'rank': 9, 'fitness': 0.7610650971131538, 'generation': 603}","{'id': 33229, 'rank': 10, 'fitness': 0.7610650971131538, 'generation': 603}","{'id': 33215, 'rank': 11, 'fitness': 0.7580608035308504, 'generation': 603}","{'id': 33215, 'rank': 12, 'fitness': 0.7580608035308504, 'generation': 603}","{'id': 33215, 'rank': 13, 'fitness': 0.7580608035308504, 'generation': 603}","{'id': 33180, 'rank': 14, 'fitness': 0.728061869813216, 'generation': 603}","{'id': 33079, 'rank': 15, 'fitness': 0.6977462660157474, 'generation': 603}","{'id': 33284, 'rank': 16, 'fitness': 0.6709365042037061, 'generation': 603}","{'id': 33286, 'rank': 17, 'fitness': 0.4251483969127044, 'generation': 603}","{'id': 33220, 'rank': 18, 'fitness': 0.4188187513722104, 'generation': 603}","{'id': 33266, 'rank': 19, 'fitness': 0.23769835381455695, 'generation': 603}","{'id': 33266, 'rank': 20, 'fitness': 0.23769835381455695, 'generation': 603}","{'id': 33191, 'rank': 21, 'fitness': 0.15877216889495943, 'generation': 603}","{'id': 33265, 'rank': 22, 'fitness': 0.13866477576548852, 'generation': 603}","{'id': 33265, 'rank': 23, 'fitness': 0.13866477576548852, 'generation': 603}","{'id': 33265, 'rank': 24, 'fitness': 0.13866477576548852, 'generation': 603}","{'id': 33230, 'rank': 25, 'fitness': 0.10292111527551073, 'generation': 603}","{'id': 33230, 'rank': 26, 'fitness': 0.10292111527551073, 'generation': 603}","{'id': 33261, 'rank': 27, 'fitness': 0.0687016589321433, 'generation': 603}","{'id': 33254, 'rank': 28, 'fitness': 0.05987852455263143, 'generation': 603}","{'id': 33281, 'rank': 29, 'fitness': 0.039481405296756644, 'generation': 603}","{'id': 33255, 'rank': 30, 'fitness': 0.01798620996209155, 'generation': 603}"
"{'id': 33192, 'rank': 1, 'fitness': 0.9820137900379085, 'generation': 604}","{'id': 33192, 'rank': 2, 'fitness': 0.9820137900379085, 'generation': 604}","{'id': 33259, 'rank': 3, 'fitness': 0.9601400925695418, 'generation': 604}","{'id': 33342, 'rank': 4, 'fitness': 0.9492505351061689, 'generation': 604}","{'id': 33217, 'rank': 5, 'fitness': 0.9368517319362277, 'generation': 604}","{'id': 33217, 'rank': 6, 'fitness': 0.9368517319362277, 'generation': 604}","{'id': 33217, 'rank': 7, 'fitness': 0.9368517319362277, 'generation': 604}","{'id': 33102, 'rank': 8, 'fitness': 0.8492582269542416, 'generation': 604}","{'id': 33215, 'rank': 9, 'fitness': 0.8184075959869779, 'generation': 604}","{'id': 33215, 'rank': 10, 'fitness': 0.8184075959869779, 'generation': 604}","{'id': 33079, 'rank': 11, 'fitness': 0.7508710886769115, 'generation': 604}","{'id': 33284, 'rank': 12, 'fitness': 0.7190464676462548, 'generation': 604}","{'id': 33305, 'rank': 13, 'fitness': 0.41206868517852935, 'generation': 604}","{'id': 33286, 'rank': 14, 'fitness': 0.4023115182259474, 'generation': 604}","{'id': 33310, 'rank': 15, 'fitness': 0.4010491455401267, 'generation': 604}","{'id': 33315, 'rank': 16, 'fitness': 0.3407356303944748, 'generation': 604}","{'id': 33326, 'rank': 17, 'fitness': 0.3244220011521936, 'generation': 604}","{'id': 33304, 'rank': 18, 'fitness': 0.28653635770275276, 'generation': 604}","{'id': 33302, 'rank': 19, 'fitness': 0.22619689210348687, 'generation': 604}","{'id': 33339, 'rank': 20, 'fitness': 0.21702028224089698, 'generation': 604}","{'id': 33334, 'rank': 21, 'fitness': 0.1580103130347968, 'generation': 604}","{'id': 33301, 'rank': 22, 'fitness': 0.11800352721504398, 'generation': 604}","{'id': 33341, 'rank': 23, 'fitness': 0.11537362720598199, 'generation': 604}","{'id': 33337, 'rank': 24, 'fitness': 0.09766038205324312, 'generation': 604}","{'id': 33337, 'rank': 25, 'fitness': 0.09766038205324312, 'generation': 604}","{'id': 33307, 'rank': 26, 'fitness': 0.09500738349363258, 'generation': 604}","{'id': 33332, 'rank': 27, 'fitness': 0.06271672204647538, 'generation': 604}","{'id': 33328, 'rank': 28, 'fitness': 0.03075339101463731, 'generation': 604}","{'id': 33313, 'rank': 29, 'fitness': 0.027751753895055797, 'generation': 604}","{'id': 33290, 'rank': 30, 'fitness': 0.01798620996209155, 'generation': 604}"
"{'id': 33259, 'rank': 1, 'fitness': 0.9820137900379085, 'generation': 605}","{'id': 33217, 'rank': 2, 'fitness': 0.972729610620283, 'generation': 605}","{'id': 33217, 'rank': 3, 'fitness': 0.972729610620283, 'generation': 605}","{'id': 33217, 'rank': 4, 'fitness': 0.972729610620283, 'generation': 605}","{'id': 33357, 'rank': 5, 'fitness': 0.9702556246378012, 'generation': 605}","{'id': 33355, 'rank': 6, 'fitness': 0.943486048055245, 'generation': 605}","{'id': 33355, 'rank': 7, 'fitness': 0.943486048055245, 'generation': 605}","{'id': 33371, 'rank': 8, 'fitness': 0.9151375794597749, 'generation': 605}","{'id': 33397, 'rank': 9, 'fitness': 0.9020221580679453, 'generation': 605}","{'id': 33284, 'rank': 10, 'fitness': 0.8839958120806536, 'generation': 605}","{'id': 33363, 'rank': 11, 'fitness': 0.84745985211729, 'generation': 605}","{'id': 33403, 'rank': 12, 'fitness': 0.8156942667700724, 'generation': 605}","{'id': 33401, 'rank': 13, 'fitness': 0.7579247801501617, 'generation': 605}","{'id': 33401, 'rank': 14, 'fitness': 0.7579247801501617, 'generation': 605}","{'id': 33305, 'rank': 15, 'fitness': 0.7095626140504405, 'generation': 605}","{'id': 33286, 'rank': 16, 'fitness': 0.7021916877900938, 'generation': 605}","{'id': 33326, 'rank': 17, 'fitness': 0.6367218292541262, 'generation': 605}","{'id': 33386, 'rank': 18, 'fitness': 0.6365783372526324, 'generation': 605}","{'id': 33386, 'rank': 19, 'fitness': 0.6365783372526324, 'generation': 605}","{'id': 33304, 'rank': 20, 'fitness': 0.599689230872237, 'generation': 605}","{'id': 33380, 'rank': 21, 'fitness': 0.42076713836432456, 'generation': 605}","{'id': 33341, 'rank': 22, 'fitness': 0.35808177139984876, 'generation': 605}","{'id': 33337, 'rank': 23, 'fitness': 0.3213637855411212, 'generation': 605}","{'id': 33307, 'rank': 24, 'fitness': 0.3155539325142063, 'generation': 605}","{'id': 33332, 'rank': 25, 'fitness': 0.23687961337147395, 'generation': 605}","{'id': 33404, 'rank': 26, 'fitness': 0.09372831841176577, 'generation': 605}","{'id': 33358, 'rank': 27, 'fitness': 0.07537350326046927, 'generation': 605}","{'id': 33396, 'rank': 28, 'fitness': 0.03704720721547938, 'generation': 605}","{'id': 33370, 'rank': 29, 'fitness': 0.03584356954726997, 'generation': 605}","{'id': 33375, 'rank': 30, 'fitness': 0.01798620996209155, 'generation': 605}"
"{'id': 33416, 'rank': 1, 'fitness': 0.9820137900379085, 'generation': 606}","{'id': 33259, 'rank': 2, 'fitness': 0.9812226395582568, 'generation': 606}","{'id': 33259, 'rank': 3, 'fitness': 0.9812226395582568, 'generation': 606}","{'id': 33217, 'rank': 4, 'fitness': 0.9714347252106216, 'generation': 606}","{'id': 33357, 'rank': 5, 'fitness': 0.9688224937569744, 'generation': 606}","{'id': 33355, 'rank': 6, 'fitness': 0.9405019306984044, 'generation': 606}","{'id': 33371, 'rank': 7, 'fitness': 0.910474773069043, 'generation': 606}","{'id': 33403, 'rank': 8, 'fitness': 0.8054559855414418, 'generation': 606}","{'id': 33403, 'rank': 9, 'fitness': 0.8054559855414418, 'generation': 606}","{'id': 33305, 'rank': 10, 'fitness': 0.6944837204866791, 'generation': 606}","{'id': 33286, 'rank': 11, 'fitness': 0.686829553790163, 'generation': 606}","{'id': 33386, 'rank': 12, 'fitness': 0.619027853705619, 'generation': 606}","{'id': 33304, 'rank': 13, 'fitness': 0.581182398433314, 'generation': 606}","{'id': 33413, 'rank': 14, 'fitness': 0.5086017828339865, 'generation': 606}","{'id': 33453, 'rank': 15, 'fitness': 0.3247227642382631, 'generation': 606}","{'id': 33307, 'rank': 16, 'fitness': 0.2970188467823424, 'generation': 606}","{'id': 33307, 'rank': 17, 'fitness': 0.2970188467823424, 'generation': 606}","{'id': 33449, 'rank': 18, 'fitness': 0.22532293943460446, 'generation': 606}","{'id': 33415, 'rank': 19, 'fitness': 0.20356264437513977, 'generation': 606}","{'id': 33427, 'rank': 20, 'fitness': 0.1897663667516558, 'generation': 606}","{'id': 33463, 'rank': 21, 'fitness': 0.1676159308369185, 'generation': 606}","{'id': 33462, 'rank': 22, 'fitness': 0.1635921501876637, 'generation': 606}","{'id': 33428, 'rank': 23, 'fitness': 0.13533523882631593, 'generation': 606}","{'id': 33430, 'rank': 24, 'fitness': 0.12473694738017033, 'generation': 606}","{'id': 33426, 'rank': 25, 'fitness': 0.07641863016789674, 'generation': 606}","{'id': 33358, 'rank': 26, 'fitness': 0.06850146930756823, 'generation': 606}","{'id': 33460, 'rank': 27, 'fitness': 0.04332726239155699, 'generation': 606}","{'id': 33407, 'rank': 28, 'fitness': 0.03653913255146707, 'generation': 606}","{'id': 33436, 'rank': 29, 'fitness': 0.022621901235413744, 'generation': 606}","{'id': 33454, 'rank': 30, 'fitness': 0.01798620996209155, 'generation': 606}"
"{'id': 33259, 'rank': 1, 'fitness': 0.9820137900379085, 'generation': 607}","{'id': 33259, 'rank': 2, 'fitness': 0.9820137900379085, 'generation': 607}","{'id': 33504, 'rank': 3, 'fitness': 0.9589584874925527, 'generation': 607}","{'id': 33371, 'rank': 4, 'fitness': 0.9105312426654186, 'generation': 607}","{'id': 33482, 'rank': 5, 'fitness': 0.8817532396626652, 'generation': 607}","{'id': 33494, 'rank': 6, 'fitness': 0.8104504674177639, 'generation': 607}","{'id': 33403, 'rank': 7, 'fitness': 0.8018257570783556, 'generation': 607}","{'id': 33403, 'rank': 8, 'fitness': 0.8018257570783556, 'generation': 607}","{'id': 33512, 'rank': 9, 'fitness': 0.6867456453740535, 'generation': 607}","{'id': 33304, 'rank': 10, 'fitness': 0.5685158139466948, 'generation': 607}","{'id': 33304, 'rank': 11, 'fitness': 0.5685158139466948, 'generation': 607}","{'id': 33304, 'rank': 12, 'fitness': 0.5685158139466948, 'generation': 607}","{'id': 33507, 'rank': 13, 'fitness': 0.34207030154224816, 'generation': 607}","{'id': 33507, 'rank': 14, 'fitness': 0.34207030154224816, 'generation': 607}","{'id': 33497, 'rank': 15, 'fitness': 0.33700643913601325, 'generation': 607}","{'id': 33515, 'rank': 16, 'fitness': 0.31827714040783434, 'generation': 607}","{'id': 33307, 'rank': 17, 'fitness': 0.2799472264254431, 'generation': 607}","{'id': 33479, 'rank': 18, 'fitness': 0.2344904676283115, 'generation': 607}","{'id': 33498, 'rank': 19, 'fitness': 0.22343938339220404, 'generation': 607}","{'id': 33498, 'rank': 20, 'fitness': 0.22343938339220404, 'generation': 607}","{'id': 33449, 'rank': 21, 'fitness': 0.20949926005039965, 'generation': 607}","{'id': 33415, 'rank': 22, 'fitness': 0.1883728023171532, 'generation': 607}","{'id': 33415, 'rank': 23, 'fitness': 0.1883728023171532, 'generation': 607}","{'id': 33463, 'rank': 24, 'fitness': 0.15376782946787682, 'generation': 607}","{'id': 33462, 'rank': 25, 'fitness': 0.1499186797346344, 'generation': 607}","{'id': 33428, 'rank': 26, 'fitness': 0.12303885890790522, 'generation': 607}","{'id': 33488, 'rank': 27, 'fitness': 0.11123828312375356, 'generation': 607}","{'id': 33474, 'rank': 28, 'fitness': 0.032375705046265635, 'generation': 607}","{'id': 33474, 'rank': 29, 'fitness': 0.032375705046265635, 'generation': 607}","{'id': 33500, 'rank': 30, 'fitness': 0.01798620996209155, 'generation': 607}"
"{'id': 33552, 'rank': 1, 'fitness': 0.9820137900379085, 'generation': 608}","{'id': 33552, 'rank': 2, 'fitness': 0.9820137900379085, 'generation': 608}","{'id': 33525, 'rank': 3, 'fitness': 0.8573280199815131, 'generation': 608}","{'id': 33549, 'rank': 4, 'fitness': 0.8499010991568561, 'generation': 608}","{'id': 33482, 'rank': 5, 'fitness': 0.8479101940346507, 'generation': 608}","{'id': 33532, 'rank': 6, 'fitness': 0.8469019865963356, 'generation': 608}","{'id': 33532, 'rank': 7, 'fitness': 0.8469019865963356, 'generation': 608}","{'id': 33557, 'rank': 8, 'fitness': 0.8059402044664155, 'generation': 608}","{'id': 33403, 'rank': 9, 'fitness': 0.7266026252024815, 'generation': 608}","{'id': 33551, 'rank': 10, 'fitness': 0.5793122641340014, 'generation': 608}","{'id': 33304, 'rank': 11, 'fitness': 0.4056317728382448, 'generation': 608}","{'id': 33559, 'rank': 12, 'fitness': 0.3990730792153, 'generation': 608}","{'id': 33559, 'rank': 13, 'fitness': 0.3990730792153, 'generation': 608}","{'id': 33553, 'rank': 14, 'fitness': 0.3108778207617677, 'generation': 608}","{'id': 33553, 'rank': 15, 'fitness': 0.3108778207617677, 'generation': 608}","{'id': 33522, 'rank': 16, 'fitness': 0.22459711917985742, 'generation': 608}","{'id': 33497, 'rank': 17, 'fitness': 0.17709005245856257, 'generation': 608}","{'id': 33497, 'rank': 18, 'fitness': 0.17709005245856257, 'generation': 608}","{'id': 33544, 'rank': 19, 'fitness': 0.16113519379515556, 'generation': 608}","{'id': 33544, 'rank': 20, 'fitness': 0.16113519379515556, 'generation': 608}","{'id': 33544, 'rank': 21, 'fitness': 0.16113519379515556, 'generation': 608}","{'id': 33529, 'rank': 22, 'fitness': 0.1504575983848354, 'generation': 608}","{'id': 33543, 'rank': 23, 'fitness': 0.1456369896166585, 'generation': 608}","{'id': 33528, 'rank': 24, 'fitness': 0.1222690999683338, 'generation': 608}","{'id': 33479, 'rank': 25, 'fitness': 0.10434148669811122, 'generation': 608}","{'id': 33498, 'rank': 26, 'fitness': 0.09746144699992149, 'generation': 608}","{'id': 33463, 'rank': 27, 'fitness': 0.05826685425985978, 'generation': 608}","{'id': 33488, 'rank': 28, 'fitness': 0.03789039692069901, 'generation': 608}","{'id': 33488, 'rank': 29, 'fitness': 0.03789039692069901, 'generation': 608}","{'id': 33536, 'rank': 30, 'fitness': 0.01798620996209155, 'generation': 608}"
"{'id': 33576, 'rank': 1, 'fitness': 0.9820137900379085, 'generation': 609}","{'id': 33552, 'rank': 2, 'fitness': 0.9620151499951806, 'generation': 609}","{'id': 33615, 'rank': 3, 'fitness': 0.8969094152707475, 'generation': 609}","{'id': 33600, 'rank': 4, 'fitness': 0.8553592699182883, 'generation': 609}","{'id': 33525, 'rank': 5, 'fitness': 0.7867089971471501, 'generation': 609}","{'id': 33549, 'rank': 6, 'fitness': 0.777870464368069, 'generation': 609}","{'id': 33482, 'rank': 7, 'fitness': 0.7755200417525552, 'generation': 609}","{'id': 33532, 'rank': 8, 'fitness': 0.7743327458930944, 'generation': 609}","{'id': 33532, 'rank': 9, 'fitness': 0.7743327458930944, 'generation': 609}","{'id': 33532, 'rank': 10, 'fitness': 0.7743327458930944, 'generation': 609}","{'id': 33532, 'rank': 11, 'fitness': 0.7743327458930944, 'generation': 609}","{'id': 33616, 'rank': 12, 'fitness': 0.7424884725847772, 'generation': 609}","{'id': 33616, 'rank': 13, 'fitness': 0.7424884725847772, 'generation': 609}","{'id': 33557, 'rank': 14, 'fitness': 0.727635900529028, 'generation': 609}","{'id': 33557, 'rank': 15, 'fitness': 0.727635900529028, 'generation': 609}","{'id': 33573, 'rank': 16, 'fitness': 0.6003682432405542, 'generation': 609}","{'id': 33573, 'rank': 17, 'fitness': 0.6003682432405542, 'generation': 609}","{'id': 33551, 'rank': 18, 'fitness': 0.5047195010594208, 'generation': 609}","{'id': 33580, 'rank': 19, 'fitness': 0.3040019604394809, 'generation': 609}","{'id': 33553, 'rank': 20, 'fitness': 0.2777904982386685, 'generation': 609}","{'id': 33578, 'rank': 21, 'fitness': 0.2625903927432869, 'generation': 609}","{'id': 33594, 'rank': 22, 'fitness': 0.19960873828518194, 'generation': 609}","{'id': 33595, 'rank': 23, 'fitness': 0.19437734197841638, 'generation': 609}","{'id': 33544, 'rank': 24, 'fitness': 0.1543517314025329, 'generation': 609}","{'id': 33543, 'rank': 25, 'fitness': 0.14122606012632138, 'generation': 609}","{'id': 33599, 'rank': 26, 'fitness': 0.12235406722556669, 'generation': 609}","{'id': 33498, 'rank': 27, 'fitness': 0.09941721731361652, 'generation': 609}","{'id': 33488, 'rank': 28, 'fitness': 0.043756677941645505, 'generation': 609}","{'id': 33588, 'rank': 29, 'fitness': 0.027936098740325876, 'generation': 609}","{'id': 33591, 'rank': 30, 'fitness': 0.01798620996209155, 'generation': 609}"
"{'id': 33642, 'rank': 1, 'fitness': 0.9820137900379085, 'generation': 610}","{'id': 33642, 'rank': 2, 'fitness': 0.9820137900379085, 'generation': 610}","{'id': 33641, 'rank': 3, 'fitness': 0.9432589032188163, 'generation': 610}","{'id': 33600, 'rank': 4, 'fitness': 0.8754932367271999, 'generation': 610}","{'id': 33549, 'rank': 5, 'fitness': 0.7981584722528913, 'generation': 610}","{'id': 33482, 'rank': 6, 'fitness': 0.7957494465891686, 'generation': 610}","{'id': 33532, 'rank': 7, 'fitness': 0.7945313236660194, 'generation': 610}","{'id': 33532, 'rank': 8, 'fitness': 0.7945313236660194, 'generation': 610}","{'id': 33557, 'rank': 9, 'fitness': 0.7460236890274904, 'generation': 610}","{'id': 33557, 'rank': 10, 'fitness': 0.7460236890274904, 'generation': 610}","{'id': 33654, 'rank': 11, 'fitness': 0.7446648137467293, 'generation': 610}","{'id': 33573, 'rank': 12, 'fitness': 0.6094800959218808, 'generation': 610}","{'id': 33573, 'rank': 13, 'fitness': 0.6094800959218808, 'generation': 610}","{'id': 33573, 'rank': 14, 'fitness': 0.6094800959218808, 'generation': 610}","{'id': 33551, 'rank': 15, 'fitness': 0.5046897162711407, 'generation': 610}","{'id': 33551, 'rank': 16, 'fitness': 0.5046897162711407, 'generation': 610}","{'id': 33626, 'rank': 17, 'fitness': 0.4532115261494708, 'generation': 610}","{'id': 33636, 'rank': 18, 'fitness': 0.3307108625980136, 'generation': 610}","{'id': 33580, 'rank': 19, 'fitness': 0.28660771370461946, 'generation': 610}","{'id': 33578, 'rank': 20, 'fitness': 0.24300427873272412, 'generation': 610}","{'id': 33594, 'rank': 21, 'fitness': 0.17834913592861695, 'generation': 610}","{'id': 33639, 'rank': 22, 'fitness': 0.17154087699695558, 'generation': 610}","{'id': 33652, 'rank': 23, 'fitness': 0.11900385403235125, 'generation': 610}","{'id': 33599, 'rank': 24, 'fitness': 0.10280249866929725, 'generation': 610}","{'id': 33650, 'rank': 25, 'fitness': 0.04253373815668282, 'generation': 610}","{'id': 33488, 'rank': 26, 'fitness': 0.032600242267604385, 'generation': 610}","{'id': 33664, 'rank': 27, 'fitness': 0.01990814340539171, 'generation': 610}","{'id': 33588, 'rank': 28, 'fitness': 0.019815785590257318, 'generation': 610}","{'id': 33631, 'rank': 29, 'fitness': 0.018218341782527514, 'generation': 610}","{'id': 33632, 'rank': 30, 'fitness': 0.01798620996209155, 'generation': 610}"
"{'id': 33642, 'rank': 1, 'fitness': 0.9820137900379085, 'generation': 611}","{'id': 33642, 'rank': 2, 'fitness': 0.9820137900379085, 'generation': 611}","{'id': 33600, 'rank': 3, 'fitness': 0.921146379054859, 'generation': 611}","{'id': 33600, 'rank': 4, 'fitness': 0.921146379054859, 'generation': 611}","{'id': 33600, 'rank': 5, 'fitness': 0.921146379054859, 'generation': 611}","{'id': 33549, 'rank': 6, 'fitness': 0.8833946433161932, 'generation': 611}","{'id': 33532, 'rank': 7, 'fitness': 0.8816501645161925, 'generation': 611}","{'id': 33532, 'rank': 8, 'fitness': 0.8816501645161925, 'generation': 611}","{'id': 33654, 'rank': 9, 'fitness': 0.8576508359702625, 'generation': 611}","{'id': 33689, 'rank': 10, 'fitness': 0.8183629502379436, 'generation': 611}","{'id': 33573, 'rank': 11, 'fitness': 0.7901001444786944, 'generation': 611}","{'id': 33706, 'rank': 12, 'fitness': 0.7565836922252922, 'generation': 611}","{'id': 33706, 'rank': 13, 'fitness': 0.7565836922252922, 'generation': 611}","{'id': 33669, 'rank': 14, 'fitness': 0.6240050441940679, 'generation': 611}","{'id': 33636, 'rank': 15, 'fitness': 0.6130768761556716, 'generation': 611}","{'id': 33719, 'rank': 16, 'fitness': 0.4265398073768324, 'generation': 611}","{'id': 33719, 'rank': 17, 'fitness': 0.4265398073768324, 'generation': 611}","{'id': 33715, 'rank': 18, 'fitness': 0.4152486027024861, 'generation': 611}","{'id': 33652, 'rank': 19, 'fitness': 0.3739135111212344, 'generation': 611}","{'id': 33599, 'rank': 20, 'fitness': 0.3454102771605506, 'generation': 611}","{'id': 33697, 'rank': 21, 'fitness': 0.34532014594278987, 'generation': 611}","{'id': 33705, 'rank': 22, 'fitness': 0.2459935741431108, 'generation': 611}","{'id': 33709, 'rank': 23, 'fitness': 0.23543551010473535, 'generation': 611}","{'id': 33709, 'rank': 24, 'fitness': 0.23543551010473535, 'generation': 611}","{'id': 33710, 'rank': 25, 'fitness': 0.2251461025088941, 'generation': 611}","{'id': 33707, 'rank': 26, 'fitness': 0.20541319752837417, 'generation': 611}","{'id': 33686, 'rank': 27, 'fitness': 0.13839814259860528, 'generation': 611}","{'id': 33678, 'rank': 28, 'fitness': 0.12970728177118207, 'generation': 611}","{'id': 33678, 'rank': 29, 'fitness': 0.12970728177118207, 'generation': 611}","{'id': 33670, 'rank': 30, 'fitness': 0.01798620996209155, 'generation': 611}"
"{'id': 33642, 'rank': 1, 'fitness': 0.9820137900379085, 'generation': 612}","{'id': 33753, 'rank': 2, 'fitness': 0.9391093003237617, 'generation': 612}","{'id': 33600, 'rank': 3, 'fitness': 0.9102885221819458, 'generation': 612}","{'id': 33532, 'rank': 4, 'fitness': 0.8613072725942693, 'generation': 612}","{'id': 33773, 'rank': 5, 'fitness': 0.8207807445284834, 'generation': 612}","{'id': 33774, 'rank': 6, 'fitness': 0.70238183924925, 'generation': 612}","{'id': 33727, 'rank': 7, 'fitness': 0.617275419220388, 'generation': 612}","{'id': 33727, 'rank': 8, 'fitness': 0.617275419220388, 'generation': 612}","{'id': 33669, 'rank': 9, 'fitness': 0.5467260480583526, 'generation': 612}","{'id': 33669, 'rank': 10, 'fitness': 0.5467260480583526, 'generation': 612}","{'id': 33728, 'rank': 11, 'fitness': 0.4493707583855433, 'generation': 612}","{'id': 33781, 'rank': 12, 'fitness': 0.4373255958681388, 'generation': 612}","{'id': 33752, 'rank': 13, 'fitness': 0.40783496947005426, 'generation': 612}","{'id': 33786, 'rank': 14, 'fitness': 0.40674344111770055, 'generation': 612}","{'id': 33754, 'rank': 15, 'fitness': 0.38034178557302895, 'generation': 612}","{'id': 33741, 'rank': 16, 'fitness': 0.32171138519350695, 'generation': 612}","{'id': 33758, 'rank': 17, 'fitness': 0.30955503492282654, 'generation': 612}","{'id': 33652, 'rank': 18, 'fitness': 0.28333839349099077, 'generation': 612}","{'id': 33599, 'rank': 19, 'fitness': 0.25672052609235263, 'generation': 612}","{'id': 33780, 'rank': 20, 'fitness': 0.2387228201946986, 'generation': 612}","{'id': 33759, 'rank': 21, 'fitness': 0.1965505131329332, 'generation': 612}","{'id': 33759, 'rank': 22, 'fitness': 0.1965505131329332, 'generation': 612}","{'id': 33747, 'rank': 23, 'fitness': 0.18334313203930963, 'generation': 612}","{'id': 33747, 'rank': 24, 'fitness': 0.18334313203930963, 'generation': 612}","{'id': 33705, 'rank': 25, 'fitness': 0.1696897334430369, 'generation': 612}","{'id': 33737, 'rank': 26, 'fitness': 0.11226635412317976, 'generation': 612}","{'id': 33749, 'rank': 27, 'fitness': 0.09711839902844588, 'generation': 612}","{'id': 33749, 'rank': 28, 'fitness': 0.09711839902844588, 'generation': 612}","{'id': 33787, 'rank': 29, 'fitness': 0.05675481524046161, 'generation': 612}","{'id': 33732, 'rank': 30, 'fitness': 0.01798620996209155, 'generation': 612}"
"{'id': 33642, 'rank': 1, 'fitness': 0.9820137900379085, 'generation': 613}","{'id': 33642, 'rank': 2, 'fitness': 0.9820137900379085, 'generation': 613}","{'id': 33821, 'rank': 3, 'fitness': 0.9034810764074703, 'generation': 613}","{'id': 33821, 'rank': 4, 'fitness': 0.9034810764074703, 'generation': 613}","{'id': 33835, 'rank': 5, 'fitness': 0.9030209476496727, 'generation': 613}","{'id': 33835, 'rank': 6, 'fitness': 0.9030209476496727, 'generation': 613}","{'id': 33835, 'rank': 7, 'fitness': 0.9030209476496727, 'generation': 613}","{'id': 33532, 'rank': 8, 'fitness': 0.8468601546882442, 'generation': 613}","{'id': 33812, 'rank': 9, 'fitness': 0.842315118751721, 'generation': 613}","{'id': 33822, 'rank': 10, 'fitness': 0.8219351549655357, 'generation': 613}","{'id': 33796, 'rank': 11, 'fitness': 0.8091409176575795, 'generation': 613}","{'id': 33773, 'rank': 12, 'fitness': 0.8004944485464328, 'generation': 613}","{'id': 33773, 'rank': 13, 'fitness': 0.8004944485464328, 'generation': 613}","{'id': 33774, 'rank': 14, 'fitness': 0.6661953658647466, 'generation': 613}","{'id': 33797, 'rank': 15, 'fitness': 0.5772411019648213, 'generation': 613}","{'id': 33837, 'rank': 16, 'fitness': 0.5751131117416559, 'generation': 613}","{'id': 33837, 'rank': 17, 'fitness': 0.5751131117416559, 'generation': 613}","{'id': 33799, 'rank': 18, 'fitness': 0.5423629726642352, 'generation': 613}","{'id': 33669, 'rank': 19, 'fitness': 0.49599825560480604, 'generation': 613}","{'id': 33669, 'rank': 20, 'fitness': 0.49599825560480604, 'generation': 613}","{'id': 33819, 'rank': 21, 'fitness': 0.47795923935554036, 'generation': 613}","{'id': 33728, 'rank': 22, 'fitness': 0.39471871480841236, 'generation': 613}","{'id': 33798, 'rank': 23, 'fitness': 0.3849050634583427, 'generation': 613}","{'id': 33828, 'rank': 24, 'fitness': 0.3415526886127507, 'generation': 613}","{'id': 33747, 'rank': 25, 'fitness': 0.14343576562137994, 'generation': 613}","{'id': 33824, 'rank': 26, 'fitness': 0.0941857672189379, 'generation': 613}","{'id': 33790, 'rank': 27, 'fitness': 0.09409040634885968, 'generation': 613}","{'id': 33830, 'rank': 28, 'fitness': 0.024051477568914792, 'generation': 613}","{'id': 33805, 'rank': 29, 'fitness': 0.01814904844222842, 'generation': 613}","{'id': 33817, 'rank': 30, 'fitness': 0.01798620996209155, 'generation': 613}"
"{'id': 33642, 'rank': 1, 'fitness': 0.9820137900379085, 'generation': 614}","{'id': 33821, 'rank': 2, 'fitness': 0.9034810764074703, 'generation': 614}","{'id': 33835, 'rank': 3, 'fitness': 0.9030209476496727, 'generation': 614}","{'id': 33835, 'rank': 4, 'fitness': 0.9030209476496727, 'generation': 614}","{'id': 33835, 'rank': 5, 'fitness': 0.9030209476496727, 'generation': 614}","{'id': 33856, 'rank': 6, 'fitness': 0.8344489248003519, 'generation': 614}","{'id': 33796, 'rank': 7, 'fitness': 0.8091409176575795, 'generation': 614}","{'id': 33846, 'rank': 8, 'fitness': 0.8024768474030752, 'generation': 614}","{'id': 33773, 'rank': 9, 'fitness': 0.8004944485464328, 'generation': 614}","{'id': 33773, 'rank': 10, 'fitness': 0.8004944485464328, 'generation': 614}","{'id': 33799, 'rank': 11, 'fitness': 0.5423629726642352, 'generation': 614}","{'id': 33669, 'rank': 12, 'fitness': 0.49599825560480604, 'generation': 614}","{'id': 33669, 'rank': 13, 'fitness': 0.49599825560480604, 'generation': 614}","{'id': 33819, 'rank': 14, 'fitness': 0.47795923935554036, 'generation': 614}","{'id': 33728, 'rank': 15, 'fitness': 0.39471871480841236, 'generation': 614}","{'id': 33896, 'rank': 16, 'fitness': 0.34002721775981437, 'generation': 614}","{'id': 33881, 'rank': 17, 'fitness': 0.2762199665718436, 'generation': 614}","{'id': 33869, 'rank': 18, 'fitness': 0.2700945286108192, 'generation': 614}","{'id': 33869, 'rank': 19, 'fitness': 0.2700945286108192, 'generation': 614}","{'id': 33880, 'rank': 20, 'fitness': 0.13507958779406942, 'generation': 614}","{'id': 33845, 'rank': 21, 'fitness': 0.08988933598553445, 'generation': 614}","{'id': 33845, 'rank': 22, 'fitness': 0.08988933598553445, 'generation': 614}","{'id': 33845, 'rank': 23, 'fitness': 0.08988933598553445, 'generation': 614}","{'id': 33857, 'rank': 24, 'fitness': 0.07683521432119272, 'generation': 614}","{'id': 33882, 'rank': 25, 'fitness': 0.07178743265235421, 'generation': 614}","{'id': 33882, 'rank': 26, 'fitness': 0.07178743265235421, 'generation': 614}","{'id': 33859, 'rank': 27, 'fitness': 0.06162351153330092, 'generation': 614}","{'id': 33864, 'rank': 28, 'fitness': 0.052938945939902504, 'generation': 614}","{'id': 33875, 'rank': 29, 'fitness': 0.019589627275608923, 'generation': 614}","{'id': 33817, 'rank': 30, 'fitness': 0.01798620996209155, 'generation': 614}"
"{'id': 33928, 'rank': 1, 'fitness': 0.9820137900379085, 'generation': 615}","{'id': 33928, 'rank': 2, 'fitness': 0.9820137900379085, 'generation': 615}","{'id': 33928, 'rank': 3, 'fitness': 0.9820137900379085, 'generation': 615}","{'id': 33916, 'rank': 4, 'fitness': 0.9604508117408705, 'generation': 615}","{'id': 33904, 'rank': 5, 'fitness': 0.9481653823720397, 'generation': 615}","{'id': 33821, 'rank': 6, 'fitness': 0.9181037132034338, 'generation': 615}","{'id': 33835, 'rank': 7, 'fitness': 0.9177042716797816, 'generation': 615}","{'id': 33835, 'rank': 8, 'fitness': 0.9177042716797816, 'generation': 615}","{'id': 33835, 'rank': 9, 'fitness': 0.9177042716797816, 'generation': 615}","{'id': 33856, 'rank': 10, 'fitness': 0.8573768183299679, 'generation': 615}","{'id': 33846, 'rank': 11, 'fitness': 0.8287192422783605, 'generation': 615}","{'id': 33846, 'rank': 12, 'fitness': 0.8287192422783605, 'generation': 615}","{'id': 33773, 'rank': 13, 'fitness': 0.8269314359182263, 'generation': 615}","{'id': 33908, 'rank': 14, 'fitness': 0.7648422354779418, 'generation': 615}","{'id': 33908, 'rank': 15, 'fitness': 0.7648422354779418, 'generation': 615}","{'id': 33905, 'rank': 16, 'fitness': 0.7197534687643464, 'generation': 615}","{'id': 33799, 'rank': 17, 'fitness': 0.5832934399651968, 'generation': 615}","{'id': 33669, 'rank': 18, 'fitness': 0.537229049713062, 'generation': 615}","{'id': 33669, 'rank': 19, 'fitness': 0.537229049713062, 'generation': 615}","{'id': 33669, 'rank': 20, 'fitness': 0.537229049713062, 'generation': 615}","{'id': 33819, 'rank': 21, 'fitness': 0.5191141855686321, 'generation': 615}","{'id': 33912, 'rank': 22, 'fitness': 0.4714003874118072, 'generation': 615}","{'id': 33896, 'rank': 23, 'fitness': 0.37699481492334025, 'generation': 615}","{'id': 33881, 'rank': 24, 'fitness': 0.30907276051743143, 'generation': 615}","{'id': 33869, 'rank': 25, 'fitness': 0.30247953680990824, 'generation': 615}","{'id': 33933, 'rank': 26, 'fitness': 0.22273799801956484, 'generation': 615}","{'id': 33882, 'rank': 27, 'fitness': 0.08230381791503749, 'generation': 615}","{'id': 33859, 'rank': 28, 'fitness': 0.07069220431217749, 'generation': 615}","{'id': 33938, 'rank': 29, 'fitness': 0.052393576911343054, 'generation': 615}","{'id': 33930, 'rank': 30, 'fitness': 0.01798620996209155, 'generation': 615}"
"{'id': 33928, 'rank': 1, 'fitness': 0.9820137900379085, 'generation': 616}","{'id': 33928, 'rank': 2, 'fitness': 0.9820137900379085, 'generation': 616}","{'id': 33928, 'rank': 3, 'fitness': 0.9820137900379085, 'generation': 616}","{'id': 33928, 'rank': 4, 'fitness': 0.9820137900379085, 'generation': 616}","{'id': 33928, 'rank': 5, 'fitness': 0.9820137900379085, 'generation': 616}","{'id': 33916, 'rank': 6, 'fitness': 0.9596232054262079, 'generation': 616}","{'id': 33998, 'rank': 7, 'fitness': 0.9587502141363973, 'generation': 616}","{'id': 33904, 'rank': 8, 'fitness': 0.9467154778528148, 'generation': 616}","{'id': 34013, 'rank': 9, 'fitness': 0.9291429977380681, 'generation': 616}","{'id': 33835, 'rank': 10, 'fitness': 0.9144529580769132, 'generation': 616}","{'id': 33846, 'rank': 11, 'fitness': 0.8193644521040507, 'generation': 616}","{'id': 33846, 'rank': 12, 'fitness': 0.8193644521040507, 'generation': 616}","{'id': 33846, 'rank': 13, 'fitness': 0.8193644521040507, 'generation': 616}","{'id': 33846, 'rank': 14, 'fitness': 0.8193644521040507, 'generation': 616}","{'id': 33773, 'rank': 15, 'fitness': 0.8174506687434816, 'generation': 616}","{'id': 33908, 'rank': 16, 'fitness': 0.751066350897257, 'generation': 616}","{'id': 33997, 'rank': 17, 'fitness': 0.7456341842274108, 'generation': 616}","{'id': 33799, 'rank': 18, 'fitness': 0.5594063057334506, 'generation': 616}","{'id': 34014, 'rank': 19, 'fitness': 0.536554869142242, 'generation': 616}","{'id': 34006, 'rank': 20, 'fitness': 0.18424925675794523, 'generation': 616}","{'id': 34006, 'rank': 21, 'fitness': 0.18424925675794523, 'generation': 616}","{'id': 33960, 'rank': 22, 'fitness': 0.14054318705135993, 'generation': 616}","{'id': 34015, 'rank': 23, 'fitness': 0.12063519634544106, 'generation': 616}","{'id': 33970, 'rank': 24, 'fitness': 0.0524387930430113, 'generation': 616}","{'id': 33961, 'rank': 25, 'fitness': 0.046335258590785744, 'generation': 616}","{'id': 33965, 'rank': 26, 'fitness': 0.04548247922741949, 'generation': 616}","{'id': 34007, 'rank': 27, 'fitness': 0.04502317651075921, 'generation': 616}","{'id': 33977, 'rank': 28, 'fitness': 0.0384737348099497, 'generation': 616}","{'id': 33952, 'rank': 29, 'fitness': 0.02596020598731641, 'generation': 616}","{'id': 33993, 'rank': 30, 'fitness': 0.01798620996209155, 'generation': 616}"
"{'id': 33928, 'rank': 1, 'fitness': 0.9820137900379085, 'generation': 617}","{'id': 33928, 'rank': 2, 'fitness': 0.9820137900379085, 'generation': 617}","{'id': 33928, 'rank': 3, 'fitness': 0.9820137900379085, 'generation': 617}","{'id': 33916, 'rank': 4, 'fitness': 0.9596072888535683, 'generation': 617}","{'id': 33998, 'rank': 5, 'fitness': 0.9587335325411245, 'generation': 617}","{'id': 34062, 'rank': 6, 'fitness': 0.8775593980694107, 'generation': 617}","{'id': 34021, 'rank': 7, 'fitness': 0.8635002088430044, 'generation': 617}","{'id': 34021, 'rank': 8, 'fitness': 0.8635002088430044, 'generation': 617}","{'id': 33846, 'rank': 9, 'fitness': 0.8191825433873947, 'generation': 617}","{'id': 33846, 'rank': 10, 'fitness': 0.8191825433873947, 'generation': 617}","{'id': 33846, 'rank': 11, 'fitness': 0.8191825433873947, 'generation': 617}","{'id': 33773, 'rank': 12, 'fitness': 0.8172663129046227, 'generation': 617}","{'id': 34054, 'rank': 13, 'fitness': 0.8146383924498533, 'generation': 617}","{'id': 33908, 'rank': 14, 'fitness': 0.7507989080943727, 'generation': 617}","{'id': 34064, 'rank': 15, 'fitness': 0.6490289731553961, 'generation': 617}","{'id': 34014, 'rank': 16, 'fitness': 0.5360816516624369, 'generation': 617}","{'id': 34014, 'rank': 17, 'fitness': 0.5360816516624369, 'generation': 617}","{'id': 34049, 'rank': 18, 'fitness': 0.3095864151906542, 'generation': 617}","{'id': 34070, 'rank': 19, 'fitness': 0.1560815996467304, 'generation': 617}","{'id': 34026, 'rank': 20, 'fitness': 0.14790280851395476, 'generation': 617}","{'id': 34015, 'rank': 21, 'fitness': 0.12032195105211702, 'generation': 617}","{'id': 34041, 'rank': 22, 'fitness': 0.07715267838352763, 'generation': 617}","{'id': 34028, 'rank': 23, 'fitness': 0.06834053479941327, 'generation': 617}","{'id': 34046, 'rank': 24, 'fitness': 0.055769659007115224, 'generation': 617}","{'id': 34043, 'rank': 25, 'fitness': 0.03933364466631345, 'generation': 617}","{'id': 34043, 'rank': 26, 'fitness': 0.03933364466631345, 'generation': 617}","{'id': 34067, 'rank': 27, 'fitness': 0.03811535822893486, 'generation': 617}","{'id': 33952, 'rank': 28, 'fitness': 0.025865166520458616, 'generation': 617}","{'id': 34065, 'rank': 29, 'fitness': 0.01949362619311612, 'generation': 617}","{'id': 34027, 'rank': 30, 'fitness': 0.01798620996209155, 'generation': 617}"
"{'id': 34100, 'rank': 1, 'fitness': 0.9820137900379085, 'generation': 618}","{'id': 33916, 'rank': 2, 'fitness': 0.9489007474634846, 'generation': 618}","{'id': 33916, 'rank': 3, 'fitness': 0.9489007474634846, 'generation': 618}","{'id': 34120, 'rank': 4, 'fitness': 0.890071241991812, 'generation': 618}","{'id': 34062, 'rank': 5, 'fitness': 0.8665981420905104, 'generation': 618}","{'id': 34021, 'rank': 6, 'fitness': 0.8534329499704807, 'generation': 618}","{'id': 33846, 'rank': 7, 'fitness': 0.8129315195607114, 'generation': 618}","{'id': 33846, 'rank': 8, 'fitness': 0.8129315195607114, 'generation': 618}","{'id': 34054, 'rank': 9, 'fitness': 0.8088480060917067, 'generation': 618}","{'id': 33908, 'rank': 10, 'fitness': 0.7524316061410817, 'generation': 618}","{'id': 34110, 'rank': 11, 'fitness': 0.7516037096261888, 'generation': 618}","{'id': 34064, 'rank': 12, 'fitness': 0.6645894044005931, 'generation': 618}","{'id': 34064, 'rank': 13, 'fitness': 0.6645894044005931, 'generation': 618}","{'id': 34105, 'rank': 14, 'fitness': 0.6591103177464381, 'generation': 618}","{'id': 34128, 'rank': 15, 'fitness': 0.6023738945204344, 'generation': 618}","{'id': 34121, 'rank': 16, 'fitness': 0.5502963656071705, 'generation': 618}","{'id': 34112, 'rank': 17, 'fitness': 0.5309277704982536, 'generation': 618}","{'id': 34124, 'rank': 18, 'fitness': 0.49184385850248175, 'generation': 618}","{'id': 34122, 'rank': 19, 'fitness': 0.46566328605687674, 'generation': 618}","{'id': 34116, 'rank': 20, 'fitness': 0.45242465555029837, 'generation': 618}","{'id': 34108, 'rank': 21, 'fitness': 0.3003821791895213, 'generation': 618}","{'id': 34108, 'rank': 22, 'fitness': 0.3003821791895213, 'generation': 618}","{'id': 34026, 'rank': 23, 'fitness': 0.19943225551109472, 'generation': 618}","{'id': 34093, 'rank': 24, 'fitness': 0.18740584536234406, 'generation': 618}","{'id': 34125, 'rank': 25, 'fitness': 0.1583525003063152, 'generation': 618}","{'id': 34041, 'rank': 26, 'fitness': 0.11607483685533387, 'generation': 618}","{'id': 34028, 'rank': 27, 'fitness': 0.10482113147322047, 'generation': 618}","{'id': 34111, 'rank': 28, 'fitness': 0.10325305174689609, 'generation': 618}","{'id': 34087, 'rank': 29, 'fitness': 0.04698312274415056, 'generation': 618}","{'id': 34089, 'rank': 30, 'fitness': 0.01798620996209155, 'generation': 618}"
"{'id': 34100, 'rank': 1, 'fitness': 0.9820137900379085, 'generation': 619}","{'id': 33916, 'rank': 2, 'fitness': 0.9385477220305609, 'generation': 619}","{'id': 33916, 'rank': 3, 'fitness': 0.9385477220305609, 'generation': 619}","{'id': 34120, 'rank': 4, 'fitness': 0.8513926845678353, 'generation': 619}","{'id': 34021, 'rank': 5, 'fitness': 0.7951298106787708, 'generation': 619}","{'id': 33846, 'rank': 6, 'fitness': 0.7331148353451049, 'generation': 619}","{'id': 34157, 'rank': 7, 'fitness': 0.7310334737403442, 'generation': 619}","{'id': 34054, 'rank': 8, 'fitness': 0.7269152014112659, 'generation': 619}","{'id': 34175, 'rank': 9, 'fitness': 0.6933186871629822, 'generation': 619}","{'id': 34175, 'rank': 10, 'fitness': 0.6933186871629822, 'generation': 619}","{'id': 33908, 'rank': 11, 'fitness': 0.6429365819827181, 'generation': 619}","{'id': 34110, 'rank': 12, 'fitness': 0.6417318123430503, 'generation': 619}","{'id': 34162, 'rank': 13, 'fitness': 0.5550688970489839, 'generation': 619}","{'id': 34112, 'rank': 14, 'fitness': 0.35924507493160285, 'generation': 619}","{'id': 34124, 'rank': 15, 'fitness': 0.31788633233000196, 'generation': 619}","{'id': 34153, 'rank': 16, 'fitness': 0.27432861149383436, 'generation': 619}","{'id': 34108, 'rank': 17, 'fitness': 0.15139839783642695, 'generation': 619}","{'id': 34130, 'rank': 18, 'fitness': 0.12083422726714227, 'generation': 619}","{'id': 34159, 'rank': 19, 'fitness': 0.1014602215704784, 'generation': 619}","{'id': 34159, 'rank': 20, 'fitness': 0.1014602215704784, 'generation': 619}","{'id': 34093, 'rank': 21, 'fitness': 0.0788708657234154, 'generation': 619}","{'id': 34163, 'rank': 22, 'fitness': 0.07879544489068907, 'generation': 619}","{'id': 34144, 'rank': 23, 'fitness': 0.06299139958115507, 'generation': 619}","{'id': 34144, 'rank': 24, 'fitness': 0.06299139958115507, 'generation': 619}","{'id': 34172, 'rank': 25, 'fitness': 0.05177478065689517, 'generation': 619}","{'id': 34172, 'rank': 26, 'fitness': 0.05177478065689517, 'generation': 619}","{'id': 34132, 'rank': 27, 'fitness': 0.04542172846295178, 'generation': 619}","{'id': 34041, 'rank': 28, 'fitness': 0.04216674976857748, 'generation': 619}","{'id': 34166, 'rank': 29, 'fitness': 0.03824487633128365, 'generation': 619}","{'id': 34152, 'rank': 30, 'fitness': 0.01798620996209155, 'generation': 619}"
"{'id': 34100, 'rank': 1, 'fitness': 0.9820137900379085, 'generation': 620}","{'id': 34100, 'rank': 2, 'fitness': 0.9820137900379085, 'generation': 620}","{'id': 34219, 'rank': 3, 'fitness': 0.9581373584534245, 'generation': 620}","{'id': 33916, 'rank': 4, 'fitness': 0.9390656847061528, 'generation': 620}","{'id': 34221, 'rank': 5, 'fitness': 0.8959866361356585, 'generation': 620}","{'id': 34187, 'rank': 6, 'fitness': 0.8735377716274247, 'generation': 620}","{'id': 34220, 'rank': 7, 'fitness': 0.8545935454358227, 'generation': 620}","{'id': 34120, 'rank': 8, 'fitness': 0.853400142951633, 'generation': 620}","{'id': 34021, 'rank': 9, 'fitness': 0.7981611111709696, 'generation': 620}","{'id': 33846, 'rank': 10, 'fitness': 0.7372341093627137, 'generation': 620}","{'id': 34110, 'rank': 11, 'fitness': 0.6472728362565042, 'generation': 620}","{'id': 34110, 'rank': 12, 'fitness': 0.6472728362565042, 'generation': 620}","{'id': 34162, 'rank': 13, 'fitness': 0.5616637930219346, 'generation': 620}","{'id': 34229, 'rank': 14, 'fitness': 0.4490227053892371, 'generation': 620}","{'id': 34222, 'rank': 15, 'fitness': 0.44508708531487606, 'generation': 620}","{'id': 34226, 'rank': 16, 'fitness': 0.34045702290985946, 'generation': 620}","{'id': 34226, 'rank': 17, 'fitness': 0.34045702290985946, 'generation': 620}","{'id': 34196, 'rank': 18, 'fitness': 0.31832284107005704, 'generation': 620}","{'id': 34153, 'rank': 19, 'fitness': 0.2813902211781447, 'generation': 620}","{'id': 34108, 'rank': 20, 'fitness': 0.15667668144716856, 'generation': 620}","{'id': 34108, 'rank': 21, 'fitness': 0.15667668144716856, 'generation': 620}","{'id': 34189, 'rank': 22, 'fitness': 0.14094992411951773, 'generation': 620}","{'id': 34225, 'rank': 23, 'fitness': 0.13340439220781053, 'generation': 620}","{'id': 34130, 'rank': 24, 'fitness': 0.12540652022212762, 'generation': 620}","{'id': 34130, 'rank': 25, 'fitness': 0.12540652022212762, 'generation': 620}","{'id': 34203, 'rank': 26, 'fitness': 0.10764056648612363, 'generation': 620}","{'id': 34172, 'rank': 27, 'fitness': 0.05422820663889805, 'generation': 620}","{'id': 34172, 'rank': 28, 'fitness': 0.05422820663889805, 'generation': 620}","{'id': 34210, 'rank': 29, 'fitness': 0.042846211779251964, 'generation': 620}","{'id': 34191, 'rank': 30, 'fitness': 0.01798620996209155, 'generation': 620}"
"{'id': 34100, 'rank': 1, 'fitness': 0.9820137900379085, 'generation': 621}","{'id': 33916, 'rank': 2, 'fitness': 0.9271512762797114, 'generation': 621}","{'id': 34259, 'rank': 3, 'fitness': 0.8986016936763239, 'generation': 621}","{'id': 34259, 'rank': 4, 'fitness': 0.8986016936763239, 'generation': 621}","{'id': 34234, 'rank': 5, 'fitness': 0.8853256960823184, 'generation': 621}","{'id': 34279, 'rank': 6, 'fitness': 0.8012318507451506, 'generation': 621}","{'id': 34279, 'rank': 7, 'fitness': 0.8012318507451506, 'generation': 621}","{'id': 34231, 'rank': 8, 'fitness': 0.5980114307606323, 'generation': 621}","{'id': 34254, 'rank': 9, 'fitness': 0.5577437040367228, 'generation': 621}","{'id': 34254, 'rank': 10, 'fitness': 0.5577437040367228, 'generation': 621}","{'id': 34110, 'rank': 11, 'fitness': 0.5234296077151748, 'generation': 621}","{'id': 34246, 'rank': 12, 'fitness': 0.27706624477829855, 'generation': 621}","{'id': 34253, 'rank': 13, 'fitness': 0.23355986789966132, 'generation': 621}","{'id': 34237, 'rank': 14, 'fitness': 0.1969277509538464, 'generation': 621}","{'id': 34153, 'rank': 15, 'fitness': 0.1564954528153742, 'generation': 621}","{'id': 34251, 'rank': 16, 'fitness': 0.1376374089750057, 'generation': 621}","{'id': 34251, 'rank': 17, 'fitness': 0.1376374089750057, 'generation': 621}","{'id': 34267, 'rank': 18, 'fitness': 0.12093738458580422, 'generation': 621}","{'id': 34249, 'rank': 19, 'fitness': 0.11618284810010415, 'generation': 621}","{'id': 34277, 'rank': 20, 'fitness': 0.08993760869981432, 'generation': 621}","{'id': 34270, 'rank': 21, 'fitness': 0.07523051263254898, 'generation': 621}","{'id': 34108, 'rank': 22, 'fitness': 0.07290342900744634, 'generation': 621}","{'id': 34189, 'rank': 23, 'fitness': 0.06380595952960894, 'generation': 621}","{'id': 34130, 'rank': 24, 'fitness': 0.05514104702515504, 'generation': 621}","{'id': 34203, 'rank': 25, 'fitness': 0.04564391626806724, 'generation': 621}","{'id': 34250, 'rank': 26, 'fitness': 0.039102358587733865, 'generation': 621}","{'id': 34250, 'rank': 27, 'fitness': 0.039102358587733865, 'generation': 621}","{'id': 34248, 'rank': 28, 'fitness': 0.031055730425775807, 'generation': 621}","{'id': 34269, 'rank': 29, 'fitness': 0.01798620996209155, 'generation': 621}","{'id': 34269, 'rank': 30, 'fitness': 0.01798620996209155, 'generation': 621}"
"{'id': 34301, 'rank': 1, 'fitness': 0.9820137900379085, 'generation': 622}","{'id': 34301, 'rank': 2, 'fitness': 0.9820137900379085, 'generation': 622}","{'id': 34301, 'rank': 3, 'fitness': 0.9820137900379085, 'generation': 622}","{'id': 34313, 'rank': 4, 'fitness': 0.9731145576140341, 'generation': 622}","{'id': 34290, 'rank': 5, 'fitness': 0.8882695200592294, 'generation': 622}","{'id': 34290, 'rank': 6, 'fitness': 0.8882695200592294, 'generation': 622}","{'id': 34259, 'rank': 7, 'fitness': 0.8506757520705112, 'generation': 622}","{'id': 34323, 'rank': 8, 'fitness': 0.8322516167937521, 'generation': 622}","{'id': 34323, 'rank': 9, 'fitness': 0.8322516167937521, 'generation': 622}","{'id': 34299, 'rank': 10, 'fitness': 0.784652368092369, 'generation': 622}","{'id': 34302, 'rank': 11, 'fitness': 0.7578930493093423, 'generation': 622}","{'id': 34302, 'rank': 12, 'fitness': 0.7578930493093423, 'generation': 622}","{'id': 34279, 'rank': 13, 'fitness': 0.7500187385142194, 'generation': 622}","{'id': 34308, 'rank': 14, 'fitness': 0.7178440694993059, 'generation': 622}","{'id': 34322, 'rank': 15, 'fitness': 0.6076431615859356, 'generation': 622}","{'id': 34288, 'rank': 16, 'fitness': 0.5388933878924025, 'generation': 622}","{'id': 34254, 'rank': 17, 'fitness': 0.5381541259602949, 'generation': 622}","{'id': 34254, 'rank': 18, 'fitness': 0.5381541259602949, 'generation': 622}","{'id': 34291, 'rank': 19, 'fitness': 0.5229898571653585, 'generation': 622}","{'id': 34321, 'rank': 20, 'fitness': 0.4353998132523634, 'generation': 622}","{'id': 34292, 'rank': 21, 'fitness': 0.2801693445997581, 'generation': 622}","{'id': 34289, 'rank': 22, 'fitness': 0.2490501108481708, 'generation': 622}","{'id': 34251, 'rank': 23, 'fitness': 0.17805954433692295, 'generation': 622}","{'id': 34251, 'rank': 24, 'fitness': 0.17805954433692295, 'generation': 622}","{'id': 34277, 'rank': 25, 'fitness': 0.12789427124165875, 'generation': 622}","{'id': 34277, 'rank': 26, 'fitness': 0.12789427124165875, 'generation': 622}","{'id': 34108, 'rank': 27, 'fitness': 0.10854285538429292, 'generation': 622}","{'id': 34248, 'rank': 28, 'fitness': 0.05539779353698149, 'generation': 622}","{'id': 34306, 'rank': 29, 'fitness': 0.022206837234398646, 'generation': 622}","{'id': 34316, 'rank': 30, 'fitness': 0.01798620996209155, 'generation': 622}"
"{'id': 34301, 'rank': 1, 'fitness': 0.9820137900379085, 'generation': 623}","{'id': 34290, 'rank': 2, 'fitness': 0.925716229946584, 'generation': 623}","{'id': 34290, 'rank': 3, 'fitness': 0.925716229946584, 'generation': 623}","{'id': 34354, 'rank': 4, 'fitness': 0.9154400920881041, 'generation': 623}","{'id': 34323, 'rank': 5, 'fitness': 0.8967065859988527, 'generation': 623}","{'id': 34323, 'rank': 6, 'fitness': 0.8967065859988527, 'generation': 623}","{'id': 34299, 'rank': 7, 'fitness': 0.8726374459326987, 'generation': 623}","{'id': 34299, 'rank': 8, 'fitness': 0.8726374459326987, 'generation': 623}","{'id': 34299, 'rank': 9, 'fitness': 0.8726374459326987, 'generation': 623}","{'id': 34302, 'rank': 10, 'fitness': 0.8591291485356662, 'generation': 623}","{'id': 34279, 'rank': 11, 'fitness': 0.8551438050944253, 'generation': 623}","{'id': 34279, 'rank': 12, 'fitness': 0.8551438050944253, 'generation': 623}","{'id': 34308, 'rank': 13, 'fitness': 0.8387668208993435, 'generation': 623}","{'id': 34308, 'rank': 14, 'fitness': 0.8387668208993435, 'generation': 623}","{'id': 34353, 'rank': 15, 'fitness': 0.8357494565759298, 'generation': 623}","{'id': 34351, 'rank': 16, 'fitness': 0.805884492190051, 'generation': 623}","{'id': 34368, 'rank': 17, 'fitness': 0.7990048955151086, 'generation': 623}","{'id': 34322, 'rank': 18, 'fitness': 0.7804858596497803, 'generation': 623}","{'id': 34366, 'rank': 19, 'fitness': 0.7620571868689344, 'generation': 623}","{'id': 34366, 'rank': 20, 'fitness': 0.7620571868689344, 'generation': 623}","{'id': 34321, 'rank': 21, 'fitness': 0.6756584507374712, 'generation': 623}","{'id': 34292, 'rank': 22, 'fitness': 0.5522169924443419, 'generation': 623}","{'id': 34345, 'rank': 23, 'fitness': 0.31592271426626983, 'generation': 623}","{'id': 34370, 'rank': 24, 'fitness': 0.2608014118458779, 'generation': 623}","{'id': 34370, 'rank': 25, 'fitness': 0.2608014118458779, 'generation': 623}","{'id': 34336, 'rank': 26, 'fitness': 0.208467600793606, 'generation': 623}","{'id': 34336, 'rank': 27, 'fitness': 0.208467600793606, 'generation': 623}","{'id': 34327, 'rank': 28, 'fitness': 0.14601762932536522, 'generation': 623}","{'id': 34362, 'rank': 29, 'fitness': 0.061903343014672874, 'generation': 623}","{'id': 34348, 'rank': 30, 'fitness': 0.01798620996209155, 'generation': 623}"
"{'id': 34290, 'rank': 1, 'fitness': 0.9820137900379085, 'generation': 624}","{'id': 34390, 'rank': 2, 'fitness': 0.981546715646506, 'generation': 624}","{'id': 34390, 'rank': 3, 'fitness': 0.981546715646506, 'generation': 624}","{'id': 34299, 'rank': 4, 'fitness': 0.9601916436221417, 'generation': 624}","{'id': 34279, 'rank': 5, 'fitness': 0.9516454049087575, 'generation': 624}","{'id': 34308, 'rank': 6, 'fitness': 0.9430499239697632, 'generation': 624}","{'id': 34308, 'rank': 7, 'fitness': 0.9430499239697632, 'generation': 624}","{'id': 34308, 'rank': 8, 'fitness': 0.9430499239697632, 'generation': 624}","{'id': 34368, 'rank': 9, 'fitness': 0.9197962494086545, 'generation': 624}","{'id': 34368, 'rank': 10, 'fitness': 0.9197962494086545, 'generation': 624}","{'id': 34366, 'rank': 11, 'fitness': 0.8951502744082621, 'generation': 624}","{'id': 34366, 'rank': 12, 'fitness': 0.8951502744082621, 'generation': 624}","{'id': 34321, 'rank': 13, 'fitness': 0.8259340619360189, 'generation': 624}","{'id': 34382, 'rank': 14, 'fitness': 0.8140290345881814, 'generation': 624}","{'id': 34292, 'rank': 15, 'fitness': 0.6986985830869448, 'generation': 624}","{'id': 34436, 'rank': 16, 'fitness': 0.5784271431774751, 'generation': 624}","{'id': 34386, 'rank': 17, 'fitness': 0.49566635392892655, 'generation': 624}","{'id': 34429, 'rank': 18, 'fitness': 0.4713798248129295, 'generation': 624}","{'id': 34403, 'rank': 19, 'fitness': 0.45494775730994647, 'generation': 624}","{'id': 34442, 'rank': 20, 'fitness': 0.4048443981346247, 'generation': 624}","{'id': 34434, 'rank': 21, 'fitness': 0.3099820153630628, 'generation': 624}","{'id': 34419, 'rank': 22, 'fitness': 0.3042201679126673, 'generation': 624}","{'id': 34425, 'rank': 23, 'fitness': 0.2779836242459082, 'generation': 624}","{'id': 34336, 'rank': 24, 'fitness': 0.21972575058824556, 'generation': 624}","{'id': 34336, 'rank': 25, 'fitness': 0.21972575058824556, 'generation': 624}","{'id': 34405, 'rank': 26, 'fitness': 0.1948251012374425, 'generation': 624}","{'id': 34415, 'rank': 27, 'fitness': 0.13036730285837927, 'generation': 624}","{'id': 34401, 'rank': 28, 'fitness': 0.05554780357531569, 'generation': 624}","{'id': 34447, 'rank': 29, 'fitness': 0.0518790783000439, 'generation': 624}","{'id': 34428, 'rank': 30, 'fitness': 0.01798620996209155, 'generation': 624}"
"{'id': 34458, 'rank': 1, 'fitness': 0.9820137900379085, 'generation': 625}","{'id': 34466, 'rank': 2, 'fitness': 0.9619142572233432, 'generation': 625}","{'id': 34466, 'rank': 3, 'fitness': 0.9619142572233432, 'generation': 625}","{'id': 34290, 'rank': 4, 'fitness': 0.9157984419340701, 'generation': 625}","{'id': 34390, 'rank': 5, 'fitness': 0.9135176790784407, 'generation': 625}","{'id': 34390, 'rank': 6, 'fitness': 0.9135176790784407, 'generation': 625}","{'id': 34497, 'rank': 7, 'fitness': 0.8824807955654249, 'generation': 625}","{'id': 34366, 'rank': 8, 'fitness': 0.5769436226904863, 'generation': 625}","{'id': 34366, 'rank': 9, 'fitness': 0.5769436226904863, 'generation': 625}","{'id': 34508, 'rank': 10, 'fitness': 0.5095093440559125, 'generation': 625}","{'id': 34508, 'rank': 11, 'fitness': 0.5095093440559125, 'generation': 625}","{'id': 34459, 'rank': 12, 'fitness': 0.22686683279646896, 'generation': 625}","{'id': 34455, 'rank': 13, 'fitness': 0.18256204438759566, 'generation': 625}","{'id': 34488, 'rank': 14, 'fitness': 0.16653259577844193, 'generation': 625}","{'id': 34488, 'rank': 15, 'fitness': 0.16653259577844193, 'generation': 625}","{'id': 34484, 'rank': 16, 'fitness': 0.09483086411236086, 'generation': 625}","{'id': 34403, 'rank': 17, 'fitness': 0.09181972612845407, 'generation': 625}","{'id': 34507, 'rank': 18, 'fitness': 0.07313323328057542, 'generation': 625}","{'id': 34454, 'rank': 19, 'fitness': 0.05070139887415387, 'generation': 625}","{'id': 34472, 'rank': 20, 'fitness': 0.05024517521800331, 'generation': 625}","{'id': 34481, 'rank': 21, 'fitness': 0.04450898267990083, 'generation': 625}","{'id': 34481, 'rank': 22, 'fitness': 0.04450898267990083, 'generation': 625}","{'id': 34425, 'rank': 23, 'fitness': 0.040797467720348535, 'generation': 625}","{'id': 34425, 'rank': 24, 'fitness': 0.040797467720348535, 'generation': 625}","{'id': 34506, 'rank': 25, 'fitness': 0.037417827665943815, 'generation': 625}","{'id': 34506, 'rank': 26, 'fitness': 0.037417827665943815, 'generation': 625}","{'id': 34513, 'rank': 27, 'fitness': 0.03064062034762105, 'generation': 625}","{'id': 34513, 'rank': 28, 'fitness': 0.03064062034762105, 'generation': 625}","{'id': 34336, 'rank': 29, 'fitness': 0.02910008186531232, 'generation': 625}","{'id': 34499, 'rank': 30, 'fitness': 0.01798620996209155, 'generation': 625}"
"{'id': 34527, 'rank': 1, 'fitness': 0.9820137900379085, 'generation': 626}","{'id': 34527, 'rank': 2, 'fitness': 0.9820137900379085, 'generation': 626}","{'id': 34521, 'rank': 3, 'fitness': 0.9593881897482507, 'generation': 626}","{'id': 34521, 'rank': 4, 'fitness': 0.9593881897482507, 'generation': 626}","{'id': 34466, 'rank': 5, 'fitness': 0.9375959928429971, 'generation': 626}","{'id': 34466, 'rank': 6, 'fitness': 0.9375959928429971, 'generation': 626}","{'id': 34466, 'rank': 7, 'fitness': 0.9375959928429971, 'generation': 626}","{'id': 34543, 'rank': 8, 'fitness': 0.9284641795535551, 'generation': 626}","{'id': 34530, 'rank': 9, 'fitness': 0.8653653441809133, 'generation': 626}","{'id': 34390, 'rank': 10, 'fitness': 0.8589490294910127, 'generation': 626}","{'id': 34390, 'rank': 11, 'fitness': 0.8589490294910127, 'generation': 626}","{'id': 34542, 'rank': 12, 'fitness': 0.8106783049529438, 'generation': 626}","{'id': 34519, 'rank': 13, 'fitness': 0.7436385365216208, 'generation': 626}","{'id': 34366, 'rank': 14, 'fitness': 0.42208398463839436, 'generation': 626}","{'id': 34531, 'rank': 15, 'fitness': 0.34096563841742233, 'generation': 626}","{'id': 34536, 'rank': 16, 'fitness': 0.24043864442710705, 'generation': 626}","{'id': 34550, 'rank': 17, 'fitness': 0.16936125135921093, 'generation': 626}","{'id': 34459, 'rank': 18, 'fitness': 0.12944739985379106, 'generation': 626}","{'id': 34459, 'rank': 19, 'fitness': 0.12944739985379106, 'generation': 626}","{'id': 34488, 'rank': 20, 'fitness': 0.09079198202303057, 'generation': 626}","{'id': 34537, 'rank': 21, 'fitness': 0.051988784603067606, 'generation': 626}","{'id': 34484, 'rank': 22, 'fitness': 0.04866684393512083, 'generation': 626}","{'id': 34539, 'rank': 23, 'fitness': 0.04478736036047115, 'generation': 626}","{'id': 34507, 'rank': 24, 'fitness': 0.03673596334815654, 'generation': 626}","{'id': 34517, 'rank': 25, 'fitness': 0.02988547456901519, 'generation': 626}","{'id': 34472, 'rank': 26, 'fitness': 0.02458506690294565, 'generation': 626}","{'id': 34481, 'rank': 27, 'fitness': 0.02161429501951906, 'generation': 626}","{'id': 34481, 'rank': 28, 'fitness': 0.02161429501951906, 'generation': 626}","{'id': 34545, 'rank': 29, 'fitness': 0.017986788346559535, 'generation': 626}","{'id': 34506, 'rank': 30, 'fitness': 0.01798620996209155, 'generation': 626}"
"{'id': 34521, 'rank': 1, 'fitness': 0.9820137900379085, 'generation': 627}","{'id': 34521, 'rank': 2, 'fitness': 0.9820137900379085, 'generation': 627}","{'id': 34521, 'rank': 3, 'fitness': 0.9820137900379085, 'generation': 627}","{'id': 34466, 'rank': 4, 'fitness': 0.9745183465769044, 'generation': 627}","{'id': 34560, 'rank': 5, 'fitness': 0.9596206835194447, 'generation': 627}","{'id': 34560, 'rank': 6, 'fitness': 0.9596206835194447, 'generation': 627}","{'id': 34594, 'rank': 7, 'fitness': 0.956890931030566, 'generation': 627}","{'id': 34390, 'rank': 8, 'fitness': 0.9494788778440819, 'generation': 627}","{'id': 34390, 'rank': 9, 'fitness': 0.9494788778440819, 'generation': 627}","{'id': 34542, 'rank': 10, 'fitness': 0.9344090524749946, 'generation': 627}","{'id': 34519, 'rank': 11, 'fitness': 0.9129416845372657, 'generation': 627}","{'id': 34607, 'rank': 12, 'fitness': 0.8736391567452616, 'generation': 627}","{'id': 34590, 'rank': 13, 'fitness': 0.863309526669222, 'generation': 627}","{'id': 34586, 'rank': 14, 'fitness': 0.8340690107462295, 'generation': 627}","{'id': 34587, 'rank': 15, 'fitness': 0.8016727028421171, 'generation': 627}","{'id': 34587, 'rank': 16, 'fitness': 0.8016727028421171, 'generation': 627}","{'id': 34609, 'rank': 17, 'fitness': 0.7219817083108172, 'generation': 627}","{'id': 34609, 'rank': 18, 'fitness': 0.7219817083108172, 'generation': 627}","{'id': 34609, 'rank': 19, 'fitness': 0.7219817083108172, 'generation': 627}","{'id': 34578, 'rank': 20, 'fitness': 0.5421858950309376, 'generation': 627}","{'id': 34459, 'rank': 21, 'fitness': 0.5032431081768596, 'generation': 627}","{'id': 34459, 'rank': 22, 'fitness': 0.5032431081768596, 'generation': 627}","{'id': 34579, 'rank': 23, 'fitness': 0.47836626539059124, 'generation': 627}","{'id': 34570, 'rank': 24, 'fitness': 0.4349529610280194, 'generation': 627}","{'id': 34537, 'rank': 25, 'fitness': 0.3161026355599589, 'generation': 627}","{'id': 34605, 'rank': 26, 'fitness': 0.22175938054118516, 'generation': 627}","{'id': 34565, 'rank': 27, 'fitness': 0.1401145685516812, 'generation': 627}","{'id': 34563, 'rank': 28, 'fitness': 0.13857200051123608, 'generation': 627}","{'id': 34589, 'rank': 29, 'fitness': 0.10084638557192432, 'generation': 627}","{'id': 34616, 'rank': 30, 'fitness': 0.01798620996209155, 'generation': 627}"
"{'id': 34521, 'rank': 1, 'fitness': 0.9820137900379085, 'generation': 628}","{'id': 34521, 'rank': 2, 'fitness': 0.9820137900379085, 'generation': 628}","{'id': 34390, 'rank': 3, 'fitness': 0.9347905807511265, 'generation': 628}","{'id': 34672, 'rank': 4, 'fitness': 0.8870899595799914, 'generation': 628}","{'id': 34626, 'rank': 5, 'fitness': 0.8345956246600071, 'generation': 628}","{'id': 34626, 'rank': 6, 'fitness': 0.8345956246600071, 'generation': 628}","{'id': 34587, 'rank': 7, 'fitness': 0.676069124771779, 'generation': 628}","{'id': 34609, 'rank': 8, 'fitness': 0.54511283008881, 'generation': 628}","{'id': 34627, 'rank': 9, 'fitness': 0.5092014776541224, 'generation': 628}","{'id': 34687, 'rank': 10, 'fitness': 0.40673614501082456, 'generation': 628}","{'id': 34639, 'rank': 11, 'fitness': 0.29305026677136736, 'generation': 628}","{'id': 34639, 'rank': 12, 'fitness': 0.29305026677136736, 'generation': 628}","{'id': 34676, 'rank': 13, 'fitness': 0.27906290175938364, 'generation': 628}","{'id': 34653, 'rank': 14, 'fitness': 0.241096691406955, 'generation': 628}","{'id': 34658, 'rank': 15, 'fitness': 0.2356260723686247, 'generation': 628}","{'id': 34621, 'rank': 16, 'fitness': 0.1920845354100097, 'generation': 628}","{'id': 34537, 'rank': 17, 'fitness': 0.12095740741273175, 'generation': 628}","{'id': 34646, 'rank': 18, 'fitness': 0.11318281901772381, 'generation': 628}","{'id': 34668, 'rank': 19, 'fitness': 0.07715329237434043, 'generation': 628}","{'id': 34637, 'rank': 20, 'fitness': 0.06253217348883927, 'generation': 628}","{'id': 34678, 'rank': 21, 'fitness': 0.056961561675814565, 'generation': 628}","{'id': 34654, 'rank': 22, 'fitness': 0.05042823765916876, 'generation': 628}","{'id': 34642, 'rank': 23, 'fitness': 0.048872942169677414, 'generation': 628}","{'id': 34659, 'rank': 24, 'fitness': 0.04324269987292911, 'generation': 628}","{'id': 34629, 'rank': 25, 'fitness': 0.040481746760833826, 'generation': 628}","{'id': 34629, 'rank': 26, 'fitness': 0.040481746760833826, 'generation': 628}","{'id': 34629, 'rank': 27, 'fitness': 0.040481746760833826, 'generation': 628}","{'id': 34629, 'rank': 28, 'fitness': 0.040481746760833826, 'generation': 628}","{'id': 34680, 'rank': 29, 'fitness': 0.026106472173678508, 'generation': 628}","{'id': 34619, 'rank': 30, 'fitness': 0.01798620996209155, 'generation': 628}"
"{'id': 34705, 'rank': 1, 'fitness': 0.9820137900379085, 'generation': 629}","{'id': 34705, 'rank': 2, 'fitness': 0.9820137900379085, 'generation': 629}","{'id': 34695, 'rank': 3, 'fitness': 0.9782054169412294, 'generation': 629}","{'id': 34695, 'rank': 4, 'fitness': 0.9782054169412294, 'generation': 629}","{'id': 34695, 'rank': 5, 'fitness': 0.9782054169412294, 'generation': 629}","{'id': 34695, 'rank': 6, 'fitness': 0.9782054169412294, 'generation': 629}","{'id': 34521, 'rank': 7, 'fitness': 0.9692824125509278, 'generation': 629}","{'id': 34521, 'rank': 8, 'fitness': 0.9692824125509278, 'generation': 629}","{'id': 34712, 'rank': 9, 'fitness': 0.8667657045679913, 'generation': 629}","{'id': 34694, 'rank': 10, 'fitness': 0.7706032946815013, 'generation': 629}","{'id': 34694, 'rank': 11, 'fitness': 0.7706032946815013, 'generation': 629}","{'id': 34626, 'rank': 12, 'fitness': 0.7217679229012045, 'generation': 629}","{'id': 34711, 'rank': 13, 'fitness': 0.6203995358474022, 'generation': 629}","{'id': 34706, 'rank': 14, 'fitness': 0.6138644203367662, 'generation': 629}","{'id': 34587, 'rank': 15, 'fitness': 0.5067690931790422, 'generation': 629}","{'id': 34707, 'rank': 16, 'fitness': 0.4992054459165716, 'generation': 629}","{'id': 34707, 'rank': 17, 'fitness': 0.4992054459165716, 'generation': 629}","{'id': 34707, 'rank': 18, 'fitness': 0.4992054459165716, 'generation': 629}","{'id': 34710, 'rank': 19, 'fitness': 0.4496268321298956, 'generation': 629}","{'id': 34627, 'rank': 20, 'fitness': 0.3304336350410968, 'generation': 629}","{'id': 34627, 'rank': 21, 'fitness': 0.3304336350410968, 'generation': 629}","{'id': 34687, 'rank': 22, 'fitness': 0.24216113214954915, 'generation': 629}","{'id': 34727, 'rank': 23, 'fitness': 0.15600892105745368, 'generation': 629}","{'id': 34727, 'rank': 24, 'fitness': 0.15600892105745368, 'generation': 629}","{'id': 34701, 'rank': 25, 'fitness': 0.12695183868735993, 'generation': 629}","{'id': 34621, 'rank': 26, 'fitness': 0.0951807570566699, 'generation': 629}","{'id': 34709, 'rank': 27, 'fitness': 0.04757313982823552, 'generation': 629}","{'id': 34678, 'rank': 28, 'fitness': 0.02437549815482809, 'generation': 629}","{'id': 34691, 'rank': 29, 'fitness': 0.023334154601319657, 'generation': 629}","{'id': 34697, 'rank': 30, 'fitness': 0.01798620996209155, 'generation': 629}"
"{'id': 34705, 'rank': 1, 'fitness': 0.9820137900379085, 'generation': 630}","{'id': 34705, 'rank': 2, 'fitness': 0.9820137900379085, 'generation': 630}","{'id': 34695, 'rank': 3, 'fitness': 0.9790569576624777, 'generation': 630}","{'id': 34695, 'rank': 4, 'fitness': 0.9790569576624777, 'generation': 630}","{'id': 34695, 'rank': 5, 'fitness': 0.9790569576624777, 'generation': 630}","{'id': 34695, 'rank': 6, 'fitness': 0.9790569576624777, 'generation': 630}","{'id': 34762, 'rank': 7, 'fitness': 0.9541632952200263, 'generation': 630}","{'id': 34711, 'rank': 8, 'fitness': 0.7721540533437365, 'generation': 630}","{'id': 34737, 'rank': 9, 'fitness': 0.7429274643949062, 'generation': 630}","{'id': 34737, 'rank': 10, 'fitness': 0.7429274643949062, 'generation': 630}","{'id': 34734, 'rank': 11, 'fitness': 0.7335105956740486, 'generation': 630}","{'id': 34734, 'rank': 12, 'fitness': 0.7335105956740486, 'generation': 630}","{'id': 34707, 'rank': 13, 'fitness': 0.6961125538547996, 'generation': 630}","{'id': 34710, 'rank': 14, 'fitness': 0.6617750397209143, 'generation': 630}","{'id': 34710, 'rank': 15, 'fitness': 0.6617750397209143, 'generation': 630}","{'id': 34773, 'rank': 16, 'fitness': 0.6306803414935017, 'generation': 630}","{'id': 34627, 'rank': 17, 'fitness': 0.5675668799276391, 'generation': 630}","{'id': 34627, 'rank': 18, 'fitness': 0.5675668799276391, 'generation': 630}","{'id': 34752, 'rank': 19, 'fitness': 0.5225918693576904, 'generation': 630}","{'id': 34727, 'rank': 20, 'fitness': 0.37613855054192386, 'generation': 630}","{'id': 34701, 'rank': 21, 'fitness': 0.332688093728409, 'generation': 630}","{'id': 34759, 'rank': 22, 'fitness': 0.1567149272540403, 'generation': 630}","{'id': 34735, 'rank': 23, 'fitness': 0.15178070886504802, 'generation': 630}","{'id': 34778, 'rank': 24, 'fitness': 0.12217554487317783, 'generation': 630}","{'id': 34757, 'rank': 25, 'fitness': 0.07194483411326263, 'generation': 630}","{'id': 34757, 'rank': 26, 'fitness': 0.07194483411326263, 'generation': 630}","{'id': 34771, 'rank': 27, 'fitness': 0.054755511053977524, 'generation': 630}","{'id': 34748, 'rank': 28, 'fitness': 0.03432188621706611, 'generation': 630}","{'id': 34781, 'rank': 29, 'fitness': 0.018224785729753723, 'generation': 630}","{'id': 34774, 'rank': 30, 'fitness': 0.01798620996209155, 'generation': 630}"
"{'id': 34695, 'rank': 1, 'fitness': 0.9820137900379085, 'generation': 631}","{'id': 34695, 'rank': 2, 'fitness': 0.9820137900379085, 'generation': 631}","{'id': 34695, 'rank': 3, 'fitness': 0.9820137900379085, 'generation': 631}","{'id': 34695, 'rank': 4, 'fitness': 0.9820137900379085, 'generation': 631}","{'id': 34829, 'rank': 5, 'fitness': 0.9194907987002063, 'generation': 631}","{'id': 34800, 'rank': 6, 'fitness': 0.8628859035385774, 'generation': 631}","{'id': 34711, 'rank': 7, 'fitness': 0.8582059797202237, 'generation': 631}","{'id': 34737, 'rank': 8, 'fitness': 0.8411718249532678, 'generation': 631}","{'id': 34737, 'rank': 9, 'fitness': 0.8411718249532678, 'generation': 631}","{'id': 34737, 'rank': 10, 'fitness': 0.8411718249532678, 'generation': 631}","{'id': 34734, 'rank': 11, 'fitness': 0.835638493036879, 'generation': 631}","{'id': 34707, 'rank': 12, 'fitness': 0.8133913189735356, 'generation': 631}","{'id': 34812, 'rank': 13, 'fitness': 0.8072510570340872, 'generation': 631}","{'id': 34710, 'rank': 14, 'fitness': 0.7925019334376914, 'generation': 631}","{'id': 34627, 'rank': 15, 'fitness': 0.7321215846184299, 'generation': 631}","{'id': 34627, 'rank': 16, 'fitness': 0.7321215846184299, 'generation': 631}","{'id': 34787, 'rank': 17, 'fitness': 0.6997033388726352, 'generation': 631}","{'id': 34804, 'rank': 18, 'fitness': 0.6596366977232805, 'generation': 631}","{'id': 34827, 'rank': 19, 'fitness': 0.6194268244767674, 'generation': 631}","{'id': 34827, 'rank': 20, 'fitness': 0.6194268244767674, 'generation': 631}","{'id': 34798, 'rank': 21, 'fitness': 0.5134045314559638, 'generation': 631}","{'id': 34803, 'rank': 22, 'fitness': 0.348671609195162, 'generation': 631}","{'id': 34803, 'rank': 23, 'fitness': 0.348671609195162, 'generation': 631}","{'id': 34778, 'rank': 24, 'fitness': 0.2941470254521893, 'generation': 631}","{'id': 34813, 'rank': 25, 'fitness': 0.2241337665294052, 'generation': 631}","{'id': 34757, 'rank': 26, 'fitness': 0.20329669736684364, 'generation': 631}","{'id': 34771, 'rank': 27, 'fitness': 0.1665843025889544, 'generation': 631}","{'id': 34774, 'rank': 28, 'fitness': 0.07075784764120602, 'generation': 631}","{'id': 34844, 'rank': 29, 'fitness': 0.02916770451488382, 'generation': 631}","{'id': 34816, 'rank': 30, 'fitness': 0.01798620996209155, 'generation': 631}"
"{'id': 34695, 'rank': 1, 'fitness': 0.9820137900379085, 'generation': 632}","{'id': 34695, 'rank': 2, 'fitness': 0.9820137900379085, 'generation': 632}","{'id': 34800, 'rank': 3, 'fitness': 0.8300702756407093, 'generation': 632}","{'id': 34800, 'rank': 4, 'fitness': 0.8300702756407093, 'generation': 632}","{'id': 34711, 'rank': 5, 'fitness': 0.8238353821595912, 'generation': 632}","{'id': 34854, 'rank': 6, 'fitness': 0.8097769887431235, 'generation': 632}","{'id': 34737, 'rank': 7, 'fitness': 0.8011348684410373, 'generation': 632}","{'id': 34869, 'rank': 8, 'fitness': 0.7881397239624341, 'generation': 632}","{'id': 34707, 'rank': 9, 'fitness': 0.7641897606015053, 'generation': 632}","{'id': 34846, 'rank': 10, 'fitness': 0.7476718257880921, 'generation': 632}","{'id': 34710, 'rank': 11, 'fitness': 0.736560978128483, 'generation': 632}","{'id': 34787, 'rank': 12, 'fitness': 0.6168110199685979, 'generation': 632}","{'id': 34804, 'rank': 13, 'fitness': 0.5671478990527666, 'generation': 632}","{'id': 34845, 'rank': 14, 'fitness': 0.331229979743611, 'generation': 632}","{'id': 34845, 'rank': 15, 'fitness': 0.331229979743611, 'generation': 632}","{'id': 34853, 'rank': 16, 'fitness': 0.2821511058879568, 'generation': 632}","{'id': 34803, 'rank': 17, 'fitness': 0.23736203878811468, 'generation': 632}","{'id': 34803, 'rank': 18, 'fitness': 0.23736203878811468, 'generation': 632}","{'id': 34778, 'rank': 19, 'fitness': 0.1904625125524026, 'generation': 632}","{'id': 34778, 'rank': 20, 'fitness': 0.1904625125524026, 'generation': 632}","{'id': 34848, 'rank': 21, 'fitness': 0.1899912123745881, 'generation': 632}","{'id': 34862, 'rank': 22, 'fitness': 0.1681123621656851, 'generation': 632}","{'id': 34907, 'rank': 23, 'fitness': 0.15895147020375178, 'generation': 632}","{'id': 34876, 'rank': 24, 'fitness': 0.0592021960745851, 'generation': 632}","{'id': 34847, 'rank': 25, 'fitness': 0.039230712521723776, 'generation': 632}","{'id': 34874, 'rank': 26, 'fitness': 0.031347186267947136, 'generation': 632}","{'id': 34894, 'rank': 27, 'fitness': 0.023367685175189, 'generation': 632}","{'id': 34860, 'rank': 28, 'fitness': 0.020043429702139237, 'generation': 632}","{'id': 34860, 'rank': 29, 'fitness': 0.020043429702139237, 'generation': 632}","{'id': 34908, 'rank': 30, 'fitness': 0.01798620996209155, 'generation': 632}"
"{'id': 34695, 'rank': 1, 'fitness': 0.9820137900379085, 'generation': 633}","{'id': 34952, 'rank': 2, 'fitness': 0.9248078515811844, 'generation': 633}","{'id': 34933, 'rank': 3, 'fitness': 0.9113910567139131, 'generation': 633}","{'id': 34800, 'rank': 4, 'fitness': 0.7748676813359945, 'generation': 633}","{'id': 34800, 'rank': 5, 'fitness': 0.7748676813359945, 'generation': 633}","{'id': 34711, 'rank': 6, 'fitness': 0.7660446670099026, 'generation': 633}","{'id': 34926, 'rank': 7, 'fitness': 0.7590119684328142, 'generation': 633}","{'id': 34951, 'rank': 8, 'fitness': 0.7406051741064703, 'generation': 633}","{'id': 34936, 'rank': 9, 'fitness': 0.7182939833093855, 'generation': 633}","{'id': 34936, 'rank': 10, 'fitness': 0.7182939833093855, 'generation': 633}","{'id': 34921, 'rank': 11, 'fitness': 0.693183340088151, 'generation': 633}","{'id': 34921, 'rank': 12, 'fitness': 0.693183340088151, 'generation': 633}","{'id': 34707, 'rank': 13, 'fitness': 0.682687439069103, 'generation': 633}","{'id': 34707, 'rank': 14, 'fitness': 0.682687439069103, 'generation': 633}","{'id': 34707, 'rank': 15, 'fitness': 0.682687439069103, 'generation': 633}","{'id': 34707, 'rank': 16, 'fitness': 0.682687439069103, 'generation': 633}","{'id': 34787, 'rank': 17, 'fitness': 0.4912257415858468, 'generation': 633}","{'id': 34927, 'rank': 18, 'fitness': 0.39127846381078146, 'generation': 633}","{'id': 34927, 'rank': 19, 'fitness': 0.39127846381078146, 'generation': 633}","{'id': 34944, 'rank': 20, 'fitness': 0.34796373803499203, 'generation': 633}","{'id': 34845, 'rank': 21, 'fitness': 0.20025172764892724, 'generation': 633}","{'id': 34943, 'rank': 22, 'fitness': 0.12280582316649147, 'generation': 633}","{'id': 34941, 'rank': 23, 'fitness': 0.10204719889720582, 'generation': 633}","{'id': 34778, 'rank': 24, 'fitness': 0.0964705296397333, 'generation': 633}","{'id': 34935, 'rank': 25, 'fitness': 0.08475873403311884, 'generation': 633}","{'id': 34940, 'rank': 26, 'fitness': 0.057165557453014215, 'generation': 633}","{'id': 34940, 'rank': 27, 'fitness': 0.057165557453014215, 'generation': 633}","{'id': 34913, 'rank': 28, 'fitness': 0.03694919800119878, 'generation': 633}","{'id': 34876, 'rank': 29, 'fitness': 0.023042260859628627, 'generation': 633}","{'id': 34916, 'rank': 30, 'fitness': 0.01798620996209155, 'generation': 633}"
"{'id': 34695, 'rank': 1, 'fitness': 0.9820137900379085, 'generation': 634}","{'id': 34695, 'rank': 2, 'fitness': 0.9820137900379085, 'generation': 634}","{'id': 34933, 'rank': 3, 'fitness': 0.9270095700197774, 'generation': 634}","{'id': 34990, 'rank': 4, 'fitness': 0.8725656427912442, 'generation': 634}","{'id': 34964, 'rank': 5, 'fitness': 0.8581523630531209, 'generation': 634}","{'id': 34926, 'rank': 6, 'fitness': 0.818718220781951, 'generation': 634}","{'id': 34926, 'rank': 7, 'fitness': 0.818718220781951, 'generation': 634}","{'id': 34951, 'rank': 8, 'fitness': 0.8056414736337415, 'generation': 634}","{'id': 34936, 'rank': 9, 'fitness': 0.7897006945897371, 'generation': 634}","{'id': 34707, 'rank': 10, 'fitness': 0.7639967772062993, 'generation': 634}","{'id': 34707, 'rank': 11, 'fitness': 0.7639967772062993, 'generation': 634}","{'id': 34707, 'rank': 12, 'fitness': 0.7639967772062993, 'generation': 634}","{'id': 34707, 'rank': 13, 'fitness': 0.7639967772062993, 'generation': 634}","{'id': 34997, 'rank': 14, 'fitness': 0.7491964052956075, 'generation': 634}","{'id': 34961, 'rank': 15, 'fitness': 0.7200721564087246, 'generation': 634}","{'id': 34970, 'rank': 16, 'fitness': 0.6731692822700681, 'generation': 634}","{'id': 34971, 'rank': 17, 'fitness': 0.4914156473387652, 'generation': 634}","{'id': 34971, 'rank': 18, 'fitness': 0.4914156473387652, 'generation': 634}","{'id': 34993, 'rank': 19, 'fitness': 0.3298104343389181, 'generation': 634}","{'id': 34994, 'rank': 20, 'fitness': 0.26906011112605394, 'generation': 634}","{'id': 34935, 'rank': 21, 'fitness': 0.17173209279705687, 'generation': 634}","{'id': 34935, 'rank': 22, 'fitness': 0.17173209279705687, 'generation': 634}","{'id': 34958, 'rank': 23, 'fitness': 0.14764648786622214, 'generation': 634}","{'id': 34940, 'rank': 24, 'fitness': 0.12526953087293186, 'generation': 634}","{'id': 35006, 'rank': 25, 'fitness': 0.10796245110000585, 'generation': 634}","{'id': 34959, 'rank': 26, 'fitness': 0.10101764264402274, 'generation': 634}","{'id': 34913, 'rank': 27, 'fitness': 0.0876034268569143, 'generation': 634}","{'id': 34983, 'rank': 28, 'fitness': 0.04541817411684701, 'generation': 634}","{'id': 34976, 'rank': 29, 'fitness': 0.023775010076411973, 'generation': 634}","{'id': 34980, 'rank': 30, 'fitness': 0.01798620996209155, 'generation': 634}"
"{'id': 34695, 'rank': 1, 'fitness': 0.9820137900379085, 'generation': 635}","{'id': 34695, 'rank': 2, 'fitness': 0.9820137900379085, 'generation': 635}","{'id': 34695, 'rank': 3, 'fitness': 0.9820137900379085, 'generation': 635}","{'id': 35055, 'rank': 4, 'fitness': 0.9635770260006116, 'generation': 635}","{'id': 35055, 'rank': 5, 'fitness': 0.9635770260006116, 'generation': 635}","{'id': 35034, 'rank': 6, 'fitness': 0.9572127977532778, 'generation': 635}","{'id': 34933, 'rank': 7, 'fitness': 0.9197034245554871, 'generation': 635}","{'id': 35047, 'rank': 8, 'fitness': 0.8608142786072839, 'generation': 635}","{'id': 35047, 'rank': 9, 'fitness': 0.8608142786072839, 'generation': 635}","{'id': 34990, 'rank': 10, 'fitness': 0.8552963341877542, 'generation': 635}","{'id': 35031, 'rank': 11, 'fitness': 0.8369863672538429, 'generation': 635}","{'id': 35031, 'rank': 12, 'fitness': 0.8369863672538429, 'generation': 635}","{'id': 34926, 'rank': 13, 'fitness': 0.7910276004452882, 'generation': 635}","{'id': 34707, 'rank': 14, 'fitness': 0.7260301973736554, 'generation': 635}","{'id': 34707, 'rank': 15, 'fitness': 0.7260301973736554, 'generation': 635}","{'id': 34970, 'rank': 16, 'fitness': 0.620195613340341, 'generation': 635}","{'id': 35044, 'rank': 17, 'fitness': 0.4824868116878636, 'generation': 635}","{'id': 35040, 'rank': 18, 'fitness': 0.4750017291680384, 'generation': 635}","{'id': 35023, 'rank': 19, 'fitness': 0.473968464998749, 'generation': 635}","{'id': 35019, 'rank': 20, 'fitness': 0.43585044815982293, 'generation': 635}","{'id': 34971, 'rank': 21, 'fitness': 0.42064272113095047, 'generation': 635}","{'id': 34993, 'rank': 22, 'fitness': 0.26064217688214786, 'generation': 635}","{'id': 35042, 'rank': 23, 'fitness': 0.2594424266939467, 'generation': 635}","{'id': 34994, 'rank': 24, 'fitness': 0.20528958965404265, 'generation': 635}","{'id': 35010, 'rank': 25, 'fitness': 0.17540067529285602, 'generation': 635}","{'id': 34935, 'rank': 26, 'fitness': 0.12257982476775525, 'generation': 635}","{'id': 35029, 'rank': 27, 'fitness': 0.09387259151651872, 'generation': 635}","{'id': 35043, 'rank': 28, 'fitness': 0.07018738227922683, 'generation': 635}","{'id': 34913, 'rank': 29, 'fitness': 0.05772461039710336, 'generation': 635}","{'id': 35035, 'rank': 30, 'fitness': 0.01798620996209155, 'generation': 635}"
"{'id': 34695, 'rank': 1, 'fitness': 0.9820137900379085, 'generation': 636}","{'id': 34695, 'rank': 2, 'fitness': 0.9820137900379085, 'generation': 636}","{'id': 35055, 'rank': 3, 'fitness': 0.9635770260006116, 'generation': 636}","{'id': 35073, 'rank': 4, 'fitness': 0.9255510137276396, 'generation': 636}","{'id': 34933, 'rank': 5, 'fitness': 0.9197034245554871, 'generation': 636}","{'id': 34933, 'rank': 6, 'fitness': 0.9197034245554871, 'generation': 636}","{'id': 34933, 'rank': 7, 'fitness': 0.9197034245554871, 'generation': 636}","{'id': 35047, 'rank': 8, 'fitness': 0.8608142786072839, 'generation': 636}","{'id': 35031, 'rank': 9, 'fitness': 0.8369863672538429, 'generation': 636}","{'id': 35031, 'rank': 10, 'fitness': 0.8369863672538429, 'generation': 636}","{'id': 34926, 'rank': 11, 'fitness': 0.7910276004452882, 'generation': 636}","{'id': 35082, 'rank': 12, 'fitness': 0.7797337384890276, 'generation': 636}","{'id': 35089, 'rank': 13, 'fitness': 0.6927860138962805, 'generation': 636}","{'id': 35109, 'rank': 14, 'fitness': 0.537444063014069, 'generation': 636}","{'id': 35044, 'rank': 15, 'fitness': 0.4824868116878636, 'generation': 636}","{'id': 35023, 'rank': 16, 'fitness': 0.473968464998749, 'generation': 636}","{'id': 35019, 'rank': 17, 'fitness': 0.43585044815982293, 'generation': 636}","{'id': 35111, 'rank': 18, 'fitness': 0.3949950712787089, 'generation': 636}","{'id': 35059, 'rank': 19, 'fitness': 0.3526177274404401, 'generation': 636}","{'id': 35101, 'rank': 20, 'fitness': 0.3057925010915419, 'generation': 636}","{'id': 35042, 'rank': 21, 'fitness': 0.2594424266939467, 'generation': 636}","{'id': 35090, 'rank': 22, 'fitness': 0.23767218876684887, 'generation': 636}","{'id': 35072, 'rank': 23, 'fitness': 0.18406754182495055, 'generation': 636}","{'id': 35010, 'rank': 24, 'fitness': 0.17540067529285602, 'generation': 636}","{'id': 35100, 'rank': 25, 'fitness': 0.17441228823894023, 'generation': 636}","{'id': 35063, 'rank': 26, 'fitness': 0.09099429512156043, 'generation': 636}","{'id': 35068, 'rank': 27, 'fitness': 0.08292566878248281, 'generation': 636}","{'id': 35091, 'rank': 28, 'fitness': 0.07173845710208904, 'generation': 636}","{'id': 35043, 'rank': 29, 'fitness': 0.07018738227922683, 'generation': 636}","{'id': 35035, 'rank': 30, 'fitness': 0.01798620996209155, 'generation': 636}"
"{'id': 35055, 'rank': 1, 'fitness': 0.9820137900379085, 'generation': 637}","{'id': 35073, 'rank': 2, 'fitness': 0.9582098428653655, 'generation': 637}","{'id': 35073, 'rank': 3, 'fitness': 0.9582098428653655, 'generation': 637}","{'id': 34933, 'rank': 4, 'fitness': 0.9542727815675123, 'generation': 637}","{'id': 35129, 'rank': 5, 'fitness': 0.9425241149648037, 'generation': 637}","{'id': 35129, 'rank': 6, 'fitness': 0.9425241149648037, 'generation': 637}","{'id': 35161, 'rank': 7, 'fitness': 0.9362790624429957, 'generation': 637}","{'id': 35161, 'rank': 8, 'fitness': 0.9362790624429957, 'generation': 637}","{'id': 35031, 'rank': 9, 'fitness': 0.892493401817263, 'generation': 637}","{'id': 35031, 'rank': 10, 'fitness': 0.892493401817263, 'generation': 637}","{'id': 35031, 'rank': 11, 'fitness': 0.892493401817263, 'generation': 637}","{'id': 35132, 'rank': 12, 'fitness': 0.8744568869737135, 'generation': 637}","{'id': 35082, 'rank': 13, 'fitness': 0.8441259153465934, 'generation': 637}","{'id': 35082, 'rank': 14, 'fitness': 0.8441259153465934, 'generation': 637}","{'id': 35089, 'rank': 15, 'fitness': 0.7633595416926917, 'generation': 637}","{'id': 35089, 'rank': 16, 'fitness': 0.7633595416926917, 'generation': 637}","{'id': 35158, 'rank': 17, 'fitness': 0.7434706428963542, 'generation': 637}","{'id': 35159, 'rank': 18, 'fitness': 0.6249746202496091, 'generation': 637}","{'id': 35159, 'rank': 19, 'fitness': 0.6249746202496091, 'generation': 637}","{'id': 35044, 'rank': 20, 'fitness': 0.539032050062343, 'generation': 637}","{'id': 35023, 'rank': 21, 'fitness': 0.5292728872195666, 'generation': 637}","{'id': 35128, 'rank': 22, 'fitness': 0.5258725731100027, 'generation': 637}","{'id': 35111, 'rank': 23, 'fitness': 0.43711676793007775, 'generation': 637}","{'id': 35135, 'rank': 24, 'fitness': 0.3594040004721084, 'generation': 637}","{'id': 35146, 'rank': 25, 'fitness': 0.24215930058442436, 'generation': 637}","{'id': 35072, 'rank': 26, 'fitness': 0.18637683079465556, 'generation': 637}","{'id': 35100, 'rank': 27, 'fitness': 0.17521002387901902, 'generation': 637}","{'id': 35130, 'rank': 28, 'fitness': 0.09945875986118319, 'generation': 637}","{'id': 35143, 'rank': 29, 'fitness': 0.08503130397553132, 'generation': 637}","{'id': 35119, 'rank': 30, 'fitness': 0.01798620996209155, 'generation': 637}"
"{'id': 35055, 'rank': 1, 'fitness': 0.9820137900379085, 'generation': 638}","{'id': 34933, 'rank': 2, 'fitness': 0.9600107486675942, 'generation': 638}","{'id': 34933, 'rank': 3, 'fitness': 0.9600107486675942, 'generation': 638}","{'id': 34933, 'rank': 4, 'fitness': 0.9600107486675942, 'generation': 638}","{'id': 35129, 'rank': 5, 'fitness': 0.9513108329794231, 'generation': 638}","{'id': 35129, 'rank': 6, 'fitness': 0.9513108329794231, 'generation': 638}","{'id': 35161, 'rank': 7, 'fitness': 0.9467773734102828, 'generation': 638}","{'id': 35031, 'rank': 8, 'fitness': 0.9161233136678073, 'generation': 638}","{'id': 35031, 'rank': 9, 'fitness': 0.9161233136678073, 'generation': 638}","{'id': 35132, 'rank': 10, 'fitness': 0.90385866116606, 'generation': 638}","{'id': 35089, 'rank': 11, 'fitness': 0.8296577283761588, 'generation': 638}","{'id': 35089, 'rank': 12, 'fitness': 0.8296577283761588, 'generation': 638}","{'id': 35158, 'rank': 13, 'fitness': 0.8163335483987941, 'generation': 638}","{'id': 35128, 'rank': 14, 'fitness': 0.6617484222709411, 'generation': 638}","{'id': 35209, 'rank': 15, 'fitness': 0.6557631400557147, 'generation': 638}","{'id': 35164, 'rank': 16, 'fitness': 0.6229515183054244, 'generation': 638}","{'id': 35169, 'rank': 17, 'fitness': 0.5679704480809227, 'generation': 638}","{'id': 35135, 'rank': 18, 'fitness': 0.5221919806008667, 'generation': 638}","{'id': 35195, 'rank': 19, 'fitness': 0.39283423830067044, 'generation': 638}","{'id': 35188, 'rank': 20, 'fitness': 0.3766324304060672, 'generation': 638}","{'id': 35211, 'rank': 21, 'fitness': 0.3272813716373484, 'generation': 638}","{'id': 35100, 'rank': 22, 'fitness': 0.32280490178833593, 'generation': 638}","{'id': 35217, 'rank': 23, 'fitness': 0.3134512062463124, 'generation': 638}","{'id': 35130, 'rank': 24, 'fitness': 0.21420712723168034, 'generation': 638}","{'id': 35190, 'rank': 25, 'fitness': 0.07120322238421944, 'generation': 638}","{'id': 35183, 'rank': 26, 'fitness': 0.06524013075589236, 'generation': 638}","{'id': 35202, 'rank': 27, 'fitness': 0.04293154080235301, 'generation': 638}","{'id': 35192, 'rank': 28, 'fitness': 0.0416879821738414, 'generation': 638}","{'id': 35214, 'rank': 29, 'fitness': 0.02057047585064431, 'generation': 638}","{'id': 35206, 'rank': 30, 'fitness': 0.01798620996209155, 'generation': 638}"
"{'id': 35247, 'rank': 1, 'fitness': 0.9820137900379085, 'generation': 639}","{'id': 34933, 'rank': 2, 'fitness': 0.9197018597474713, 'generation': 639}","{'id': 34933, 'rank': 3, 'fitness': 0.9197018597474713, 'generation': 639}","{'id': 35248, 'rank': 4, 'fitness': 0.913866240528821, 'generation': 639}","{'id': 35248, 'rank': 5, 'fitness': 0.913866240528821, 'generation': 639}","{'id': 35248, 'rank': 6, 'fitness': 0.913866240528821, 'generation': 639}","{'id': 35129, 'rank': 7, 'fitness': 0.9030093144392614, 'generation': 639}","{'id': 35161, 'rank': 8, 'fitness': 0.8944242175149579, 'generation': 639}","{'id': 35262, 'rank': 9, 'fitness': 0.7828755954599059, 'generation': 639}","{'id': 35235, 'rank': 10, 'fitness': 0.7677488420900678, 'generation': 639}","{'id': 35235, 'rank': 11, 'fitness': 0.7677488420900678, 'generation': 639}","{'id': 35089, 'rank': 12, 'fitness': 0.6971160287956001, 'generation': 639}","{'id': 35261, 'rank': 13, 'fitness': 0.6448016610230748, 'generation': 639}","{'id': 35226, 'rank': 14, 'fitness': 0.49667921702876733, 'generation': 639}","{'id': 35251, 'rank': 15, 'fitness': 0.43944412624147006, 'generation': 639}","{'id': 35164, 'rank': 16, 'fitness': 0.43684091078035514, 'generation': 639}","{'id': 35169, 'rank': 17, 'fitness': 0.38133546381503786, 'generation': 639}","{'id': 35169, 'rank': 18, 'fitness': 0.38133546381503786, 'generation': 639}","{'id': 35225, 'rank': 19, 'fitness': 0.300590437091709, 'generation': 639}","{'id': 35188, 'rank': 20, 'fitness': 0.21994441203773912, 'generation': 639}","{'id': 35100, 'rank': 21, 'fitness': 0.18176167833862755, 'generation': 639}","{'id': 35274, 'rank': 22, 'fitness': 0.14230018408680628, 'generation': 639}","{'id': 35274, 'rank': 23, 'fitness': 0.14230018408680628, 'generation': 639}","{'id': 35272, 'rank': 24, 'fitness': 0.1375947589245568, 'generation': 639}","{'id': 35275, 'rank': 25, 'fitness': 0.04284140317604046, 'generation': 639}","{'id': 35190, 'rank': 26, 'fitness': 0.0341296723035846, 'generation': 639}","{'id': 35190, 'rank': 27, 'fitness': 0.0341296723035846, 'generation': 639}","{'id': 35183, 'rank': 28, 'fitness': 0.031150209752864866, 'generation': 639}","{'id': 35231, 'rank': 29, 'fitness': 0.02614819210701602, 'generation': 639}","{'id': 35270, 'rank': 30, 'fitness': 0.01798620996209155, 'generation': 639}"
"{'id': 35339, 'rank': 1, 'fitness': 0.9820137900379085, 'generation': 640}","{'id': 35339, 'rank': 2, 'fitness': 0.9820137900379085, 'generation': 640}","{'id': 34933, 'rank': 3, 'fitness': 0.9739986152478699, 'generation': 640}","{'id': 34933, 'rank': 4, 'fitness': 0.9739986152478699, 'generation': 640}","{'id': 35248, 'rank': 5, 'fitness': 0.9716558382610668, 'generation': 640}","{'id': 35319, 'rank': 6, 'fitness': 0.9663561285057172, 'generation': 640}","{'id': 35319, 'rank': 7, 'fitness': 0.9663561285057172, 'generation': 640}","{'id': 35161, 'rank': 8, 'fitness': 0.963518665866931, 'generation': 640}","{'id': 35334, 'rank': 9, 'fitness': 0.9436698971870681, 'generation': 640}","{'id': 35313, 'rank': 10, 'fitness': 0.9373446123492193, 'generation': 640}","{'id': 35290, 'rank': 11, 'fitness': 0.8782467674334324, 'generation': 640}","{'id': 35290, 'rank': 12, 'fitness': 0.8782467674334324, 'generation': 640}","{'id': 35089, 'rank': 13, 'fitness': 0.8536561828996387, 'generation': 640}","{'id': 35322, 'rank': 14, 'fitness': 0.8431898799535021, 'generation': 640}","{'id': 35322, 'rank': 15, 'fitness': 0.8431898799535021, 'generation': 640}","{'id': 35322, 'rank': 16, 'fitness': 0.8431898799535021, 'generation': 640}","{'id': 35328, 'rank': 17, 'fitness': 0.7176800387463964, 'generation': 640}","{'id': 35282, 'rank': 18, 'fitness': 0.695510657306349, 'generation': 640}","{'id': 35295, 'rank': 19, 'fitness': 0.5229115248585808, 'generation': 640}","{'id': 35188, 'rank': 20, 'fitness': 0.33857500959015996, 'generation': 640}","{'id': 35274, 'rank': 21, 'fitness': 0.2168284345794521, 'generation': 640}","{'id': 35331, 'rank': 22, 'fitness': 0.19004668933218616, 'generation': 640}","{'id': 35331, 'rank': 23, 'fitness': 0.19004668933218616, 'generation': 640}","{'id': 35304, 'rank': 24, 'fitness': 0.171381516783017, 'generation': 640}","{'id': 35332, 'rank': 25, 'fitness': 0.05845532339912979, 'generation': 640}","{'id': 35335, 'rank': 26, 'fitness': 0.05367830099573495, 'generation': 640}","{'id': 35190, 'rank': 27, 'fitness': 0.04408535517182205, 'generation': 640}","{'id': 35297, 'rank': 28, 'fitness': 0.04205419484478462, 'generation': 640}","{'id': 35308, 'rank': 29, 'fitness': 0.040611566674733646, 'generation': 640}","{'id': 35305, 'rank': 30, 'fitness': 0.01798620996209155, 'generation': 640}"
"{'id': 35397, 'rank': 1, 'fitness': 0.9820137900379085, 'generation': 641}","{'id': 34933, 'rank': 2, 'fitness': 0.8462915302256053, 'generation': 641}","{'id': 35380, 'rank': 3, 'fitness': 0.8412320095296238, 'generation': 641}","{'id': 35380, 'rank': 4, 'fitness': 0.8412320095296238, 'generation': 641}","{'id': 35319, 'rank': 5, 'fitness': 0.8156607196581525, 'generation': 641}","{'id': 35391, 'rank': 6, 'fitness': 0.7406705600973056, 'generation': 641}","{'id': 35313, 'rank': 7, 'fitness': 0.7211758031681167, 'generation': 641}","{'id': 35371, 'rank': 8, 'fitness': 0.6630377151305893, 'generation': 641}","{'id': 35290, 'rank': 9, 'fitness': 0.586584278793033, 'generation': 641}","{'id': 35290, 'rank': 10, 'fitness': 0.586584278793033, 'generation': 641}","{'id': 35290, 'rank': 11, 'fitness': 0.586584278793033, 'generation': 641}","{'id': 35322, 'rank': 12, 'fitness': 0.5269867058051608, 'generation': 641}","{'id': 35360, 'rank': 13, 'fitness': 0.23240637364382954, 'generation': 641}","{'id': 35360, 'rank': 14, 'fitness': 0.23240637364382954, 'generation': 641}","{'id': 35360, 'rank': 15, 'fitness': 0.23240637364382954, 'generation': 641}","{'id': 35360, 'rank': 16, 'fitness': 0.23240637364382954, 'generation': 641}","{'id': 35295, 'rank': 17, 'fitness': 0.23128480965710457, 'generation': 641}","{'id': 35381, 'rank': 18, 'fitness': 0.19863657940501528, 'generation': 641}","{'id': 35381, 'rank': 19, 'fitness': 0.19863657940501528, 'generation': 641}","{'id': 35370, 'rank': 20, 'fitness': 0.1584906954854246, 'generation': 641}","{'id': 35188, 'rank': 21, 'fitness': 0.13850538144000196, 'generation': 641}","{'id': 35364, 'rank': 22, 'fitness': 0.0830260424380529, 'generation': 641}","{'id': 35365, 'rank': 23, 'fitness': 0.082709589159501, 'generation': 641}","{'id': 35331, 'rank': 24, 'fitness': 0.07799999275426295, 'generation': 641}","{'id': 35378, 'rank': 25, 'fitness': 0.030592327645822315, 'generation': 641}","{'id': 35378, 'rank': 26, 'fitness': 0.030592327645822315, 'generation': 641}","{'id': 35332, 'rank': 27, 'fitness': 0.02753937399026779, 'generation': 641}","{'id': 35384, 'rank': 28, 'fitness': 0.021944072206345033, 'generation': 641}","{'id': 35369, 'rank': 29, 'fitness': 0.01798620996209155, 'generation': 641}","{'id': 35369, 'rank': 30, 'fitness': 0.01798620996209155, 'generation': 641}"
"{'id': 35409, 'rank': 1, 'fitness': 0.9820137900379085, 'generation': 642}","{'id': 34933, 'rank': 2, 'fitness': 0.9809179147432454, 'generation': 642}","{'id': 35380, 'rank': 3, 'fitness': 0.9798243268696409, 'generation': 642}","{'id': 35406, 'rank': 4, 'fitness': 0.9783486241315702, 'generation': 642}","{'id': 35407, 'rank': 5, 'fitness': 0.9650095085349653, 'generation': 642}","{'id': 35391, 'rank': 6, 'fitness': 0.9510939363017473, 'generation': 642}","{'id': 35313, 'rank': 7, 'fitness': 0.9437930487663486, 'generation': 642}","{'id': 35371, 'rank': 8, 'fitness': 0.9180326389107015, 'generation': 642}","{'id': 35371, 'rank': 9, 'fitness': 0.9180326389107015, 'generation': 642}","{'id': 35290, 'rank': 10, 'fitness': 0.8734308885212319, 'generation': 642}","{'id': 35290, 'rank': 11, 'fitness': 0.8734308885212319, 'generation': 642}","{'id': 35290, 'rank': 12, 'fitness': 0.8734308885212319, 'generation': 642}","{'id': 35405, 'rank': 13, 'fitness': 0.8487873936406608, 'generation': 642}","{'id': 35405, 'rank': 14, 'fitness': 0.8487873936406608, 'generation': 642}","{'id': 35322, 'rank': 15, 'fitness': 0.8282860081491823, 'generation': 642}","{'id': 35322, 'rank': 16, 'fitness': 0.8282860081491823, 'generation': 642}","{'id': 35408, 'rank': 17, 'fitness': 0.7966678434736388, 'generation': 642}","{'id': 35435, 'rank': 18, 'fitness': 0.6278221547159701, 'generation': 642}","{'id': 35435, 'rank': 19, 'fitness': 0.6278221547159701, 'generation': 642}","{'id': 35426, 'rank': 20, 'fitness': 0.44133790267711015, 'generation': 642}","{'id': 35426, 'rank': 21, 'fitness': 0.44133790267711015, 'generation': 642}","{'id': 35428, 'rank': 22, 'fitness': 0.42340344162534604, 'generation': 642}","{'id': 35428, 'rank': 23, 'fitness': 0.42340344162534604, 'generation': 642}","{'id': 35360, 'rank': 24, 'fitness': 0.4119515762807153, 'generation': 642}","{'id': 35381, 'rank': 25, 'fitness': 0.34249591820959635, 'generation': 642}","{'id': 35370, 'rank': 26, 'fitness': 0.25750881950340415, 'generation': 642}","{'id': 35188, 'rank': 27, 'fitness': 0.2152894561877302, 'generation': 642}","{'id': 35378, 'rank': 28, 'fitness': 0.024019047831813967, 'generation': 642}","{'id': 35421, 'rank': 29, 'fitness': 0.018560331476260183, 'generation': 642}","{'id': 35427, 'rank': 30, 'fitness': 0.01798620996209155, 'generation': 642}"
"{'id': 35481, 'rank': 1, 'fitness': 0.9820137900379085, 'generation': 643}","{'id': 35481, 'rank': 2, 'fitness': 0.9820137900379085, 'generation': 643}","{'id': 35501, 'rank': 3, 'fitness': 0.9674801832097494, 'generation': 643}","{'id': 35501, 'rank': 4, 'fitness': 0.9674801832097494, 'generation': 643}","{'id': 35391, 'rank': 5, 'fitness': 0.9656221215704486, 'generation': 643}","{'id': 35476, 'rank': 6, 'fitness': 0.9640685385367546, 'generation': 643}","{'id': 35313, 'rank': 7, 'fitness': 0.9610908191204792, 'generation': 643}","{'id': 35290, 'rank': 8, 'fitness': 0.9189806155776274, 'generation': 643}","{'id': 35405, 'rank': 9, 'fitness': 0.9044630893779337, 'generation': 643}","{'id': 35405, 'rank': 10, 'fitness': 0.9044630893779337, 'generation': 643}","{'id': 35322, 'rank': 11, 'fitness': 0.8923671841507359, 'generation': 643}","{'id': 35465, 'rank': 12, 'fitness': 0.7958069209512045, 'generation': 643}","{'id': 35435, 'rank': 13, 'fitness': 0.7677439078788146, 'generation': 643}","{'id': 35435, 'rank': 14, 'fitness': 0.7677439078788146, 'generation': 643}","{'id': 35502, 'rank': 15, 'fitness': 0.760974638259827, 'generation': 643}","{'id': 35426, 'rank': 16, 'fitness': 0.6298707402709045, 'generation': 643}","{'id': 35360, 'rank': 17, 'fitness': 0.6050348308233504, 'generation': 643}","{'id': 35454, 'rank': 18, 'fitness': 0.5417908357729253, 'generation': 643}","{'id': 35381, 'rank': 19, 'fitness': 0.5416963316350636, 'generation': 643}","{'id': 35381, 'rank': 20, 'fitness': 0.5416963316350636, 'generation': 643}","{'id': 35494, 'rank': 21, 'fitness': 0.4903335735385278, 'generation': 643}","{'id': 35498, 'rank': 22, 'fitness': 0.45748710179915747, 'generation': 643}","{'id': 35477, 'rank': 23, 'fitness': 0.44579057957964957, 'generation': 643}","{'id': 35445, 'rank': 24, 'fitness': 0.2768921708175732, 'generation': 643}","{'id': 35500, 'rank': 25, 'fitness': 0.24688780663476673, 'generation': 643}","{'id': 35500, 'rank': 26, 'fitness': 0.24688780663476673, 'generation': 643}","{'id': 35463, 'rank': 27, 'fitness': 0.1048152595613196, 'generation': 643}","{'id': 35479, 'rank': 28, 'fitness': 0.05762831808049257, 'generation': 643}","{'id': 35489, 'rank': 29, 'fitness': 0.027176459269396214, 'generation': 643}","{'id': 35464, 'rank': 30, 'fitness': 0.01798620996209155, 'generation': 643}"
"{'id': 35481, 'rank': 1, 'fitness': 0.9820137900379085, 'generation': 644}","{'id': 35481, 'rank': 2, 'fitness': 0.9820137900379085, 'generation': 644}","{'id': 35313, 'rank': 3, 'fitness': 0.963622310225704, 'generation': 644}","{'id': 35516, 'rank': 4, 'fitness': 0.9579445859505007, 'generation': 644}","{'id': 35520, 'rank': 5, 'fitness': 0.950720628031912, 'generation': 644}","{'id': 35290, 'rank': 6, 'fitness': 0.9287121946630286, 'generation': 644}","{'id': 35512, 'rank': 7, 'fitness': 0.8977957362022605, 'generation': 644}","{'id': 35435, 'rank': 8, 'fitness': 0.808884681168797, 'generation': 644}","{'id': 35435, 'rank': 9, 'fitness': 0.808884681168797, 'generation': 644}","{'id': 35435, 'rank': 10, 'fitness': 0.808884681168797, 'generation': 644}","{'id': 35503, 'rank': 11, 'fitness': 0.7716568758669022, 'generation': 644}","{'id': 35426, 'rank': 12, 'fitness': 0.6979054162503191, 'generation': 644}","{'id': 35553, 'rank': 13, 'fitness': 0.6360474534350348, 'generation': 644}","{'id': 35454, 'rank': 14, 'fitness': 0.6237101235905116, 'generation': 644}","{'id': 35454, 'rank': 15, 'fitness': 0.6237101235905116, 'generation': 644}","{'id': 35498, 'rank': 16, 'fitness': 0.5491159943585336, 'generation': 644}","{'id': 35513, 'rank': 17, 'fitness': 0.5280113467138157, 'generation': 644}","{'id': 35505, 'rank': 18, 'fitness': 0.35274871108684375, 'generation': 644}","{'id': 35505, 'rank': 19, 'fitness': 0.35274871108684375, 'generation': 644}","{'id': 35535, 'rank': 20, 'fitness': 0.33016955439640594, 'generation': 644}","{'id': 35535, 'rank': 21, 'fitness': 0.33016955439640594, 'generation': 644}","{'id': 35463, 'rank': 22, 'fitness': 0.1675268157259917, 'generation': 644}","{'id': 35479, 'rank': 23, 'fitness': 0.10014953763219053, 'generation': 644}","{'id': 35552, 'rank': 24, 'fitness': 0.061766846781856566, 'generation': 644}","{'id': 35564, 'rank': 25, 'fitness': 0.04466610441079111, 'generation': 644}","{'id': 35564, 'rank': 26, 'fitness': 0.04466610441079111, 'generation': 644}","{'id': 35559, 'rank': 27, 'fitness': 0.04183560948720827, 'generation': 644}","{'id': 35528, 'rank': 28, 'fitness': 0.03762838961197429, 'generation': 644}","{'id': 35507, 'rank': 29, 'fitness': 0.0273727911567489, 'generation': 644}","{'id': 35569, 'rank': 30, 'fitness': 0.01798620996209155, 'generation': 644}"
"{'id': 35599, 'rank': 1, 'fitness': 0.9820137900379085, 'generation': 645}","{'id': 35599, 'rank': 2, 'fitness': 0.9820137900379085, 'generation': 645}","{'id': 35481, 'rank': 3, 'fitness': 0.7964925443479149, 'generation': 645}","{'id': 35481, 'rank': 4, 'fitness': 0.7964925443479149, 'generation': 645}","{'id': 35612, 'rank': 5, 'fitness': 0.753046558472541, 'generation': 645}","{'id': 35313, 'rank': 6, 'fitness': 0.7060477092732628, 'generation': 645}","{'id': 35520, 'rank': 7, 'fitness': 0.6597651871301761, 'generation': 645}","{'id': 35583, 'rank': 8, 'fitness': 0.6453809954712277, 'generation': 645}","{'id': 35290, 'rank': 9, 'fitness': 0.5980116511939257, 'generation': 645}","{'id': 35587, 'rank': 10, 'fitness': 0.5758976205291283, 'generation': 645}","{'id': 35608, 'rank': 11, 'fitness': 0.5626947984781081, 'generation': 645}","{'id': 35630, 'rank': 12, 'fitness': 0.5371994761870078, 'generation': 645}","{'id': 35426, 'rank': 13, 'fitness': 0.316369941429512, 'generation': 645}","{'id': 35581, 'rank': 14, 'fitness': 0.31607863379053475, 'generation': 645}","{'id': 35614, 'rank': 15, 'fitness': 0.22199509135800954, 'generation': 645}","{'id': 35614, 'rank': 16, 'fitness': 0.22199509135800954, 'generation': 645}","{'id': 35513, 'rank': 17, 'fitness': 0.22096467196939923, 'generation': 645}","{'id': 35602, 'rank': 18, 'fitness': 0.21042202970309548, 'generation': 645}","{'id': 35505, 'rank': 19, 'fitness': 0.14861243881228425, 'generation': 645}","{'id': 35505, 'rank': 20, 'fitness': 0.14861243881228425, 'generation': 645}","{'id': 35617, 'rank': 21, 'fitness': 0.14296301167784725, 'generation': 645}","{'id': 35588, 'rank': 22, 'fitness': 0.10007585054930201, 'generation': 645}","{'id': 35588, 'rank': 23, 'fitness': 0.10007585054930201, 'generation': 645}","{'id': 35618, 'rank': 24, 'fitness': 0.09305091373196717, 'generation': 645}","{'id': 35582, 'rank': 25, 'fitness': 0.08459655435794144, 'generation': 645}","{'id': 35582, 'rank': 26, 'fitness': 0.08459655435794144, 'generation': 645}","{'id': 35463, 'rank': 27, 'fitness': 0.08180396036552773, 'generation': 645}","{'id': 35589, 'rank': 28, 'fitness': 0.07071868578410173, 'generation': 645}","{'id': 35624, 'rank': 29, 'fitness': 0.03633543033412001, 'generation': 645}","{'id': 35584, 'rank': 30, 'fitness': 0.01798620996209155, 'generation': 645}"
"{'id': 35599, 'rank': 1, 'fitness': 0.9820137900379085, 'generation': 646}","{'id': 35636, 'rank': 2, 'fitness': 0.9181987013071453, 'generation': 646}","{'id': 35313, 'rank': 3, 'fitness': 0.6629940397695381, 'generation': 646}","{'id': 35652, 'rank': 4, 'fitness': 0.6124869703059015, 'generation': 646}","{'id': 35669, 'rank': 5, 'fitness': 0.551803165035371, 'generation': 646}","{'id': 35290, 'rank': 6, 'fitness': 0.5416470604280036, 'generation': 646}","{'id': 35587, 'rank': 7, 'fitness': 0.5174712486776277, 'generation': 646}","{'id': 35608, 'rank': 8, 'fitness': 0.5031558674263377, 'generation': 646}","{'id': 35630, 'rank': 9, 'fitness': 0.4757708426986673, 'generation': 646}","{'id': 35660, 'rank': 10, 'fitness': 0.41025103174138655, 'generation': 646}","{'id': 35662, 'rank': 11, 'fitness': 0.4085580137990966, 'generation': 646}","{'id': 35662, 'rank': 12, 'fitness': 0.4085580137990966, 'generation': 646}","{'id': 35649, 'rank': 13, 'fitness': 0.3709052634983855, 'generation': 646}","{'id': 35672, 'rank': 14, 'fitness': 0.28045197582836484, 'generation': 646}","{'id': 35663, 'rank': 15, 'fitness': 0.2731325094021826, 'generation': 646}","{'id': 35581, 'rank': 16, 'fitness': 0.25411907055186495, 'generation': 646}","{'id': 35671, 'rank': 17, 'fitness': 0.23051513107109978, 'generation': 646}","{'id': 35661, 'rank': 18, 'fitness': 0.19879051669851372, 'generation': 646}","{'id': 35641, 'rank': 19, 'fitness': 0.18541405605036992, 'generation': 646}","{'id': 35614, 'rank': 20, 'fitness': 0.16941177587377204, 'generation': 646}","{'id': 35651, 'rank': 21, 'fitness': 0.159420778475859, 'generation': 646}","{'id': 35642, 'rank': 22, 'fitness': 0.15382579516982442, 'generation': 646}","{'id': 35642, 'rank': 23, 'fitness': 0.15382579516982442, 'generation': 646}","{'id': 35654, 'rank': 24, 'fitness': 0.15138252635441174, 'generation': 646}","{'id': 35654, 'rank': 25, 'fitness': 0.15138252635441174, 'generation': 646}","{'id': 35665, 'rank': 26, 'fitness': 0.1377553904487172, 'generation': 646}","{'id': 35617, 'rank': 27, 'fitness': 0.103315104404332, 'generation': 646}","{'id': 35648, 'rank': 28, 'fitness': 0.08286251605189837, 'generation': 646}","{'id': 35582, 'rank': 29, 'fitness': 0.057908746973037495, 'generation': 646}","{'id': 35673, 'rank': 30, 'fitness': 0.01798620996209155, 'generation': 646}"
"{'id': 35636, 'rank': 1, 'fitness': 0.9820137900379085, 'generation': 647}","{'id': 35688, 'rank': 2, 'fitness': 0.8952499146960864, 'generation': 647}","{'id': 35719, 'rank': 3, 'fitness': 0.8898849159661566, 'generation': 647}","{'id': 35690, 'rank': 4, 'fitness': 0.8419025624167904, 'generation': 647}","{'id': 35690, 'rank': 5, 'fitness': 0.8419025624167904, 'generation': 647}","{'id': 35718, 'rank': 6, 'fitness': 0.6815827602456894, 'generation': 647}","{'id': 35718, 'rank': 7, 'fitness': 0.6815827602456894, 'generation': 647}","{'id': 35652, 'rank': 8, 'fitness': 0.667780001750457, 'generation': 647}","{'id': 35694, 'rank': 9, 'fitness': 0.6277608425805637, 'generation': 647}","{'id': 35290, 'rank': 10, 'fitness': 0.5519015573142597, 'generation': 647}","{'id': 35717, 'rank': 11, 'fitness': 0.5026447660012605, 'generation': 647}","{'id': 35608, 'rank': 12, 'fitness': 0.48709784015069163, 'generation': 647}","{'id': 35630, 'rank': 13, 'fitness': 0.44121102841774124, 'generation': 647}","{'id': 35672, 'rank': 14, 'fitness': 0.15977797637949448, 'generation': 647}","{'id': 35689, 'rank': 15, 'fitness': 0.13362708775042564, 'generation': 647}","{'id': 35689, 'rank': 16, 'fitness': 0.13362708775042564, 'generation': 647}","{'id': 35581, 'rank': 17, 'fitness': 0.1316448729669517, 'generation': 647}","{'id': 35707, 'rank': 18, 'fitness': 0.11555280396023859, 'generation': 647}","{'id': 35707, 'rank': 19, 'fitness': 0.11555280396023859, 'generation': 647}","{'id': 35707, 'rank': 20, 'fitness': 0.11555280396023859, 'generation': 647}","{'id': 35711, 'rank': 21, 'fitness': 0.08196235161153381, 'generation': 647}","{'id': 35711, 'rank': 22, 'fitness': 0.08196235161153381, 'generation': 647}","{'id': 35661, 'rank': 23, 'fitness': 0.08161504901944572, 'generation': 647}","{'id': 35641, 'rank': 24, 'fitness': 0.07137079324706697, 'generation': 647}","{'id': 35665, 'rank': 25, 'fitness': 0.04062025447642331, 'generation': 647}","{'id': 35665, 'rank': 26, 'fitness': 0.04062025447642331, 'generation': 647}","{'id': 35684, 'rank': 27, 'fitness': 0.02483961828422726, 'generation': 647}","{'id': 35715, 'rank': 28, 'fitness': 0.022530666915646702, 'generation': 647}","{'id': 35708, 'rank': 29, 'fitness': 0.018769254871041585, 'generation': 647}","{'id': 35710, 'rank': 30, 'fitness': 0.01798620996209155, 'generation': 647}"
"{'id': 35636, 'rank': 1, 'fitness': 0.9820137900379085, 'generation': 648}","{'id': 35721, 'rank': 2, 'fitness': 0.9619037935807141, 'generation': 648}","{'id': 35721, 'rank': 3, 'fitness': 0.9619037935807141, 'generation': 648}","{'id': 35721, 'rank': 4, 'fitness': 0.9619037935807141, 'generation': 648}","{'id': 35688, 'rank': 5, 'fitness': 0.9145145928782741, 'generation': 648}","{'id': 35688, 'rank': 6, 'fitness': 0.9145145928782741, 'generation': 648}","{'id': 35740, 'rank': 7, 'fitness': 0.7754720265023087, 'generation': 648}","{'id': 35694, 'rank': 8, 'fitness': 0.7198324430402003, 'generation': 648}","{'id': 35762, 'rank': 9, 'fitness': 0.7063435129230999, 'generation': 648}","{'id': 35762, 'rank': 10, 'fitness': 0.7063435129230999, 'generation': 648}","{'id': 35762, 'rank': 11, 'fitness': 0.7063435129230999, 'generation': 648}","{'id': 35762, 'rank': 12, 'fitness': 0.7063435129230999, 'generation': 648}","{'id': 35725, 'rank': 13, 'fitness': 0.6928585775003753, 'generation': 648}","{'id': 35746, 'rank': 14, 'fitness': 0.6916895606770161, 'generation': 648}","{'id': 35761, 'rank': 15, 'fitness': 0.656247170661166, 'generation': 648}","{'id': 35724, 'rank': 16, 'fitness': 0.6465353153071858, 'generation': 648}","{'id': 35756, 'rank': 17, 'fitness': 0.46816266422297015, 'generation': 648}","{'id': 35735, 'rank': 18, 'fitness': 0.3214324827645725, 'generation': 648}","{'id': 35723, 'rank': 19, 'fitness': 0.23814864743885006, 'generation': 648}","{'id': 35707, 'rank': 20, 'fitness': 0.2134009095300144, 'generation': 648}","{'id': 35661, 'rank': 21, 'fitness': 0.16202234398665427, 'generation': 648}","{'id': 35641, 'rank': 22, 'fitness': 0.14543125913509758, 'generation': 648}","{'id': 35641, 'rank': 23, 'fitness': 0.14543125913509758, 'generation': 648}","{'id': 35749, 'rank': 24, 'fitness': 0.1099810036149933, 'generation': 648}","{'id': 35757, 'rank': 25, 'fitness': 0.10198508874307505, 'generation': 648}","{'id': 35736, 'rank': 26, 'fitness': 0.09793116208915781, 'generation': 648}","{'id': 35765, 'rank': 27, 'fitness': 0.05538679472626562, 'generation': 648}","{'id': 35759, 'rank': 28, 'fitness': 0.04352895368759058, 'generation': 648}","{'id': 35748, 'rank': 29, 'fitness': 0.025623945282600702, 'generation': 648}","{'id': 35764, 'rank': 30, 'fitness': 0.01798620996209155, 'generation': 648}"
"{'id': 35773, 'rank': 1, 'fitness': 0.9820137900379085, 'generation': 649}","{'id': 35772, 'rank': 2, 'fitness': 0.9114927896103004, 'generation': 649}","{'id': 35772, 'rank': 3, 'fitness': 0.9114927896103004, 'generation': 649}","{'id': 35774, 'rank': 4, 'fitness': 0.858738966075132, 'generation': 649}","{'id': 35774, 'rank': 5, 'fitness': 0.858738966075132, 'generation': 649}","{'id': 35825, 'rank': 6, 'fitness': 0.7299397737746711, 'generation': 649}","{'id': 35825, 'rank': 7, 'fitness': 0.7299397737746711, 'generation': 649}","{'id': 35740, 'rank': 8, 'fitness': 0.7264657432659785, 'generation': 649}","{'id': 35769, 'rank': 9, 'fitness': 0.6963817517021671, 'generation': 649}","{'id': 35725, 'rank': 10, 'fitness': 0.6670958118293164, 'generation': 649}","{'id': 35725, 'rank': 11, 'fitness': 0.6670958118293164, 'generation': 649}","{'id': 35746, 'rank': 12, 'fitness': 0.6662894105340577, 'generation': 649}","{'id': 35761, 'rank': 13, 'fitness': 0.6421493486240053, 'generation': 649}","{'id': 35775, 'rank': 14, 'fitness': 0.5788774738636381, 'generation': 649}","{'id': 35807, 'rank': 15, 'fitness': 0.45074517707857814, 'generation': 649}","{'id': 35807, 'rank': 16, 'fitness': 0.45074517707857814, 'generation': 649}","{'id': 35723, 'rank': 17, 'fitness': 0.3516243006243921, 'generation': 649}","{'id': 35793, 'rank': 18, 'fitness': 0.31177283541724443, 'generation': 649}","{'id': 35641, 'rank': 19, 'fitness': 0.26619681052163746, 'generation': 649}","{'id': 35781, 'rank': 20, 'fitness': 0.2387303954165354, 'generation': 649}","{'id': 35757, 'rank': 21, 'fitness': 0.2172982740309013, 'generation': 649}","{'id': 35798, 'rank': 22, 'fitness': 0.21623421971954448, 'generation': 649}","{'id': 35736, 'rank': 23, 'fitness': 0.21227221552146697, 'generation': 649}","{'id': 35789, 'rank': 24, 'fitness': 0.1887595017442757, 'generation': 649}","{'id': 35822, 'rank': 25, 'fitness': 0.11251280842538497, 'generation': 649}","{'id': 35784, 'rank': 26, 'fitness': 0.08228290132461036, 'generation': 649}","{'id': 35764, 'rank': 27, 'fitness': 0.07669492050146509, 'generation': 649}","{'id': 35816, 'rank': 28, 'fitness': 0.05278002337950949, 'generation': 649}","{'id': 35778, 'rank': 29, 'fitness': 0.04097463000389212, 'generation': 649}","{'id': 35787, 'rank': 30, 'fitness': 0.01798620996209155, 'generation': 649}"
"{'id': 35772, 'rank': 1, 'fitness': 0.9820137900379085, 'generation': 650}","{'id': 35772, 'rank': 2, 'fitness': 0.9820137900379085, 'generation': 650}","{'id': 35829, 'rank': 3, 'fitness': 0.9357490624053486, 'generation': 650}","{'id': 35847, 'rank': 4, 'fitness': 0.9061916676454695, 'generation': 650}","{'id': 35881, 'rank': 5, 'fitness': 0.8617743575327003, 'generation': 650}","{'id': 35881, 'rank': 6, 'fitness': 0.8617743575327003, 'generation': 650}","{'id': 35769, 'rank': 7, 'fitness': 0.8364216019398591, 'generation': 650}","{'id': 35840, 'rank': 8, 'fitness': 0.8278728383136092, 'generation': 650}","{'id': 35840, 'rank': 9, 'fitness': 0.8278728383136092, 'generation': 650}","{'id': 35725, 'rank': 10, 'fitness': 0.8051653339597324, 'generation': 650}","{'id': 35863, 'rank': 11, 'fitness': 0.5568044919219294, 'generation': 650}","{'id': 35807, 'rank': 12, 'fitness': 0.5028052496093367, 'generation': 650}","{'id': 35882, 'rank': 13, 'fitness': 0.467494292252744, 'generation': 650}","{'id': 35882, 'rank': 14, 'fitness': 0.467494292252744, 'generation': 650}","{'id': 35835, 'rank': 15, 'fitness': 0.425867274842957, 'generation': 650}","{'id': 35836, 'rank': 16, 'fitness': 0.2688329442283725, 'generation': 650}","{'id': 35836, 'rank': 17, 'fitness': 0.2688329442283725, 'generation': 650}","{'id': 35641, 'rank': 18, 'fitness': 0.21823280113482235, 'generation': 650}","{'id': 35641, 'rank': 19, 'fitness': 0.21823280113482235, 'generation': 650}","{'id': 35851, 'rank': 20, 'fitness': 0.20398104630336333, 'generation': 650}","{'id': 35736, 'rank': 21, 'fitness': 0.14871134734400387, 'generation': 650}","{'id': 35736, 'rank': 22, 'fitness': 0.14871134734400387, 'generation': 650}","{'id': 35837, 'rank': 23, 'fitness': 0.14319370588427133, 'generation': 650}","{'id': 35834, 'rank': 24, 'fitness': 0.12862080550689392, 'generation': 650}","{'id': 35855, 'rank': 25, 'fitness': 0.07563141334876677, 'generation': 650}","{'id': 35855, 'rank': 26, 'fitness': 0.07563141334876677, 'generation': 650}","{'id': 35871, 'rank': 27, 'fitness': 0.03197524350539538, 'generation': 650}","{'id': 35874, 'rank': 28, 'fitness': 0.023582067159871156, 'generation': 650}","{'id': 35839, 'rank': 29, 'fitness': 0.01873238265456556, 'generation': 650}","{'id': 35850, 'rank': 30, 'fitness': 0.01798620996209155, 'generation': 650}"
"{'id': 35905, 'rank': 1, 'fitness': 0.9820137900379085, 'generation': 651}","{'id': 35905, 'rank': 2, 'fitness': 0.9820137900379085, 'generation': 651}","{'id': 35905, 'rank': 3, 'fitness': 0.9820137900379085, 'generation': 651}","{'id': 35929, 'rank': 4, 'fitness': 0.8954662577721575, 'generation': 651}","{'id': 35772, 'rank': 5, 'fitness': 0.8924357637571625, 'generation': 651}","{'id': 35829, 'rank': 6, 'fitness': 0.746169376215831, 'generation': 651}","{'id': 35881, 'rank': 7, 'fitness': 0.6015912566278502, 'generation': 651}","{'id': 35881, 'rank': 8, 'fitness': 0.6015912566278502, 'generation': 651}","{'id': 35881, 'rank': 9, 'fitness': 0.6015912566278502, 'generation': 651}","{'id': 35769, 'rank': 10, 'fitness': 0.5637572101538169, 'generation': 651}","{'id': 35898, 'rank': 11, 'fitness': 0.44280338167588484, 'generation': 651}","{'id': 35918, 'rank': 12, 'fitness': 0.3565348877755947, 'generation': 651}","{'id': 35863, 'rank': 13, 'fitness': 0.3003379456664844, 'generation': 651}","{'id': 35863, 'rank': 14, 'fitness': 0.3003379456664844, 'generation': 651}","{'id': 35912, 'rank': 15, 'fitness': 0.2621204609864425, 'generation': 651}","{'id': 35882, 'rank': 16, 'fitness': 0.24469543973531654, 'generation': 651}","{'id': 35922, 'rank': 17, 'fitness': 0.18167756841383131, 'generation': 651}","{'id': 35928, 'rank': 18, 'fitness': 0.16371936365265682, 'generation': 651}","{'id': 35928, 'rank': 19, 'fitness': 0.16371936365265682, 'generation': 651}","{'id': 35836, 'rank': 20, 'fitness': 0.14057913742024686, 'generation': 651}","{'id': 35904, 'rank': 21, 'fitness': 0.08921690291515011, 'generation': 651}","{'id': 35736, 'rank': 22, 'fitness': 0.08356884003842824, 'generation': 651}","{'id': 35736, 'rank': 23, 'fitness': 0.08356884003842824, 'generation': 651}","{'id': 35911, 'rank': 24, 'fitness': 0.08213078908376664, 'generation': 651}","{'id': 35907, 'rank': 25, 'fitness': 0.05626165570437758, 'generation': 651}","{'id': 35897, 'rank': 26, 'fitness': 0.03968760266330168, 'generation': 651}","{'id': 35903, 'rank': 27, 'fitness': 0.023238270246351056, 'generation': 651}","{'id': 35874, 'rank': 28, 'fitness': 0.018920102520383175, 'generation': 651}","{'id': 35874, 'rank': 29, 'fitness': 0.018920102520383175, 'generation': 651}","{'id': 35917, 'rank': 30, 'fitness': 0.01798620996209155, 'generation': 651}"
"{'id': 35905, 'rank': 1, 'fitness': 0.9820137900379085, 'generation': 652}","{'id': 35905, 'rank': 2, 'fitness': 0.9820137900379085, 'generation': 652}","{'id': 35929, 'rank': 3, 'fitness': 0.8989453255217681, 'generation': 652}","{'id': 35929, 'rank': 4, 'fitness': 0.8989453255217681, 'generation': 652}","{'id': 35881, 'rank': 5, 'fitness': 0.6189703121235727, 'generation': 652}","{'id': 35881, 'rank': 6, 'fitness': 0.6189703121235727, 'generation': 652}","{'id': 35975, 'rank': 7, 'fitness': 0.5279797561075905, 'generation': 652}","{'id': 35981, 'rank': 8, 'fitness': 0.4512890584003539, 'generation': 652}","{'id': 35967, 'rank': 9, 'fitness': 0.4501079938875173, 'generation': 652}","{'id': 35918, 'rank': 10, 'fitness': 0.3782611569352294, 'generation': 652}","{'id': 35863, 'rank': 11, 'fitness': 0.32147761563321464, 'generation': 652}","{'id': 35863, 'rank': 12, 'fitness': 0.32147761563321464, 'generation': 652}","{'id': 35983, 'rank': 13, 'fitness': 0.30141309290442203, 'generation': 652}","{'id': 35912, 'rank': 14, 'fitness': 0.28243373364205526, 'generation': 652}","{'id': 35930, 'rank': 15, 'fitness': 0.27767865995643815, 'generation': 652}","{'id': 35965, 'rank': 16, 'fitness': 0.23003825670911993, 'generation': 652}","{'id': 35939, 'rank': 17, 'fitness': 0.21192899170512414, 'generation': 652}","{'id': 35922, 'rank': 18, 'fitness': 0.19894619648209189, 'generation': 652}","{'id': 35922, 'rank': 19, 'fitness': 0.19894619648209189, 'generation': 652}","{'id': 35928, 'rank': 20, 'fitness': 0.18003370470215785, 'generation': 652}","{'id': 35836, 'rank': 21, 'fitness': 0.15549500212442857, 'generation': 652}","{'id': 35971, 'rank': 22, 'fitness': 0.13230776827626345, 'generation': 652}","{'id': 35904, 'rank': 23, 'fitness': 0.1002509563091109, 'generation': 652}","{'id': 35940, 'rank': 24, 'fitness': 0.058054780732186284, 'generation': 652}","{'id': 35950, 'rank': 25, 'fitness': 0.047864963590754483, 'generation': 652}","{'id': 35897, 'rank': 26, 'fitness': 0.04565783460244971, 'generation': 652}","{'id': 35973, 'rank': 27, 'fitness': 0.03384412764834932, 'generation': 652}","{'id': 35903, 'rank': 28, 'fitness': 0.02709804944193156, 'generation': 652}","{'id': 35936, 'rank': 29, 'fitness': 0.02113052859916381, 'generation': 652}","{'id': 35948, 'rank': 30, 'fitness': 0.01798620996209155, 'generation': 652}"
"{'id': 35905, 'rank': 1, 'fitness': 0.9820137900379085, 'generation': 653}","{'id': 35905, 'rank': 2, 'fitness': 0.9820137900379085, 'generation': 653}","{'id': 35996, 'rank': 3, 'fitness': 0.9595247572922955, 'generation': 653}","{'id': 35998, 'rank': 4, 'fitness': 0.888161906064729, 'generation': 653}","{'id': 35998, 'rank': 5, 'fitness': 0.888161906064729, 'generation': 653}","{'id': 35998, 'rank': 6, 'fitness': 0.888161906064729, 'generation': 653}","{'id': 35987, 'rank': 7, 'fitness': 0.8823216216989878, 'generation': 653}","{'id': 36008, 'rank': 8, 'fitness': 0.646368272548552, 'generation': 653}","{'id': 35988, 'rank': 9, 'fitness': 0.6442271327788966, 'generation': 653}","{'id': 35988, 'rank': 10, 'fitness': 0.6442271327788966, 'generation': 653}","{'id': 36002, 'rank': 11, 'fitness': 0.555227772992666, 'generation': 653}","{'id': 35984, 'rank': 12, 'fitness': 0.5122733070453689, 'generation': 653}","{'id': 35881, 'rank': 13, 'fitness': 0.4748624085846175, 'generation': 653}","{'id': 35975, 'rank': 14, 'fitness': 0.3691253079741801, 'generation': 653}","{'id': 35967, 'rank': 15, 'fitness': 0.2889913897128229, 'generation': 653}","{'id': 35986, 'rank': 16, 'fitness': 0.22357401593780485, 'generation': 653}","{'id': 35918, 'rank': 17, 'fitness': 0.22331704743238429, 'generation': 653}","{'id': 35995, 'rank': 18, 'fitness': 0.2030266492713062, 'generation': 653}","{'id': 35990, 'rank': 19, 'fitness': 0.18803305825798766, 'generation': 653}","{'id': 36010, 'rank': 20, 'fitness': 0.18226301344473422, 'generation': 653}","{'id': 35863, 'rank': 21, 'fitness': 0.176801380641408, 'generation': 653}","{'id': 35912, 'rank': 22, 'fitness': 0.14747947511386145, 'generation': 653}","{'id': 35930, 'rank': 23, 'fitness': 0.1440534812770488, 'generation': 653}","{'id': 36014, 'rank': 24, 'fitness': 0.13103929983817253, 'generation': 653}","{'id': 36009, 'rank': 25, 'fitness': 0.11947808652939707, 'generation': 653}","{'id': 35922, 'rank': 26, 'fitness': 0.09181040149579378, 'generation': 653}","{'id': 36023, 'rank': 27, 'fitness': 0.07404137293900276, 'generation': 653}","{'id': 36000, 'rank': 28, 'fitness': 0.06906928928778994, 'generation': 653}","{'id': 36000, 'rank': 29, 'fitness': 0.06906928928778994, 'generation': 653}","{'id': 36005, 'rank': 30, 'fitness': 0.01798620996209155, 'generation': 653}"
"{'id': 35996, 'rank': 1, 'fitness': 0.9820137900379085, 'generation': 654}","{'id': 36035, 'rank': 2, 'fitness': 0.9750604694560228, 'generation': 654}","{'id': 36051, 'rank': 3, 'fitness': 0.9634625781207371, 'generation': 654}","{'id': 35998, 'rank': 4, 'fitness': 0.9532140635048281, 'generation': 654}","{'id': 35998, 'rank': 5, 'fitness': 0.9532140635048281, 'generation': 654}","{'id': 35987, 'rank': 6, 'fitness': 0.9508476669322876, 'generation': 654}","{'id': 35987, 'rank': 7, 'fitness': 0.9508476669322876, 'generation': 654}","{'id': 35988, 'rank': 8, 'fitness': 0.8431390288590072, 'generation': 654}","{'id': 35988, 'rank': 9, 'fitness': 0.8431390288590072, 'generation': 654}","{'id': 36038, 'rank': 10, 'fitness': 0.820593255589697, 'generation': 654}","{'id': 36002, 'rank': 11, 'fitness': 0.7935611490135874, 'generation': 654}","{'id': 35984, 'rank': 12, 'fitness': 0.766893720812311, 'generation': 654}","{'id': 35881, 'rank': 13, 'fitness': 0.7419041650251798, 'generation': 654}","{'id': 36040, 'rank': 14, 'fitness': 0.7414763348022637, 'generation': 654}","{'id': 35967, 'rank': 15, 'fitness': 0.5830077833271647, 'generation': 654}","{'id': 35986, 'rank': 16, 'fitness': 0.5061167471292981, 'generation': 654}","{'id': 35986, 'rank': 17, 'fitness': 0.5061167471292981, 'generation': 654}","{'id': 35918, 'rank': 18, 'fitness': 0.5057830888479934, 'generation': 654}","{'id': 35918, 'rank': 19, 'fitness': 0.5057830888479934, 'generation': 654}","{'id': 35863, 'rank': 20, 'fitness': 0.44033210836551123, 'generation': 654}","{'id': 36030, 'rank': 21, 'fitness': 0.29654407239380465, 'generation': 654}","{'id': 35922, 'rank': 22, 'fitness': 0.28515701472150334, 'generation': 654}","{'id': 36000, 'rank': 23, 'fitness': 0.23185811342102697, 'generation': 654}","{'id': 36000, 'rank': 24, 'fitness': 0.23185811342102697, 'generation': 654}","{'id': 36005, 'rank': 25, 'fitness': 0.07880090640287807, 'generation': 654}","{'id': 36067, 'rank': 26, 'fitness': 0.06641645283714281, 'generation': 654}","{'id': 36048, 'rank': 27, 'fitness': 0.0463250926490546, 'generation': 654}","{'id': 36046, 'rank': 28, 'fitness': 0.04502314896684362, 'generation': 654}","{'id': 36046, 'rank': 29, 'fitness': 0.04502314896684362, 'generation': 654}","{'id': 36042, 'rank': 30, 'fitness': 0.01798620996209155, 'generation': 654}"
"{'id': 35996, 'rank': 1, 'fitness': 0.9820137900379085, 'generation': 655}","{'id': 36035, 'rank': 2, 'fitness': 0.9755762659947289, 'generation': 655}","{'id': 35998, 'rank': 3, 'fitness': 0.95595526475523, 'generation': 655}","{'id': 35998, 'rank': 4, 'fitness': 0.95595526475523, 'generation': 655}","{'id': 35987, 'rank': 5, 'fitness': 0.9538673382314775, 'generation': 655}","{'id': 36142, 'rank': 6, 'fitness': 0.9504223119466284, 'generation': 655}","{'id': 36127, 'rank': 7, 'fitness': 0.9223492470501071, 'generation': 655}","{'id': 35988, 'rank': 8, 'fitness': 0.8618232977423828, 'generation': 655}","{'id': 36038, 'rank': 9, 'fitness': 0.8428347234452418, 'generation': 655}","{'id': 36143, 'rank': 10, 'fitness': 0.8092036133416519, 'generation': 655}","{'id': 36108, 'rank': 11, 'fitness': 0.7874493823443334, 'generation': 655}","{'id': 35881, 'rank': 12, 'fitness': 0.7763971542439463, 'generation': 655}","{'id': 36114, 'rank': 13, 'fitness': 0.6824676761158565, 'generation': 655}","{'id': 36089, 'rank': 14, 'fitness': 0.6781502242880371, 'generation': 655}","{'id': 35967, 'rank': 15, 'fitness': 0.6388283852147856, 'generation': 655}","{'id': 36084, 'rank': 16, 'fitness': 0.6027111301884233, 'generation': 655}","{'id': 36110, 'rank': 17, 'fitness': 0.47978224006319614, 'generation': 655}","{'id': 36145, 'rank': 18, 'fitness': 0.44536594158898407, 'generation': 655}","{'id': 36145, 'rank': 19, 'fitness': 0.44536594158898407, 'generation': 655}","{'id': 36030, 'rank': 20, 'fitness': 0.36546272367002475, 'generation': 655}","{'id': 35922, 'rank': 21, 'fitness': 0.35356560758624256, 'generation': 655}","{'id': 35922, 'rank': 22, 'fitness': 0.35356560758624256, 'generation': 655}","{'id': 36123, 'rank': 23, 'fitness': 0.15412809849675912, 'generation': 655}","{'id': 36121, 'rank': 24, 'fitness': 0.15207272854127152, 'generation': 655}","{'id': 36094, 'rank': 25, 'fitness': 0.11958636992336436, 'generation': 655}","{'id': 36146, 'rank': 26, 'fitness': 0.08602093692246604, 'generation': 655}","{'id': 36087, 'rank': 27, 'fitness': 0.07183050627426613, 'generation': 655}","{'id': 36139, 'rank': 28, 'fitness': 0.05632911667748852, 'generation': 655}","{'id': 36098, 'rank': 29, 'fitness': 0.03651230237433656, 'generation': 655}","{'id': 36133, 'rank': 30, 'fitness': 0.01798620996209155, 'generation': 655}"
"{'id': 35998, 'rank': 1, 'fitness': 0.9820137900379085, 'generation': 656}","{'id': 36142, 'rank': 2, 'fitness': 0.9794721707237599, 'generation': 656}","{'id': 36151, 'rank': 3, 'fitness': 0.975700652210717, 'generation': 656}","{'id': 36202, 'rank': 4, 'fitness': 0.9678888980592464, 'generation': 656}","{'id': 36202, 'rank': 5, 'fitness': 0.9678888980592464, 'generation': 656}","{'id': 36196, 'rank': 6, 'fitness': 0.9398392084008156, 'generation': 656}","{'id': 35988, 'rank': 7, 'fitness': 0.9337797295605391, 'generation': 656}","{'id': 36038, 'rank': 8, 'fitness': 0.9228901144278175, 'generation': 656}","{'id': 36038, 'rank': 9, 'fitness': 0.9228901144278175, 'generation': 656}","{'id': 36143, 'rank': 10, 'fitness': 0.9026974587872467, 'generation': 656}","{'id': 36108, 'rank': 11, 'fitness': 0.8890191003059816, 'generation': 656}","{'id': 36114, 'rank': 12, 'fitness': 0.816027637320017, 'generation': 656}","{'id': 35967, 'rank': 13, 'fitness': 0.7821309389950768, 'generation': 656}","{'id': 36084, 'rank': 14, 'fitness': 0.7524044553854364, 'generation': 656}","{'id': 36147, 'rank': 15, 'fitness': 0.6110204918644766, 'generation': 656}","{'id': 36147, 'rank': 16, 'fitness': 0.6110204918644766, 'generation': 656}","{'id': 36208, 'rank': 17, 'fitness': 0.6058080456155508, 'generation': 656}","{'id': 36158, 'rank': 18, 'fitness': 0.5222220808555665, 'generation': 656}","{'id': 35922, 'rank': 19, 'fitness': 0.5009901530630249, 'generation': 656}","{'id': 35922, 'rank': 20, 'fitness': 0.5009901530630249, 'generation': 656}","{'id': 36171, 'rank': 21, 'fitness': 0.34226198979424804, 'generation': 656}","{'id': 36173, 'rank': 22, 'fitness': 0.2805508233837941, 'generation': 656}","{'id': 36123, 'rank': 23, 'fitness': 0.23337983003820412, 'generation': 656}","{'id': 36189, 'rank': 24, 'fitness': 0.194075059216681, 'generation': 656}","{'id': 36094, 'rank': 25, 'fitness': 0.18119924594032927, 'generation': 656}","{'id': 36139, 'rank': 26, 'fitness': 0.08310804625528773, 'generation': 656}","{'id': 36159, 'rank': 27, 'fitness': 0.07674984998630519, 'generation': 656}","{'id': 36149, 'rank': 28, 'fitness': 0.07179385933366611, 'generation': 656}","{'id': 36165, 'rank': 29, 'fitness': 0.06939946004722813, 'generation': 656}","{'id': 36190, 'rank': 30, 'fitness': 0.01798620996209155, 'generation': 656}"
"{'id': 35998, 'rank': 1, 'fitness': 0.9820137900379085, 'generation': 657}","{'id': 35998, 'rank': 2, 'fitness': 0.9820137900379085, 'generation': 657}","{'id': 35998, 'rank': 3, 'fitness': 0.9820137900379085, 'generation': 657}","{'id': 36142, 'rank': 4, 'fitness': 0.9795378356962272, 'generation': 657}","{'id': 36142, 'rank': 5, 'fitness': 0.9795378356962272, 'generation': 657}","{'id': 36038, 'rank': 6, 'fitness': 0.9254710925980293, 'generation': 657}","{'id': 36038, 'rank': 7, 'fitness': 0.9254710925980293, 'generation': 657}","{'id': 36038, 'rank': 8, 'fitness': 0.9254710925980293, 'generation': 657}","{'id': 36038, 'rank': 9, 'fitness': 0.9254710925980293, 'generation': 657}","{'id': 36108, 'rank': 10, 'fitness': 0.8935325193916099, 'generation': 657}","{'id': 36108, 'rank': 11, 'fitness': 0.8935325193916099, 'generation': 657}","{'id': 36255, 'rank': 12, 'fitness': 0.7043516847029436, 'generation': 657}","{'id': 36220, 'rank': 13, 'fitness': 0.6738316089418763, 'generation': 657}","{'id': 36147, 'rank': 14, 'fitness': 0.6312837796257056, 'generation': 657}","{'id': 36234, 'rank': 15, 'fitness': 0.62647769928642, 'generation': 657}","{'id': 36251, 'rank': 16, 'fitness': 0.6208286155959792, 'generation': 657}","{'id': 36228, 'rank': 17, 'fitness': 0.5701139456356217, 'generation': 657}","{'id': 36232, 'rank': 18, 'fitness': 0.5491344368422444, 'generation': 657}","{'id': 35922, 'rank': 19, 'fitness': 0.5252160598596711, 'generation': 657}","{'id': 36231, 'rank': 20, 'fitness': 0.5134594152608981, 'generation': 657}","{'id': 36123, 'rank': 21, 'fitness': 0.25666553732970987, 'generation': 657}","{'id': 36123, 'rank': 22, 'fitness': 0.25666553732970987, 'generation': 657}","{'id': 36237, 'rank': 23, 'fitness': 0.19862091069096116, 'generation': 657}","{'id': 36247, 'rank': 24, 'fitness': 0.14676844306699965, 'generation': 657}","{'id': 36149, 'rank': 25, 'fitness': 0.08315378130644746, 'generation': 657}","{'id': 36165, 'rank': 26, 'fitness': 0.0804788665547172, 'generation': 657}","{'id': 36258, 'rank': 27, 'fitness': 0.07930149876531445, 'generation': 657}","{'id': 36236, 'rank': 28, 'fitness': 0.05463417490387301, 'generation': 657}","{'id': 36248, 'rank': 29, 'fitness': 0.03802631883889218, 'generation': 657}","{'id': 36240, 'rank': 30, 'fitness': 0.01798620996209155, 'generation': 657}"
"{'id': 35998, 'rank': 1, 'fitness': 0.9820137900379085, 'generation': 658}","{'id': 35998, 'rank': 2, 'fitness': 0.9820137900379085, 'generation': 658}","{'id': 35998, 'rank': 3, 'fitness': 0.9820137900379085, 'generation': 658}","{'id': 36142, 'rank': 4, 'fitness': 0.9795934087761156, 'generation': 658}","{'id': 36142, 'rank': 5, 'fitness': 0.9795934087761156, 'generation': 658}","{'id': 36142, 'rank': 6, 'fitness': 0.9795934087761156, 'generation': 658}","{'id': 36142, 'rank': 7, 'fitness': 0.9795934087761156, 'generation': 658}","{'id': 36267, 'rank': 8, 'fitness': 0.9681395484354852, 'generation': 658}","{'id': 36267, 'rank': 9, 'fitness': 0.9681395484354852, 'generation': 658}","{'id': 36275, 'rank': 10, 'fitness': 0.947770223430276, 'generation': 658}","{'id': 36038, 'rank': 11, 'fitness': 0.9275991802797551, 'generation': 658}","{'id': 36038, 'rank': 12, 'fitness': 0.9275991802797551, 'generation': 658}","{'id': 36038, 'rank': 13, 'fitness': 0.9275991802797551, 'generation': 658}","{'id': 36038, 'rank': 14, 'fitness': 0.9275991802797551, 'generation': 658}","{'id': 36108, 'rank': 15, 'fitness': 0.8972357393474188, 'generation': 658}","{'id': 36220, 'rank': 16, 'fitness': 0.6888397007029077, 'generation': 658}","{'id': 36279, 'rank': 17, 'fitness': 0.633684578502455, 'generation': 658}","{'id': 36279, 'rank': 18, 'fitness': 0.633684578502455, 'generation': 658}","{'id': 36274, 'rank': 19, 'fitness': 0.6265746494269075, 'generation': 658}","{'id': 36228, 'rank': 20, 'fitness': 0.5892361199633189, 'generation': 658}","{'id': 36232, 'rank': 21, 'fitness': 0.5689243995830231, 'generation': 658}","{'id': 36315, 'rank': 22, 'fitness': 0.4430182154781868, 'generation': 658}","{'id': 36315, 'rank': 23, 'fitness': 0.4430182154781868, 'generation': 658}","{'id': 36321, 'rank': 24, 'fitness': 0.3370014306774095, 'generation': 658}","{'id': 36321, 'rank': 25, 'fitness': 0.3370014306774095, 'generation': 658}","{'id': 36285, 'rank': 26, 'fitness': 0.22591162006999532, 'generation': 658}","{'id': 36247, 'rank': 27, 'fitness': 0.16266125474666115, 'generation': 658}","{'id': 36291, 'rank': 28, 'fitness': 0.07992250375387822, 'generation': 658}","{'id': 36292, 'rank': 29, 'fitness': 0.049912401117269634, 'generation': 658}","{'id': 36309, 'rank': 30, 'fitness': 0.01798620996209155, 'generation': 658}"
"{'id': 35998, 'rank': 1, 'fitness': 0.9820137900379085, 'generation': 659}","{'id': 36142, 'rank': 2, 'fitness': 0.9797059814304973, 'generation': 659}","{'id': 36267, 'rank': 3, 'fitness': 0.9689229886188536, 'generation': 659}","{'id': 36267, 'rank': 4, 'fitness': 0.9689229886188536, 'generation': 659}","{'id': 36267, 'rank': 5, 'fitness': 0.9689229886188536, 'generation': 659}","{'id': 36038, 'rank': 6, 'fitness': 0.9317554957783862, 'generation': 659}","{'id': 36038, 'rank': 7, 'fitness': 0.9317554957783862, 'generation': 659}","{'id': 36356, 'rank': 8, 'fitness': 0.7663610469457436, 'generation': 659}","{'id': 36356, 'rank': 9, 'fitness': 0.7663610469457436, 'generation': 659}","{'id': 36220, 'rank': 10, 'fitness': 0.7181512372615992, 'generation': 659}","{'id': 36220, 'rank': 11, 'fitness': 0.7181512372615992, 'generation': 659}","{'id': 36220, 'rank': 12, 'fitness': 0.7181512372615992, 'generation': 659}","{'id': 36337, 'rank': 13, 'fitness': 0.7029353390146875, 'generation': 659}","{'id': 36337, 'rank': 14, 'fitness': 0.7029353390146875, 'generation': 659}","{'id': 36279, 'rank': 15, 'fitness': 0.6680736763840902, 'generation': 659}","{'id': 36228, 'rank': 16, 'fitness': 0.6272533286946028, 'generation': 659}","{'id': 36370, 'rank': 17, 'fitness': 0.5273135504920223, 'generation': 659}","{'id': 36362, 'rank': 18, 'fitness': 0.4917037728797143, 'generation': 659}","{'id': 36362, 'rank': 19, 'fitness': 0.4917037728797143, 'generation': 659}","{'id': 36327, 'rank': 20, 'fitness': 0.40891457764518757, 'generation': 659}","{'id': 36327, 'rank': 21, 'fitness': 0.40891457764518757, 'generation': 659}","{'id': 36333, 'rank': 22, 'fitness': 0.34950318508276773, 'generation': 659}","{'id': 36285, 'rank': 23, 'fitness': 0.2685392704791069, 'generation': 659}","{'id': 36338, 'rank': 24, 'fitness': 0.21877526374436518, 'generation': 659}","{'id': 36247, 'rank': 25, 'fitness': 0.19921495367697994, 'generation': 659}","{'id': 36379, 'rank': 26, 'fitness': 0.1608183122633322, 'generation': 659}","{'id': 36353, 'rank': 27, 'fitness': 0.13457143029256857, 'generation': 659}","{'id': 36341, 'rank': 28, 'fitness': 0.07852755838626108, 'generation': 659}","{'id': 36309, 'rank': 29, 'fitness': 0.025355966266875307, 'generation': 659}","{'id': 36351, 'rank': 30, 'fitness': 0.01798620996209155, 'generation': 659}"
"{'id': 36142, 'rank': 1, 'fitness': 0.9820137900379085, 'generation': 660}","{'id': 36414, 'rank': 2, 'fitness': 0.9778646457329648, 'generation': 660}","{'id': 36414, 'rank': 3, 'fitness': 0.9778646457329648, 'generation': 660}","{'id': 36267, 'rank': 4, 'fitness': 0.9710858486439067, 'generation': 660}","{'id': 36438, 'rank': 5, 'fitness': 0.9310090851909404, 'generation': 660}","{'id': 36438, 'rank': 6, 'fitness': 0.9310090851909404, 'generation': 660}","{'id': 36390, 'rank': 7, 'fitness': 0.9174668200219012, 'generation': 660}","{'id': 36437, 'rank': 8, 'fitness': 0.8114486470463043, 'generation': 660}","{'id': 36437, 'rank': 9, 'fitness': 0.8114486470463043, 'generation': 660}","{'id': 36437, 'rank': 10, 'fitness': 0.8114486470463043, 'generation': 660}","{'id': 36387, 'rank': 11, 'fitness': 0.7512369252404922, 'generation': 660}","{'id': 36388, 'rank': 12, 'fitness': 0.7433465544524072, 'generation': 660}","{'id': 36356, 'rank': 13, 'fitness': 0.7332901777821961, 'generation': 660}","{'id': 36220, 'rank': 14, 'fitness': 0.6749537151401419, 'generation': 660}","{'id': 36279, 'rank': 15, 'fitness': 0.6150477836462676, 'generation': 660}","{'id': 36228, 'rank': 16, 'fitness': 0.5669951335354066, 'generation': 660}","{'id': 36426, 'rank': 17, 'fitness': 0.5165178505085725, 'generation': 660}","{'id': 36370, 'rank': 18, 'fitness': 0.4533155326163047, 'generation': 660}","{'id': 36402, 'rank': 19, 'fitness': 0.2641964976898644, 'generation': 660}","{'id': 36418, 'rank': 20, 'fitness': 0.23982719491044135, 'generation': 660}","{'id': 36418, 'rank': 21, 'fitness': 0.23982719491044135, 'generation': 660}","{'id': 36418, 'rank': 22, 'fitness': 0.23982719491044135, 'generation': 660}","{'id': 36439, 'rank': 23, 'fitness': 0.18388447785822398, 'generation': 660}","{'id': 36379, 'rank': 24, 'fitness': 0.10479585416928294, 'generation': 660}","{'id': 36379, 'rank': 25, 'fitness': 0.10479585416928294, 'generation': 660}","{'id': 36391, 'rank': 26, 'fitness': 0.0943968941897928, 'generation': 660}","{'id': 36394, 'rank': 27, 'fitness': 0.07827513762613947, 'generation': 660}","{'id': 36392, 'rank': 28, 'fitness': 0.057703579463181776, 'generation': 660}","{'id': 36411, 'rank': 29, 'fitness': 0.03268637097832988, 'generation': 660}","{'id': 36431, 'rank': 30, 'fitness': 0.01798620996209155, 'generation': 660}"
"{'id': 36470, 'rank': 1, 'fitness': 0.9820137900379085, 'generation': 661}","{'id': 36475, 'rank': 2, 'fitness': 0.979226993680489, 'generation': 661}","{'id': 36267, 'rank': 3, 'fitness': 0.959500788666001, 'generation': 661}","{'id': 36497, 'rank': 4, 'fitness': 0.952178102025144, 'generation': 661}","{'id': 36477, 'rank': 5, 'fitness': 0.9335370727728877, 'generation': 661}","{'id': 36438, 'rank': 6, 'fitness': 0.8989474284381845, 'generation': 661}","{'id': 36438, 'rank': 7, 'fitness': 0.8989474284381845, 'generation': 661}","{'id': 36437, 'rank': 8, 'fitness': 0.7226836153128271, 'generation': 661}","{'id': 36437, 'rank': 9, 'fitness': 0.7226836153128271, 'generation': 661}","{'id': 36437, 'rank': 10, 'fitness': 0.7226836153128271, 'generation': 661}","{'id': 36437, 'rank': 11, 'fitness': 0.7226836153128271, 'generation': 661}","{'id': 36498, 'rank': 12, 'fitness': 0.6219646739414895, 'generation': 661}","{'id': 36356, 'rank': 13, 'fitness': 0.6169080027232611, 'generation': 661}","{'id': 36279, 'rank': 14, 'fitness': 0.47335237638184235, 'generation': 661}","{'id': 36279, 'rank': 15, 'fitness': 0.47335237638184235, 'generation': 661}","{'id': 36499, 'rank': 16, 'fitness': 0.40904207709041757, 'generation': 661}","{'id': 36461, 'rank': 17, 'fitness': 0.23632997878598466, 'generation': 661}","{'id': 36418, 'rank': 18, 'fitness': 0.13593749148332235, 'generation': 661}","{'id': 36418, 'rank': 19, 'fitness': 0.13593749148332235, 'generation': 661}","{'id': 36418, 'rank': 20, 'fitness': 0.13593749148332235, 'generation': 661}","{'id': 36501, 'rank': 21, 'fitness': 0.12042461247457992, 'generation': 661}","{'id': 36478, 'rank': 22, 'fitness': 0.08763768141741718, 'generation': 661}","{'id': 36485, 'rank': 23, 'fitness': 0.06966173917811863, 'generation': 661}","{'id': 36460, 'rank': 24, 'fitness': 0.05524566553226795, 'generation': 661}","{'id': 36379, 'rank': 25, 'fitness': 0.05143972133350916, 'generation': 661}","{'id': 36379, 'rank': 26, 'fitness': 0.05143972133350916, 'generation': 661}","{'id': 36379, 'rank': 27, 'fitness': 0.05143972133350916, 'generation': 661}","{'id': 36492, 'rank': 28, 'fitness': 0.03721515231921968, 'generation': 661}","{'id': 36448, 'rank': 29, 'fitness': 0.03545621297757989, 'generation': 661}","{'id': 36503, 'rank': 30, 'fitness': 0.01798620996209155, 'generation': 661}"
"{'id': 36544, 'rank': 1, 'fitness': 0.9820137900379085, 'generation': 662}","{'id': 36544, 'rank': 2, 'fitness': 0.9820137900379085, 'generation': 662}","{'id': 36470, 'rank': 3, 'fitness': 0.9608100409350994, 'generation': 662}","{'id': 36470, 'rank': 4, 'fitness': 0.9608100409350994, 'generation': 662}","{'id': 36505, 'rank': 5, 'fitness': 0.9361856907688488, 'generation': 662}","{'id': 36512, 'rank': 6, 'fitness': 0.8642640165039722, 'generation': 662}","{'id': 36512, 'rank': 7, 'fitness': 0.8642640165039722, 'generation': 662}","{'id': 36512, 'rank': 8, 'fitness': 0.8642640165039722, 'generation': 662}","{'id': 36512, 'rank': 9, 'fitness': 0.8642640165039722, 'generation': 662}","{'id': 36438, 'rank': 10, 'fitness': 0.8514210625993193, 'generation': 662}","{'id': 36511, 'rank': 11, 'fitness': 0.6948763413629777, 'generation': 662}","{'id': 36511, 'rank': 12, 'fitness': 0.6948763413629777, 'generation': 662}","{'id': 36541, 'rank': 13, 'fitness': 0.6822733067109787, 'generation': 662}","{'id': 36437, 'rank': 14, 'fitness': 0.681830755184544, 'generation': 662}","{'id': 36437, 'rank': 15, 'fitness': 0.681830755184544, 'generation': 662}","{'id': 36528, 'rank': 16, 'fitness': 0.6176181564400456, 'generation': 662}","{'id': 36498, 'rank': 17, 'fitness': 0.597184939752251, 'generation': 662}","{'id': 36279, 'rank': 18, 'fitness': 0.4773660283032095, 'generation': 662}","{'id': 36499, 'rank': 19, 'fitness': 0.4255871541194044, 'generation': 662}","{'id': 36461, 'rank': 20, 'fitness': 0.2799389611409015, 'generation': 662}","{'id': 36552, 'rank': 21, 'fitness': 0.25611854414115487, 'generation': 662}","{'id': 36418, 'rank': 22, 'fitness': 0.18440899857988535, 'generation': 662}","{'id': 36418, 'rank': 23, 'fitness': 0.18440899857988535, 'generation': 662}","{'id': 36531, 'rank': 24, 'fitness': 0.1838029954226667, 'generation': 662}","{'id': 36548, 'rank': 25, 'fitness': 0.14196602651571738, 'generation': 662}","{'id': 36548, 'rank': 26, 'fitness': 0.14196602651571738, 'generation': 662}","{'id': 36379, 'rank': 27, 'fitness': 0.08786248203644226, 'generation': 662}","{'id': 36379, 'rank': 28, 'fitness': 0.08786248203644226, 'generation': 662}","{'id': 36543, 'rank': 29, 'fitness': 0.04369030441320082, 'generation': 662}","{'id': 36536, 'rank': 30, 'fitness': 0.01798620996209155, 'generation': 662}"
"{'id': 36470, 'rank': 1, 'fitness': 0.9820137900379085, 'generation': 663}","{'id': 36470, 'rank': 2, 'fitness': 0.9820137900379085, 'generation': 663}","{'id': 36505, 'rank': 3, 'fitness': 0.9666027210105983, 'generation': 663}","{'id': 36598, 'rank': 4, 'fitness': 0.9199046112406486, 'generation': 663}","{'id': 36598, 'rank': 5, 'fitness': 0.9199046112406486, 'generation': 663}","{'id': 36512, 'rank': 6, 'fitness': 0.9116298318621211, 'generation': 663}","{'id': 36593, 'rank': 7, 'fitness': 0.8782882265223463, 'generation': 663}","{'id': 36511, 'rank': 8, 'fitness': 0.7432545718420572, 'generation': 663}","{'id': 36511, 'rank': 9, 'fitness': 0.7432545718420572, 'generation': 663}","{'id': 36511, 'rank': 10, 'fitness': 0.7432545718420572, 'generation': 663}","{'id': 36541, 'rank': 11, 'fitness': 0.7291484871115818, 'generation': 663}","{'id': 36437, 'rank': 12, 'fitness': 0.7286500724845475, 'generation': 663}","{'id': 36570, 'rank': 13, 'fitness': 0.6397414311266267, 'generation': 663}","{'id': 36279, 'rank': 14, 'fitness': 0.4834480203463611, 'generation': 663}","{'id': 36499, 'rank': 15, 'fitness': 0.41948360216555625, 'generation': 663}","{'id': 36499, 'rank': 16, 'fitness': 0.41948360216555625, 'generation': 663}","{'id': 36499, 'rank': 17, 'fitness': 0.41948360216555625, 'generation': 663}","{'id': 36499, 'rank': 18, 'fitness': 0.41948360216555625, 'generation': 663}","{'id': 36606, 'rank': 19, 'fitness': 0.3321652292089444, 'generation': 663}","{'id': 36606, 'rank': 20, 'fitness': 0.3321652292089444, 'generation': 663}","{'id': 36572, 'rank': 21, 'fitness': 0.2784190517411236, 'generation': 663}","{'id': 36585, 'rank': 22, 'fitness': 0.22125530035738167, 'generation': 663}","{'id': 36552, 'rank': 23, 'fitness': 0.21890093765096585, 'generation': 663}","{'id': 36594, 'rank': 24, 'fitness': 0.16221175941818422, 'generation': 663}","{'id': 36548, 'rank': 25, 'fitness': 0.10176111952610467, 'generation': 663}","{'id': 36591, 'rank': 26, 'fitness': 0.08043967526058371, 'generation': 663}","{'id': 36562, 'rank': 27, 'fitness': 0.07408805273207897, 'generation': 663}","{'id': 36588, 'rank': 28, 'fitness': 0.05800060474704116, 'generation': 663}","{'id': 36379, 'rank': 29, 'fitness': 0.054867076580697505, 'generation': 663}","{'id': 36567, 'rank': 30, 'fitness': 0.01798620996209155, 'generation': 663}"
"{'id': 36505, 'rank': 1, 'fitness': 0.9820137900379085, 'generation': 664}","{'id': 36512, 'rank': 2, 'fitness': 0.9468231809036958, 'generation': 664}","{'id': 36512, 'rank': 3, 'fitness': 0.9468231809036958, 'generation': 664}","{'id': 36651, 'rank': 4, 'fitness': 0.8680767444236702, 'generation': 664}","{'id': 36660, 'rank': 5, 'fitness': 0.8677293388946938, 'generation': 664}","{'id': 36660, 'rank': 6, 'fitness': 0.8677293388946938, 'generation': 664}","{'id': 36511, 'rank': 7, 'fitness': 0.8174611766894208, 'generation': 664}","{'id': 36437, 'rank': 8, 'fitness': 0.8049609262857014, 'generation': 664}","{'id': 36634, 'rank': 9, 'fitness': 0.7439969419297939, 'generation': 664}","{'id': 36570, 'rank': 10, 'fitness': 0.7248035739712958, 'generation': 664}","{'id': 36626, 'rank': 11, 'fitness': 0.6168355702697175, 'generation': 664}","{'id': 36626, 'rank': 12, 'fitness': 0.6168355702697175, 'generation': 664}","{'id': 36279, 'rank': 13, 'fitness': 0.5677679443618073, 'generation': 664}","{'id': 36625, 'rank': 14, 'fitness': 0.5597713000486868, 'generation': 664}","{'id': 36666, 'rank': 15, 'fitness': 0.551997212998496, 'generation': 664}","{'id': 36672, 'rank': 16, 'fitness': 0.5261064788333255, 'generation': 664}","{'id': 36572, 'rank': 17, 'fitness': 0.3341018138507016, 'generation': 664}","{'id': 36644, 'rank': 18, 'fitness': 0.2386209990949268, 'generation': 664}","{'id': 36643, 'rank': 19, 'fitness': 0.22807560633879553, 'generation': 664}","{'id': 36627, 'rank': 20, 'fitness': 0.2275490311421035, 'generation': 664}","{'id': 36594, 'rank': 21, 'fitness': 0.19175350827967474, 'generation': 664}","{'id': 36662, 'rank': 22, 'fitness': 0.12975405222733588, 'generation': 664}","{'id': 36379, 'rank': 23, 'fitness': 0.060256039558396424, 'generation': 664}","{'id': 36616, 'rank': 24, 'fitness': 0.04007521208572545, 'generation': 664}","{'id': 36650, 'rank': 25, 'fitness': 0.03610643984590056, 'generation': 664}","{'id': 36620, 'rank': 26, 'fitness': 0.031071605017663373, 'generation': 664}","{'id': 36654, 'rank': 27, 'fitness': 0.022237618816934424, 'generation': 664}","{'id': 36628, 'rank': 28, 'fitness': 0.021521910492237173, 'generation': 664}","{'id': 36669, 'rank': 29, 'fitness': 0.02099877352782903, 'generation': 664}","{'id': 36567, 'rank': 30, 'fitness': 0.01798620996209155, 'generation': 664}"
"{'id': 36512, 'rank': 1, 'fitness': 0.9820137900379085, 'generation': 665}","{'id': 36706, 'rank': 2, 'fitness': 0.9796026978326979, 'generation': 665}","{'id': 36730, 'rank': 3, 'fitness': 0.9539630877272283, 'generation': 665}","{'id': 36651, 'rank': 4, 'fitness': 0.9501373632961707, 'generation': 665}","{'id': 36660, 'rank': 5, 'fitness': 0.9499853293085014, 'generation': 665}","{'id': 36709, 'rank': 6, 'fitness': 0.947191621031085, 'generation': 665}","{'id': 36690, 'rank': 7, 'fitness': 0.9434469622278483, 'generation': 665}","{'id': 36682, 'rank': 8, 'fitness': 0.9255506224830299, 'generation': 665}","{'id': 36437, 'rank': 9, 'fitness': 0.9208569505560662, 'generation': 665}","{'id': 36634, 'rank': 10, 'fitness': 0.8892530717895486, 'generation': 665}","{'id': 36279, 'rank': 11, 'fitness': 0.7761514075491934, 'generation': 665}","{'id': 36666, 'rank': 12, 'fitness': 0.764172117753136, 'generation': 665}","{'id': 36722, 'rank': 13, 'fitness': 0.7323548486937825, 'generation': 665}","{'id': 36728, 'rank': 14, 'fitness': 0.5642907733916621, 'generation': 665}","{'id': 36728, 'rank': 15, 'fitness': 0.5642907733916621, 'generation': 665}","{'id': 36678, 'rank': 16, 'fitness': 0.5598788702660561, 'generation': 665}","{'id': 36627, 'rank': 17, 'fitness': 0.41640904283152197, 'generation': 665}","{'id': 36692, 'rank': 18, 'fitness': 0.3750329319431384, 'generation': 665}","{'id': 36692, 'rank': 19, 'fitness': 0.3750329319431384, 'generation': 665}","{'id': 36692, 'rank': 20, 'fitness': 0.3750329319431384, 'generation': 665}","{'id': 36705, 'rank': 21, 'fitness': 0.36948275372619016, 'generation': 665}","{'id': 36723, 'rank': 22, 'fitness': 0.3617025847198603, 'generation': 665}","{'id': 36703, 'rank': 23, 'fitness': 0.23554529380126726, 'generation': 665}","{'id': 36696, 'rank': 24, 'fitness': 0.185675914146453, 'generation': 665}","{'id': 36714, 'rank': 25, 'fitness': 0.11429784761780115, 'generation': 665}","{'id': 36689, 'rank': 26, 'fitness': 0.08285488443124783, 'generation': 665}","{'id': 36684, 'rank': 27, 'fitness': 0.08010950929347521, 'generation': 665}","{'id': 36620, 'rank': 28, 'fitness': 0.06399960142530625, 'generation': 665}","{'id': 36718, 'rank': 29, 'fitness': 0.04549772074945291, 'generation': 665}","{'id': 36708, 'rank': 30, 'fitness': 0.01798620996209155, 'generation': 665}"
"{'id': 36752, 'rank': 1, 'fitness': 0.9820137900379085, 'generation': 666}","{'id': 36752, 'rank': 2, 'fitness': 0.9820137900379085, 'generation': 666}","{'id': 36752, 'rank': 3, 'fitness': 0.9820137900379085, 'generation': 666}","{'id': 36512, 'rank': 4, 'fitness': 0.8462354579888378, 'generation': 666}","{'id': 36736, 'rank': 5, 'fitness': 0.8459708081207662, 'generation': 666}","{'id': 36775, 'rank': 6, 'fitness': 0.8254040768323045, 'generation': 666}","{'id': 36730, 'rank': 7, 'fitness': 0.7217093053101122, 'generation': 666}","{'id': 36770, 'rank': 8, 'fitness': 0.6870787474356592, 'generation': 666}","{'id': 36437, 'rank': 9, 'fitness': 0.6235711008802782, 'generation': 666}","{'id': 36753, 'rank': 10, 'fitness': 0.4572340316615679, 'generation': 666}","{'id': 36762, 'rank': 11, 'fitness': 0.4093772045845467, 'generation': 666}","{'id': 36762, 'rank': 12, 'fitness': 0.4093772045845467, 'generation': 666}","{'id': 36279, 'rank': 13, 'fitness': 0.39280997887224944, 'generation': 666}","{'id': 36722, 'rank': 14, 'fitness': 0.34991715359865894, 'generation': 666}","{'id': 36722, 'rank': 15, 'fitness': 0.34991715359865894, 'generation': 666}","{'id': 36728, 'rank': 16, 'fitness': 0.23141590231210085, 'generation': 666}","{'id': 36728, 'rank': 17, 'fitness': 0.23141590231210085, 'generation': 666}","{'id': 36678, 'rank': 18, 'fitness': 0.22894923075864743, 'generation': 666}","{'id': 36795, 'rank': 19, 'fitness': 0.21199949624998954, 'generation': 666}","{'id': 36733, 'rank': 20, 'fitness': 0.18366407286682618, 'generation': 666}","{'id': 36755, 'rank': 21, 'fitness': 0.15287289296627854, 'generation': 666}","{'id': 36692, 'rank': 22, 'fitness': 0.14212110065195788, 'generation': 666}","{'id': 36692, 'rank': 23, 'fitness': 0.14212110065195788, 'generation': 666}","{'id': 36692, 'rank': 24, 'fitness': 0.14212110065195788, 'generation': 666}","{'id': 36723, 'rank': 25, 'fitness': 0.13678159550440327, 'generation': 666}","{'id': 36776, 'rank': 26, 'fitness': 0.1052258084842459, 'generation': 666}","{'id': 36776, 'rank': 27, 'fitness': 0.1052258084842459, 'generation': 666}","{'id': 36793, 'rank': 28, 'fitness': 0.07822332257720493, 'generation': 666}","{'id': 36757, 'rank': 29, 'fitness': 0.02147575565397608, 'generation': 666}","{'id': 36777, 'rank': 30, 'fitness': 0.01798620996209155, 'generation': 666}"
"{'id': 36752, 'rank': 1, 'fitness': 0.9820137900379085, 'generation': 667}","{'id': 36752, 'rank': 2, 'fitness': 0.9820137900379085, 'generation': 667}","{'id': 36752, 'rank': 3, 'fitness': 0.9820137900379085, 'generation': 667}","{'id': 36752, 'rank': 4, 'fitness': 0.9820137900379085, 'generation': 667}","{'id': 36752, 'rank': 5, 'fitness': 0.9820137900379085, 'generation': 667}","{'id': 36512, 'rank': 6, 'fitness': 0.7726900476036977, 'generation': 667}","{'id': 36512, 'rank': 7, 'fitness': 0.7726900476036977, 'generation': 667}","{'id': 36831, 'rank': 8, 'fitness': 0.7295656382832725, 'generation': 667}","{'id': 36817, 'rank': 9, 'fitness': 0.5377877728471854, 'generation': 667}","{'id': 36820, 'rank': 10, 'fitness': 0.340807292520127, 'generation': 667}","{'id': 36802, 'rank': 11, 'fitness': 0.32606772383347227, 'generation': 667}","{'id': 36816, 'rank': 12, 'fitness': 0.2475065373353058, 'generation': 667}","{'id': 36816, 'rank': 13, 'fitness': 0.2475065373353058, 'generation': 667}","{'id': 36814, 'rank': 14, 'fitness': 0.23171496747359244, 'generation': 667}","{'id': 36762, 'rank': 15, 'fitness': 0.2169718898319008, 'generation': 667}","{'id': 36762, 'rank': 16, 'fitness': 0.2169718898319008, 'generation': 667}","{'id': 36762, 'rank': 17, 'fitness': 0.2169718898319008, 'generation': 667}","{'id': 36722, 'rank': 18, 'fitness': 0.16947420796861273, 'generation': 667}","{'id': 36805, 'rank': 19, 'fitness': 0.10194115709545476, 'generation': 667}","{'id': 36728, 'rank': 20, 'fitness': 0.09176530462354837, 'generation': 667}","{'id': 36813, 'rank': 21, 'fitness': 0.06524440116231406, 'generation': 667}","{'id': 36813, 'rank': 22, 'fitness': 0.06524440116231406, 'generation': 667}","{'id': 36806, 'rank': 23, 'fitness': 0.06436808936004029, 'generation': 667}","{'id': 36755, 'rank': 24, 'fitness': 0.051579828643413594, 'generation': 667}","{'id': 36755, 'rank': 25, 'fitness': 0.051579828643413594, 'generation': 667}","{'id': 36692, 'rank': 26, 'fitness': 0.04674534027453631, 'generation': 667}","{'id': 36692, 'rank': 27, 'fitness': 0.04674534027453631, 'generation': 667}","{'id': 36835, 'rank': 28, 'fitness': 0.038499242055765714, 'generation': 667}","{'id': 36776, 'rank': 29, 'fitness': 0.03137699072071343, 'generation': 667}","{'id': 36827, 'rank': 30, 'fitness': 0.01798620996209155, 'generation': 667}"
"{'id': 36752, 'rank': 1, 'fitness': 0.9820137900379085, 'generation': 668}","{'id': 36752, 'rank': 2, 'fitness': 0.9820137900379085, 'generation': 668}","{'id': 36752, 'rank': 3, 'fitness': 0.9820137900379085, 'generation': 668}","{'id': 36752, 'rank': 4, 'fitness': 0.9820137900379085, 'generation': 668}","{'id': 36752, 'rank': 5, 'fitness': 0.9820137900379085, 'generation': 668}","{'id': 36880, 'rank': 6, 'fitness': 0.9527408778586364, 'generation': 668}","{'id': 36880, 'rank': 7, 'fitness': 0.9527408778586364, 'generation': 668}","{'id': 36872, 'rank': 8, 'fitness': 0.9295107155200046, 'generation': 668}","{'id': 36872, 'rank': 9, 'fitness': 0.9295107155200046, 'generation': 668}","{'id': 36837, 'rank': 10, 'fitness': 0.8755005089593895, 'generation': 668}","{'id': 36871, 'rank': 11, 'fitness': 0.8709583849456934, 'generation': 668}","{'id': 36850, 'rank': 12, 'fitness': 0.8675276186759112, 'generation': 668}","{'id': 36817, 'rank': 13, 'fitness': 0.7106086272601384, 'generation': 668}","{'id': 36878, 'rank': 14, 'fitness': 0.6721327528049446, 'generation': 668}","{'id': 36842, 'rank': 15, 'fitness': 0.6526166700256676, 'generation': 668}","{'id': 36873, 'rank': 16, 'fitness': 0.5999165581325399, 'generation': 668}","{'id': 36820, 'rank': 17, 'fitness': 0.5608527004539314, 'generation': 668}","{'id': 36802, 'rank': 18, 'fitness': 0.5476473953640043, 'generation': 668}","{'id': 36816, 'rank': 19, 'fitness': 0.47007023919870805, 'generation': 668}","{'id': 36814, 'rank': 20, 'fitness': 0.4527082471945295, 'generation': 668}","{'id': 36762, 'rank': 21, 'fitness': 0.43584684302057813, 'generation': 668}","{'id': 36762, 'rank': 22, 'fitness': 0.43584684302057813, 'generation': 668}","{'id': 36762, 'rank': 23, 'fitness': 0.43584684302057813, 'generation': 668}","{'id': 36876, 'rank': 24, 'fitness': 0.3820679872565352, 'generation': 668}","{'id': 36805, 'rank': 25, 'fitness': 0.2734327169769074, 'generation': 668}","{'id': 36813, 'rank': 26, 'fitness': 0.20274883563179674, 'generation': 668}","{'id': 36813, 'rank': 27, 'fitness': 0.20274883563179674, 'generation': 668}","{'id': 36755, 'rank': 28, 'fitness': 0.17217386048683825, 'generation': 668}","{'id': 36692, 'rank': 29, 'fitness': 0.16060785757888102, 'generation': 668}","{'id': 36854, 'rank': 30, 'fitness': 0.01798620996209155, 'generation': 668}"
"{'id': 36752, 'rank': 1, 'fitness': 0.9820137900379085, 'generation': 669}","{'id': 36752, 'rank': 2, 'fitness': 0.9820137900379085, 'generation': 669}","{'id': 36752, 'rank': 3, 'fitness': 0.9820137900379085, 'generation': 669}","{'id': 36890, 'rank': 4, 'fitness': 0.9549001727813757, 'generation': 669}","{'id': 36872, 'rank': 5, 'fitness': 0.933377685902558, 'generation': 669}","{'id': 36872, 'rank': 6, 'fitness': 0.933377685902558, 'generation': 669}","{'id': 36837, 'rank': 7, 'fitness': 0.8847162204214186, 'generation': 669}","{'id': 36871, 'rank': 8, 'fitness': 0.8806484081417115, 'generation': 669}","{'id': 36850, 'rank': 9, 'fitness': 0.8775773404868116, 'generation': 669}","{'id': 36850, 'rank': 10, 'fitness': 0.8775773404868116, 'generation': 669}","{'id': 36926, 'rank': 11, 'fitness': 0.7935985745832729, 'generation': 669}","{'id': 36817, 'rank': 12, 'fitness': 0.7370271771493737, 'generation': 669}","{'id': 36873, 'rank': 13, 'fitness': 0.6360769764761594, 'generation': 669}","{'id': 36820, 'rank': 14, 'fitness': 0.5998224782375334, 'generation': 669}","{'id': 36802, 'rank': 15, 'fitness': 0.5874783298740656, 'generation': 669}","{'id': 36891, 'rank': 16, 'fitness': 0.5316947081529362, 'generation': 669}","{'id': 36814, 'rank': 17, 'fitness': 0.4972214737329658, 'generation': 669}","{'id': 36814, 'rank': 18, 'fitness': 0.4972214737329658, 'generation': 669}","{'id': 36762, 'rank': 19, 'fitness': 0.4808835527026753, 'generation': 669}","{'id': 36876, 'rank': 20, 'fitness': 0.4280646194631472, 'generation': 669}","{'id': 36886, 'rank': 21, 'fitness': 0.3237147275656532, 'generation': 669}","{'id': 36909, 'rank': 22, 'fitness': 0.3030062729832257, 'generation': 669}","{'id': 36813, 'rank': 23, 'fitness': 0.24226566762782586, 'generation': 669}","{'id': 36755, 'rank': 24, 'fitness': 0.20869309349172743, 'generation': 669}","{'id': 36940, 'rank': 25, 'fitness': 0.20565545330057733, 'generation': 669}","{'id': 36905, 'rank': 26, 'fitness': 0.14550271217256439, 'generation': 669}","{'id': 36928, 'rank': 27, 'fitness': 0.0911110725947406, 'generation': 669}","{'id': 36907, 'rank': 28, 'fitness': 0.034311017494734974, 'generation': 669}","{'id': 36924, 'rank': 29, 'fitness': 0.02861609759716227, 'generation': 669}","{'id': 36920, 'rank': 30, 'fitness': 0.01798620996209155, 'generation': 669}"
"{'id': 36970, 'rank': 1, 'fitness': 0.9820137900379085, 'generation': 670}","{'id': 36752, 'rank': 2, 'fitness': 0.9603450894448, 'generation': 670}","{'id': 36752, 'rank': 3, 'fitness': 0.9603450894448, 'generation': 670}","{'id': 36752, 'rank': 4, 'fitness': 0.9603450894448, 'generation': 670}","{'id': 36752, 'rank': 5, 'fitness': 0.9603450894448, 'generation': 670}","{'id': 36837, 'rank': 6, 'fitness': 0.7594529285091327, 'generation': 670}","{'id': 36850, 'rank': 7, 'fitness': 0.7462824403857169, 'generation': 670}","{'id': 36975, 'rank': 8, 'fitness': 0.37721900322440216, 'generation': 670}","{'id': 36820, 'rank': 9, 'fitness': 0.3667678205893413, 'generation': 670}","{'id': 36814, 'rank': 10, 'fitness': 0.2733088489979717, 'generation': 670}","{'id': 36814, 'rank': 11, 'fitness': 0.2733088489979717, 'generation': 670}","{'id': 36950, 'rank': 12, 'fitness': 0.2639373694524875, 'generation': 670}","{'id': 36985, 'rank': 13, 'fitness': 0.24970676970221029, 'generation': 670}","{'id': 36954, 'rank': 14, 'fitness': 0.22676447227521723, 'generation': 670}","{'id': 36954, 'rank': 15, 'fitness': 0.22676447227521723, 'generation': 670}","{'id': 36951, 'rank': 16, 'fitness': 0.11925839954939776, 'generation': 670}","{'id': 37001, 'rank': 17, 'fitness': 0.08677184600461252, 'generation': 670}","{'id': 37001, 'rank': 18, 'fitness': 0.08677184600461252, 'generation': 670}","{'id': 37001, 'rank': 19, 'fitness': 0.08677184600461252, 'generation': 670}","{'id': 36988, 'rank': 20, 'fitness': 0.07065163819603298, 'generation': 670}","{'id': 36988, 'rank': 21, 'fitness': 0.07065163819603298, 'generation': 670}","{'id': 36989, 'rank': 22, 'fitness': 0.04228520399612312, 'generation': 670}","{'id': 36989, 'rank': 23, 'fitness': 0.04228520399612312, 'generation': 670}","{'id': 36989, 'rank': 24, 'fitness': 0.04228520399612312, 'generation': 670}","{'id': 36969, 'rank': 25, 'fitness': 0.026902496179876834, 'generation': 670}","{'id': 36969, 'rank': 26, 'fitness': 0.026902496179876834, 'generation': 670}","{'id': 36957, 'rank': 27, 'fitness': 0.025064430067610832, 'generation': 670}","{'id': 36957, 'rank': 28, 'fitness': 0.025064430067610832, 'generation': 670}","{'id': 37008, 'rank': 29, 'fitness': 0.020918115517530644, 'generation': 670}","{'id': 36967, 'rank': 30, 'fitness': 0.01798620996209155, 'generation': 670}"
"{'id': 36970, 'rank': 1, 'fitness': 0.9820137900379085, 'generation': 671}","{'id': 36752, 'rank': 2, 'fitness': 0.9590204751799429, 'generation': 671}","{'id': 36752, 'rank': 3, 'fitness': 0.9590204751799429, 'generation': 671}","{'id': 36752, 'rank': 4, 'fitness': 0.9590204751799429, 'generation': 671}","{'id': 37058, 'rank': 5, 'fitness': 0.8348585062303049, 'generation': 671}","{'id': 37041, 'rank': 6, 'fitness': 0.7708285724932085, 'generation': 671}","{'id': 37041, 'rank': 7, 'fitness': 0.7708285724932085, 'generation': 671}","{'id': 36837, 'rank': 8, 'fitness': 0.7368451444334002, 'generation': 671}","{'id': 37042, 'rank': 9, 'fitness': 0.7275071052047345, 'generation': 671}","{'id': 37042, 'rank': 10, 'fitness': 0.7275071052047345, 'generation': 671}","{'id': 37043, 'rank': 11, 'fitness': 0.46024139780391904, 'generation': 671}","{'id': 37048, 'rank': 12, 'fitness': 0.44949885808565204, 'generation': 671}","{'id': 37048, 'rank': 13, 'fitness': 0.44949885808565204, 'generation': 671}","{'id': 37051, 'rank': 14, 'fitness': 0.4330572243514192, 'generation': 671}","{'id': 37047, 'rank': 15, 'fitness': 0.33513242727200127, 'generation': 671}","{'id': 36975, 'rank': 16, 'fitness': 0.3338208482760739, 'generation': 671}","{'id': 37057, 'rank': 17, 'fitness': 0.27797481075892516, 'generation': 671}","{'id': 36814, 'rank': 18, 'fitness': 0.23369661807940612, 'generation': 671}","{'id': 36950, 'rank': 19, 'fitness': 0.2249119164364201, 'generation': 671}","{'id': 36954, 'rank': 20, 'fitness': 0.19049381451167424, 'generation': 671}","{'id': 37019, 'rank': 21, 'fitness': 0.1715129910380701, 'generation': 671}","{'id': 37029, 'rank': 22, 'fitness': 0.10557720498387158, 'generation': 671}","{'id': 37001, 'rank': 23, 'fitness': 0.06777986018017385, 'generation': 671}","{'id': 37001, 'rank': 24, 'fitness': 0.06777986018017385, 'generation': 671}","{'id': 37032, 'rank': 25, 'fitness': 0.04235426569054579, 'generation': 671}","{'id': 37032, 'rank': 26, 'fitness': 0.04235426569054579, 'generation': 671}","{'id': 37035, 'rank': 27, 'fitness': 0.035526580377620354, 'generation': 671}","{'id': 36989, 'rank': 28, 'fitness': 0.03167646842983246, 'generation': 671}","{'id': 36957, 'rank': 29, 'fitness': 0.018278566907192595, 'generation': 671}","{'id': 37013, 'rank': 30, 'fitness': 0.01798620996209155, 'generation': 671}"
"{'id': 36970, 'rank': 1, 'fitness': 0.9820137900379085, 'generation': 672}","{'id': 36752, 'rank': 2, 'fitness': 0.9563373988230549, 'generation': 672}","{'id': 36752, 'rank': 3, 'fitness': 0.9563373988230549, 'generation': 672}","{'id': 37061, 'rank': 4, 'fitness': 0.8785363886526674, 'generation': 672}","{'id': 37061, 'rank': 5, 'fitness': 0.8785363886526674, 'generation': 672}","{'id': 37093, 'rank': 6, 'fitness': 0.8684191810022635, 'generation': 672}","{'id': 37105, 'rank': 7, 'fitness': 0.8539007391958583, 'generation': 672}","{'id': 37100, 'rank': 8, 'fitness': 0.8344483108257341, 'generation': 672}","{'id': 37041, 'rank': 9, 'fitness': 0.7301020572172943, 'generation': 672}","{'id': 37041, 'rank': 10, 'fitness': 0.7301020572172943, 'generation': 672}","{'id': 37042, 'rank': 11, 'fitness': 0.6783283844151514, 'generation': 672}","{'id': 37042, 'rank': 12, 'fitness': 0.6783283844151514, 'generation': 672}","{'id': 37042, 'rank': 13, 'fitness': 0.6783283844151514, 'generation': 672}","{'id': 37098, 'rank': 14, 'fitness': 0.5627064365262747, 'generation': 672}","{'id': 37043, 'rank': 15, 'fitness': 0.3811896952461044, 'generation': 672}","{'id': 37048, 'rank': 16, 'fitness': 0.37023399632021037, 'generation': 672}","{'id': 37051, 'rank': 17, 'fitness': 0.3536304089650174, 'generation': 672}","{'id': 37051, 'rank': 18, 'fitness': 0.3536304089650174, 'generation': 672}","{'id': 37057, 'rank': 19, 'fitness': 0.20721150379182246, 'generation': 672}","{'id': 36814, 'rank': 20, 'fitness': 0.1689543110051165, 'generation': 672}","{'id': 36814, 'rank': 21, 'fitness': 0.1689543110051165, 'generation': 672}","{'id': 36954, 'rank': 22, 'fitness': 0.13324441295003142, 'generation': 672}","{'id': 37019, 'rank': 23, 'fitness': 0.11808139090147196, 'generation': 672}","{'id': 37079, 'rank': 24, 'fitness': 0.058556853091355554, 'generation': 672}","{'id': 37079, 'rank': 25, 'fitness': 0.058556853091355554, 'generation': 672}","{'id': 37001, 'rank': 26, 'fitness': 0.041531694249314244, 'generation': 672}","{'id': 37104, 'rank': 27, 'fitness': 0.03672412626029864, 'generation': 672}","{'id': 37035, 'rank': 28, 'fitness': 0.020391575657335792, 'generation': 672}","{'id': 37035, 'rank': 29, 'fitness': 0.020391575657335792, 'generation': 672}","{'id': 36989, 'rank': 30, 'fitness': 0.01798620996209155, 'generation': 672}"
"{'id': 36752, 'rank': 1, 'fitness': 0.9820137900379085, 'generation': 673}","{'id': 36752, 'rank': 2, 'fitness': 0.9820137900379085, 'generation': 673}","{'id': 37114, 'rank': 3, 'fitness': 0.9739275623438615, 'generation': 673}","{'id': 37061, 'rank': 4, 'fitness': 0.9523171205315476, 'generation': 673}","{'id': 37093, 'rank': 5, 'fitness': 0.9483969808301871, 'generation': 673}","{'id': 37093, 'rank': 6, 'fitness': 0.9483969808301871, 'generation': 673}","{'id': 37093, 'rank': 7, 'fitness': 0.9483969808301871, 'generation': 673}","{'id': 37105, 'rank': 8, 'fitness': 0.9427238478935696, 'generation': 673}","{'id': 37041, 'rank': 9, 'fitness': 0.8910617436234141, 'generation': 673}","{'id': 37098, 'rank': 10, 'fitness': 0.8064720055451748, 'generation': 673}","{'id': 37115, 'rank': 11, 'fitness': 0.7512191516433241, 'generation': 673}","{'id': 37115, 'rank': 12, 'fitness': 0.7512191516433241, 'generation': 673}","{'id': 37136, 'rank': 13, 'fitness': 0.6958886919453539, 'generation': 673}","{'id': 37150, 'rank': 14, 'fitness': 0.674534576687353, 'generation': 673}","{'id': 37048, 'rank': 15, 'fitness': 0.671772010754538, 'generation': 673}","{'id': 37124, 'rank': 16, 'fitness': 0.6389820558483224, 'generation': 673}","{'id': 37124, 'rank': 17, 'fitness': 0.6389820558483224, 'generation': 673}","{'id': 37128, 'rank': 18, 'fitness': 0.5345526477366893, 'generation': 673}","{'id': 37057, 'rank': 19, 'fitness': 0.4951131633768078, 'generation': 673}","{'id': 37142, 'rank': 20, 'fitness': 0.4659483116479424, 'generation': 673}","{'id': 36814, 'rank': 21, 'fitness': 0.4384166675691023, 'generation': 673}","{'id': 37141, 'rank': 22, 'fitness': 0.3769682239016971, 'generation': 673}","{'id': 37079, 'rank': 23, 'fitness': 0.21038683440482892, 'generation': 673}","{'id': 37109, 'rank': 24, 'fitness': 0.1429718476208809, 'generation': 673}","{'id': 37137, 'rank': 25, 'fitness': 0.06608339480751069, 'generation': 673}","{'id': 37108, 'rank': 26, 'fitness': 0.06583253828686847, 'generation': 673}","{'id': 37127, 'rank': 27, 'fitness': 0.053569782591932125, 'generation': 673}","{'id': 37110, 'rank': 28, 'fitness': 0.029793937483044874, 'generation': 673}","{'id': 37110, 'rank': 29, 'fitness': 0.029793937483044874, 'generation': 673}","{'id': 37122, 'rank': 30, 'fitness': 0.01798620996209155, 'generation': 673}"
"{'id': 37189, 'rank': 1, 'fitness': 0.9820137900379085, 'generation': 674}","{'id': 37189, 'rank': 2, 'fitness': 0.9820137900379085, 'generation': 674}","{'id': 36752, 'rank': 3, 'fitness': 0.9791378825318455, 'generation': 674}","{'id': 36752, 'rank': 4, 'fitness': 0.9791378825318455, 'generation': 674}","{'id': 37114, 'rank': 5, 'fitness': 0.9707681244249393, 'generation': 674}","{'id': 37114, 'rank': 6, 'fitness': 0.9707681244249393, 'generation': 674}","{'id': 37093, 'rank': 7, 'fitness': 0.9456492078952263, 'generation': 674}","{'id': 37105, 'rank': 8, 'fitness': 0.9402447339482807, 'generation': 674}","{'id': 37192, 'rank': 9, 'fitness': 0.9283239882302076, 'generation': 674}","{'id': 37192, 'rank': 10, 'fitness': 0.9283239882302076, 'generation': 674}","{'id': 37098, 'rank': 11, 'fitness': 0.8181647678148976, 'generation': 674}","{'id': 37155, 'rank': 12, 'fitness': 0.7922035725360614, 'generation': 674}","{'id': 37136, 'rank': 13, 'fitness': 0.7226471645727426, 'generation': 674}","{'id': 37048, 'rank': 14, 'fitness': 0.7018102625807953, 'generation': 674}","{'id': 37124, 'rank': 15, 'fitness': 0.6733867930335717, 'generation': 674}","{'id': 37124, 'rank': 16, 'fitness': 0.6733867930335717, 'generation': 674}","{'id': 37057, 'rank': 17, 'fitness': 0.5462107550856828, 'generation': 674}","{'id': 37057, 'rank': 18, 'fitness': 0.5462107550856828, 'generation': 674}","{'id': 37153, 'rank': 19, 'fitness': 0.526752963308933, 'generation': 674}","{'id': 37141, 'rank': 20, 'fitness': 0.43666045986788615, 'generation': 674}","{'id': 37170, 'rank': 21, 'fitness': 0.39959745817728576, 'generation': 674}","{'id': 37195, 'rank': 22, 'fitness': 0.31499116231943625, 'generation': 674}","{'id': 37109, 'rank': 23, 'fitness': 0.19326299474678177, 'generation': 674}","{'id': 37108, 'rank': 24, 'fitness': 0.09847321444099888, 'generation': 674}","{'id': 37168, 'rank': 25, 'fitness': 0.08902495054732679, 'generation': 674}","{'id': 37168, 'rank': 26, 'fitness': 0.08902495054732679, 'generation': 674}","{'id': 37185, 'rank': 27, 'fitness': 0.05459335164573309, 'generation': 674}","{'id': 37169, 'rank': 28, 'fitness': 0.04150428296543629, 'generation': 674}","{'id': 37173, 'rank': 29, 'fitness': 0.01798620996209155, 'generation': 674}","{'id': 37173, 'rank': 30, 'fitness': 0.01798620996209155, 'generation': 674}"
"{'id': 36752, 'rank': 1, 'fitness': 0.9820137900379085, 'generation': 675}","{'id': 37114, 'rank': 2, 'fitness': 0.9749544070254168, 'generation': 675}","{'id': 37114, 'rank': 3, 'fitness': 0.9749544070254168, 'generation': 675}","{'id': 37093, 'rank': 4, 'fitness': 0.9538885008779943, 'generation': 675}","{'id': 37048, 'rank': 5, 'fitness': 0.745161667527229, 'generation': 675}","{'id': 37048, 'rank': 6, 'fitness': 0.745161667527229, 'generation': 675}","{'id': 37124, 'rank': 7, 'fitness': 0.7198044252946605, 'generation': 675}","{'id': 37124, 'rank': 8, 'fitness': 0.7198044252946605, 'generation': 675}","{'id': 37206, 'rank': 9, 'fitness': 0.6230654373553679, 'generation': 675}","{'id': 37261, 'rank': 10, 'fitness': 0.6145321538359126, 'generation': 675}","{'id': 37252, 'rank': 11, 'fitness': 0.5567914017341178, 'generation': 675}","{'id': 37252, 'rank': 12, 'fitness': 0.5567914017341178, 'generation': 675}","{'id': 37208, 'rank': 13, 'fitness': 0.5551623545325063, 'generation': 675}","{'id': 37208, 'rank': 14, 'fitness': 0.5551623545325063, 'generation': 675}","{'id': 37141, 'rank': 15, 'fitness': 0.49668063682409974, 'generation': 675}","{'id': 37207, 'rank': 16, 'fitness': 0.49363364589237124, 'generation': 675}","{'id': 37170, 'rank': 17, 'fitness': 0.459502941586133, 'generation': 675}","{'id': 37262, 'rank': 18, 'fitness': 0.3172554345350036, 'generation': 675}","{'id': 37243, 'rank': 19, 'fitness': 0.20473320036432158, 'generation': 675}","{'id': 37215, 'rank': 20, 'fitness': 0.20341700993766232, 'generation': 675}","{'id': 37211, 'rank': 21, 'fitness': 0.16156364200493056, 'generation': 675}","{'id': 37224, 'rank': 22, 'fitness': 0.09014752858253683, 'generation': 675}","{'id': 37221, 'rank': 23, 'fitness': 0.08170507588547732, 'generation': 675}","{'id': 37249, 'rank': 24, 'fitness': 0.07969302148941226, 'generation': 675}","{'id': 37232, 'rank': 25, 'fitness': 0.07561188693834875, 'generation': 675}","{'id': 37185, 'rank': 26, 'fitness': 0.07221331717875101, 'generation': 675}","{'id': 37240, 'rank': 27, 'fitness': 0.05463520578076353, 'generation': 675}","{'id': 37237, 'rank': 28, 'fitness': 0.031092816496983255, 'generation': 675}","{'id': 37233, 'rank': 29, 'fitness': 0.022309518172558496, 'generation': 675}","{'id': 37204, 'rank': 30, 'fitness': 0.01798620996209155, 'generation': 675}"
"{'id': 36752, 'rank': 1, 'fitness': 0.9820137900379085, 'generation': 676}","{'id': 36752, 'rank': 2, 'fitness': 0.9820137900379085, 'generation': 676}","{'id': 37313, 'rank': 3, 'fitness': 0.9795023628838755, 'generation': 676}","{'id': 37114, 'rank': 4, 'fitness': 0.9728847157948499, 'generation': 676}","{'id': 37093, 'rank': 5, 'fitness': 0.9424381858781858, 'generation': 676}","{'id': 37093, 'rank': 6, 'fitness': 0.9424381858781858, 'generation': 676}","{'id': 37271, 'rank': 7, 'fitness': 0.8814720387428819, 'generation': 676}","{'id': 37284, 'rank': 8, 'fitness': 0.8353049389062269, 'generation': 676}","{'id': 37309, 'rank': 9, 'fitness': 0.5920288992411072, 'generation': 676}","{'id': 37048, 'rank': 10, 'fitness': 0.5908839189174326, 'generation': 676}","{'id': 37124, 'rank': 11, 'fitness': 0.5515508064468573, 'generation': 676}","{'id': 37124, 'rank': 12, 'fitness': 0.5515508064468573, 'generation': 676}","{'id': 37261, 'rank': 13, 'fitness': 0.4048931584306438, 'generation': 676}","{'id': 37252, 'rank': 14, 'fitness': 0.3360861145936559, 'generation': 676}","{'id': 37270, 'rank': 15, 'fitness': 0.24315808137826678, 'generation': 676}","{'id': 37270, 'rank': 16, 'fitness': 0.24315808137826678, 'generation': 676}","{'id': 37286, 'rank': 17, 'fitness': 0.21313280486810443, 'generation': 676}","{'id': 37298, 'rank': 18, 'fitness': 0.18173309287025224, 'generation': 676}","{'id': 37287, 'rank': 19, 'fitness': 0.1691118674773655, 'generation': 676}","{'id': 37262, 'rank': 20, 'fitness': 0.12841823229834204, 'generation': 676}","{'id': 37304, 'rank': 21, 'fitness': 0.09219736037270948, 'generation': 676}","{'id': 37304, 'rank': 22, 'fitness': 0.09219736037270948, 'generation': 676}","{'id': 37319, 'rank': 23, 'fitness': 0.0895863139999532, 'generation': 676}","{'id': 37319, 'rank': 24, 'fitness': 0.0895863139999532, 'generation': 676}","{'id': 37312, 'rank': 25, 'fitness': 0.07926062926758004, 'generation': 676}","{'id': 37303, 'rank': 26, 'fitness': 0.067922506310784, 'generation': 676}","{'id': 37211, 'rank': 27, 'fitness': 0.047094526447655105, 'generation': 676}","{'id': 37301, 'rank': 28, 'fitness': 0.026283696661682066, 'generation': 676}","{'id': 37293, 'rank': 29, 'fitness': 0.020325221018060446, 'generation': 676}","{'id': 37249, 'rank': 30, 'fitness': 0.01798620996209155, 'generation': 676}"
"{'id': 36752, 'rank': 1, 'fitness': 0.9820137900379085, 'generation': 677}","{'id': 36752, 'rank': 2, 'fitness': 0.9820137900379085, 'generation': 677}","{'id': 36752, 'rank': 3, 'fitness': 0.9820137900379085, 'generation': 677}","{'id': 36752, 'rank': 4, 'fitness': 0.9820137900379085, 'generation': 677}","{'id': 37114, 'rank': 5, 'fitness': 0.9737195856636678, 'generation': 677}","{'id': 37114, 'rank': 6, 'fitness': 0.9737195856636678, 'generation': 677}","{'id': 37093, 'rank': 7, 'fitness': 0.9472394175202233, 'generation': 677}","{'id': 37093, 'rank': 8, 'fitness': 0.9472394175202233, 'generation': 677}","{'id': 37271, 'rank': 9, 'fitness': 0.8965085610393962, 'generation': 677}","{'id': 37370, 'rank': 10, 'fitness': 0.8909827784433482, 'generation': 677}","{'id': 37284, 'rank': 11, 'fitness': 0.858825444740595, 'generation': 677}","{'id': 37284, 'rank': 12, 'fitness': 0.858825444740595, 'generation': 677}","{'id': 37284, 'rank': 13, 'fitness': 0.858825444740595, 'generation': 677}","{'id': 37342, 'rank': 14, 'fitness': 0.7976162889261336, 'generation': 677}","{'id': 37333, 'rank': 15, 'fitness': 0.7334769311948633, 'generation': 677}","{'id': 37333, 'rank': 16, 'fitness': 0.7334769311948633, 'generation': 677}","{'id': 37369, 'rank': 17, 'fitness': 0.7229230425818182, 'generation': 677}","{'id': 37309, 'rank': 18, 'fitness': 0.6570096891958495, 'generation': 677}","{'id': 37124, 'rank': 19, 'fitness': 0.6218096318984792, 'generation': 677}","{'id': 37124, 'rank': 20, 'fitness': 0.6218096318984792, 'generation': 677}","{'id': 37331, 'rank': 21, 'fitness': 0.5125433772323951, 'generation': 677}","{'id': 37353, 'rank': 22, 'fitness': 0.2408311696582363, 'generation': 677}","{'id': 37353, 'rank': 23, 'fitness': 0.2408311696582363, 'generation': 677}","{'id': 37340, 'rank': 24, 'fitness': 0.15192651626665138, 'generation': 677}","{'id': 37319, 'rank': 25, 'fitness': 0.13763158581079976, 'generation': 677}","{'id': 37363, 'rank': 26, 'fitness': 0.06313710093787406, 'generation': 677}","{'id': 37363, 'rank': 27, 'fitness': 0.06313710093787406, 'generation': 677}","{'id': 37329, 'rank': 28, 'fitness': 0.03354518857164601, 'generation': 677}","{'id': 37329, 'rank': 29, 'fitness': 0.03354518857164601, 'generation': 677}","{'id': 37361, 'rank': 30, 'fitness': 0.01798620996209155, 'generation': 677}"
"{'id': 36752, 'rank': 1, 'fitness': 0.9820137900379085, 'generation': 678}","{'id': 36752, 'rank': 2, 'fitness': 0.9820137900379085, 'generation': 678}","{'id': 37114, 'rank': 3, 'fitness': 0.9744117296478417, 'generation': 678}","{'id': 37093, 'rank': 4, 'fitness': 0.9510325439700744, 'generation': 678}","{'id': 37093, 'rank': 5, 'fitness': 0.9510325439700744, 'generation': 678}","{'id': 37370, 'rank': 6, 'fitness': 0.9033525028404307, 'generation': 678}","{'id': 37370, 'rank': 7, 'fitness': 0.9033525028404307, 'generation': 678}","{'id': 37370, 'rank': 8, 'fitness': 0.9033525028404307, 'generation': 678}","{'id': 37416, 'rank': 9, 'fitness': 0.8373504405237544, 'generation': 678}","{'id': 37427, 'rank': 10, 'fitness': 0.8291429099137235, 'generation': 678}","{'id': 37427, 'rank': 11, 'fitness': 0.8291429099137235, 'generation': 678}","{'id': 37333, 'rank': 12, 'fitness': 0.772676527157524, 'generation': 678}","{'id': 37124, 'rank': 13, 'fitness': 0.6780427859860624, 'generation': 678}","{'id': 37124, 'rank': 14, 'fitness': 0.6780427859860624, 'generation': 678}","{'id': 37124, 'rank': 15, 'fitness': 0.6780427859860624, 'generation': 678}","{'id': 37124, 'rank': 16, 'fitness': 0.6780427859860624, 'generation': 678}","{'id': 37433, 'rank': 17, 'fitness': 0.5523386967815088, 'generation': 678}","{'id': 37376, 'rank': 18, 'fitness': 0.34177691458350057, 'generation': 678}","{'id': 37353, 'rank': 19, 'fitness': 0.31339654421801283, 'generation': 678}","{'id': 37353, 'rank': 20, 'fitness': 0.31339654421801283, 'generation': 678}","{'id': 37409, 'rank': 21, 'fitness': 0.27367528732902235, 'generation': 678}","{'id': 37319, 'rank': 22, 'fitness': 0.19423705026375848, 'generation': 678}","{'id': 37381, 'rank': 23, 'fitness': 0.12718026029651208, 'generation': 678}","{'id': 37425, 'rank': 24, 'fitness': 0.11045587365398185, 'generation': 678}","{'id': 37363, 'rank': 25, 'fitness': 0.09762413876391401, 'generation': 678}","{'id': 37390, 'rank': 26, 'fitness': 0.06798504778973513, 'generation': 678}","{'id': 37408, 'rank': 27, 'fitness': 0.06136024872962742, 'generation': 678}","{'id': 37372, 'rank': 28, 'fitness': 0.047827204781110355, 'generation': 678}","{'id': 37400, 'rank': 29, 'fitness': 0.026348761854352754, 'generation': 678}","{'id': 37420, 'rank': 30, 'fitness': 0.01798620996209155, 'generation': 678}"
"{'id': 36752, 'rank': 1, 'fitness': 0.9820137900379085, 'generation': 679}","{'id': 36752, 'rank': 2, 'fitness': 0.9820137900379085, 'generation': 679}","{'id': 37093, 'rank': 3, 'fitness': 0.9514070408041144, 'generation': 679}","{'id': 37370, 'rank': 4, 'fitness': 0.9045490717275395, 'generation': 679}","{'id': 37416, 'rank': 5, 'fitness': 0.8398461045391626, 'generation': 679}","{'id': 37427, 'rank': 6, 'fitness': 0.831803755138041, 'generation': 679}","{'id': 37427, 'rank': 7, 'fitness': 0.831803755138041, 'generation': 679}","{'id': 37427, 'rank': 8, 'fitness': 0.831803755138041, 'generation': 679}","{'id': 37467, 'rank': 9, 'fitness': 0.8141813327457745, 'generation': 679}","{'id': 37333, 'rank': 10, 'fitness': 0.7764621290454363, 'generation': 679}","{'id': 37440, 'rank': 11, 'fitness': 0.7582816913129222, 'generation': 679}","{'id': 37440, 'rank': 12, 'fitness': 0.7582816913129222, 'generation': 679}","{'id': 37124, 'rank': 13, 'fitness': 0.6835663541536449, 'generation': 679}","{'id': 37124, 'rank': 14, 'fitness': 0.6835663541536449, 'generation': 679}","{'id': 37124, 'rank': 15, 'fitness': 0.6835663541536449, 'generation': 679}","{'id': 37473, 'rank': 16, 'fitness': 0.5910636814857257, 'generation': 679}","{'id': 37443, 'rank': 17, 'fitness': 0.5658585498636066, 'generation': 679}","{'id': 37448, 'rank': 18, 'fitness': 0.4560203700994959, 'generation': 679}","{'id': 37441, 'rank': 19, 'fitness': 0.3900213660140704, 'generation': 679}","{'id': 37478, 'rank': 20, 'fitness': 0.3751290091478951, 'generation': 679}","{'id': 37353, 'rank': 21, 'fitness': 0.3214907587095435, 'generation': 679}","{'id': 37409, 'rank': 22, 'fitness': 0.28146645365954304, 'generation': 679}","{'id': 37480, 'rank': 23, 'fitness': 0.12204727146698818, 'generation': 679}","{'id': 37425, 'rank': 24, 'fitness': 0.11521247558373504, 'generation': 679}","{'id': 37408, 'rank': 25, 'fitness': 0.06445654901310804, 'generation': 679}","{'id': 37461, 'rank': 26, 'fitness': 0.06214002916403133, 'generation': 679}","{'id': 37465, 'rank': 27, 'fitness': 0.05832711446200178, 'generation': 679}","{'id': 37372, 'rank': 28, 'fitness': 0.050375523446698156, 'generation': 679}","{'id': 37442, 'rank': 29, 'fitness': 0.03625919147104972, 'generation': 679}","{'id': 37454, 'rank': 30, 'fitness': 0.01798620996209155, 'generation': 679}"
"{'id': 37093, 'rank': 1, 'fitness': 0.9820137900379085, 'generation': 680}","{'id': 37510, 'rank': 2, 'fitness': 0.964677132491422, 'generation': 680}","{'id': 37510, 'rank': 3, 'fitness': 0.964677132491422, 'generation': 680}","{'id': 37505, 'rank': 4, 'fitness': 0.9326513655773321, 'generation': 680}","{'id': 37427, 'rank': 5, 'fitness': 0.9304454973753875, 'generation': 680}","{'id': 37499, 'rank': 6, 'fitness': 0.8979391521562954, 'generation': 680}","{'id': 37440, 'rank': 7, 'fitness': 0.8936232337332801, 'generation': 680}","{'id': 37440, 'rank': 8, 'fitness': 0.8936232337332801, 'generation': 680}","{'id': 37124, 'rank': 9, 'fitness': 0.8515701910896958, 'generation': 680}","{'id': 37124, 'rank': 10, 'fitness': 0.8515701910896958, 'generation': 680}","{'id': 37512, 'rank': 11, 'fitness': 0.8236299235006509, 'generation': 680}","{'id': 37547, 'rank': 12, 'fitness': 0.7899961956157968, 'generation': 680}","{'id': 37550, 'rank': 13, 'fitness': 0.7839962591670427, 'generation': 680}","{'id': 37448, 'rank': 14, 'fitness': 0.6855591199091725, 'generation': 680}","{'id': 37441, 'rank': 15, 'fitness': 0.6230694603826935, 'generation': 680}","{'id': 37478, 'rank': 16, 'fitness': 0.6078178848810898, 'generation': 680}","{'id': 37527, 'rank': 17, 'fitness': 0.5334580259513297, 'generation': 680}","{'id': 37503, 'rank': 18, 'fitness': 0.5032256983601539, 'generation': 680}","{'id': 37500, 'rank': 19, 'fitness': 0.4094319177936865, 'generation': 680}","{'id': 37529, 'rank': 20, 'fitness': 0.3396098878539592, 'generation': 680}","{'id': 37508, 'rank': 21, 'fitness': 0.29883989480783774, 'generation': 680}","{'id': 37532, 'rank': 22, 'fitness': 0.2834092894678838, 'generation': 680}","{'id': 37490, 'rank': 23, 'fitness': 0.2546731112398505, 'generation': 680}","{'id': 37530, 'rank': 24, 'fitness': 0.23335184355079697, 'generation': 680}","{'id': 37515, 'rank': 25, 'fitness': 0.17522725875742545, 'generation': 680}","{'id': 37502, 'rank': 26, 'fitness': 0.1274528566272647, 'generation': 680}","{'id': 37545, 'rank': 27, 'fitness': 0.07969446721982992, 'generation': 680}","{'id': 37489, 'rank': 28, 'fitness': 0.07353696170860136, 'generation': 680}","{'id': 37493, 'rank': 29, 'fitness': 0.029641041717534733, 'generation': 680}","{'id': 37535, 'rank': 30, 'fitness': 0.01798620996209155, 'generation': 680}"
"{'id': 37592, 'rank': 1, 'fitness': 0.9820137900379085, 'generation': 681}","{'id': 37510, 'rank': 2, 'fitness': 0.8937151728803068, 'generation': 681}","{'id': 37499, 'rank': 3, 'fitness': 0.7665225433614338, 'generation': 681}","{'id': 37499, 'rank': 4, 'fitness': 0.7665225433614338, 'generation': 681}","{'id': 37440, 'rank': 5, 'fitness': 0.7595820667599117, 'generation': 681}","{'id': 37440, 'rank': 6, 'fitness': 0.7595820667599117, 'generation': 681}","{'id': 37440, 'rank': 7, 'fitness': 0.7595820667599117, 'generation': 681}","{'id': 37440, 'rank': 8, 'fitness': 0.7595820667599117, 'generation': 681}","{'id': 37124, 'rank': 9, 'fitness': 0.69715361534096, 'generation': 681}","{'id': 37124, 'rank': 10, 'fitness': 0.69715361534096, 'generation': 681}","{'id': 37604, 'rank': 11, 'fitness': 0.6824575555015607, 'generation': 681}","{'id': 37602, 'rank': 12, 'fitness': 0.46078882235980956, 'generation': 681}","{'id': 37602, 'rank': 13, 'fitness': 0.46078882235980956, 'generation': 681}","{'id': 37603, 'rank': 14, 'fitness': 0.3822993767050386, 'generation': 681}","{'id': 37603, 'rank': 15, 'fitness': 0.3822993767050386, 'generation': 681}","{'id': 37579, 'rank': 16, 'fitness': 0.3699750411477804, 'generation': 681}","{'id': 37586, 'rank': 17, 'fitness': 0.35734741105434376, 'generation': 681}","{'id': 37503, 'rank': 18, 'fitness': 0.35297546748329817, 'generation': 681}","{'id': 37582, 'rank': 19, 'fitness': 0.2818007126954728, 'generation': 681}","{'id': 37591, 'rank': 20, 'fitness': 0.2779806374919731, 'generation': 681}","{'id': 37584, 'rank': 21, 'fitness': 0.2640316516833951, 'generation': 681}","{'id': 37529, 'rank': 22, 'fitness': 0.2370603213816384, 'generation': 681}","{'id': 37532, 'rank': 23, 'fitness': 0.1999063739539108, 'generation': 681}","{'id': 37554, 'rank': 24, 'fitness': 0.1985572428912395, 'generation': 681}","{'id': 37530, 'rank': 25, 'fitness': 0.16738093152124878, 'generation': 681}","{'id': 37515, 'rank': 26, 'fitness': 0.12978887187896576, 'generation': 681}","{'id': 37576, 'rank': 27, 'fitness': 0.06052031214638004, 'generation': 681}","{'id': 37561, 'rank': 28, 'fitness': 0.04948539775567723, 'generation': 681}","{'id': 37610, 'rank': 29, 'fitness': 0.01942110451000001, 'generation': 681}","{'id': 37597, 'rank': 30, 'fitness': 0.01798620996209155, 'generation': 681}"
"{'id': 37592, 'rank': 1, 'fitness': 0.9820137900379085, 'generation': 682}","{'id': 37617, 'rank': 2, 'fitness': 0.7455847540124485, 'generation': 682}","{'id': 37617, 'rank': 3, 'fitness': 0.7455847540124485, 'generation': 682}","{'id': 37499, 'rank': 4, 'fitness': 0.6663003139074779, 'generation': 682}","{'id': 37440, 'rank': 5, 'fitness': 0.6561805623171536, 'generation': 682}","{'id': 37440, 'rank': 6, 'fitness': 0.6561805623171536, 'generation': 682}","{'id': 37124, 'rank': 7, 'fitness': 0.5680021371601899, 'generation': 682}","{'id': 37124, 'rank': 8, 'fitness': 0.5680021371601899, 'generation': 682}","{'id': 37124, 'rank': 9, 'fitness': 0.5680021371601899, 'generation': 682}","{'id': 37124, 'rank': 10, 'fitness': 0.5680021371601899, 'generation': 682}","{'id': 37604, 'rank': 11, 'fitness': 0.548066711764324, 'generation': 682}","{'id': 37624, 'rank': 12, 'fitness': 0.5114486297462209, 'generation': 682}","{'id': 37624, 'rank': 13, 'fitness': 0.5114486297462209, 'generation': 682}","{'id': 37639, 'rank': 14, 'fitness': 0.4161403437445731, 'generation': 682}","{'id': 37645, 'rank': 15, 'fitness': 0.3243950979733907, 'generation': 682}","{'id': 37602, 'rank': 16, 'fitness': 0.290587464400382, 'generation': 682}","{'id': 37602, 'rank': 17, 'fitness': 0.290587464400382, 'generation': 682}","{'id': 37603, 'rank': 18, 'fitness': 0.21887475745436302, 'generation': 682}","{'id': 37503, 'rank': 19, 'fitness': 0.19454518085683736, 'generation': 682}","{'id': 37591, 'rank': 20, 'fitness': 0.13813030283449507, 'generation': 682}","{'id': 37591, 'rank': 21, 'fitness': 0.13813030283449507, 'generation': 682}","{'id': 37636, 'rank': 22, 'fitness': 0.13660075585703257, 'generation': 682}","{'id': 37529, 'rank': 23, 'fitness': 0.11074148192669553, 'generation': 682}","{'id': 37627, 'rank': 24, 'fitness': 0.09295266969980165, 'generation': 682}","{'id': 37627, 'rank': 25, 'fitness': 0.09295266969980165, 'generation': 682}","{'id': 37532, 'rank': 26, 'fitness': 0.08788237319762848, 'generation': 682}","{'id': 37649, 'rank': 27, 'fitness': 0.0822723873627258, 'generation': 682}","{'id': 37515, 'rank': 28, 'fitness': 0.04987928600890862, 'generation': 682}","{'id': 37648, 'rank': 29, 'fitness': 0.03372004413344659, 'generation': 682}","{'id': 37652, 'rank': 30, 'fitness': 0.01798620996209155, 'generation': 682}"
"{'id': 37592, 'rank': 1, 'fitness': 0.9820137900379085, 'generation': 683}","{'id': 37711, 'rank': 2, 'fitness': 0.9794631213468107, 'generation': 683}","{'id': 37676, 'rank': 3, 'fitness': 0.9151214651160423, 'generation': 683}","{'id': 37677, 'rank': 4, 'fitness': 0.900132091300704, 'generation': 683}","{'id': 37689, 'rank': 5, 'fitness': 0.7945395918524376, 'generation': 683}","{'id': 37696, 'rank': 6, 'fitness': 0.7585722631118352, 'generation': 683}","{'id': 37686, 'rank': 7, 'fitness': 0.719155471069084, 'generation': 683}","{'id': 37694, 'rank': 8, 'fitness': 0.669033863850031, 'generation': 683}","{'id': 37440, 'rank': 9, 'fitness': 0.6535446796324443, 'generation': 683}","{'id': 37440, 'rank': 10, 'fitness': 0.6535446796324443, 'generation': 683}","{'id': 37124, 'rank': 11, 'fitness': 0.5648197765284428, 'generation': 683}","{'id': 37124, 'rank': 12, 'fitness': 0.5648197765284428, 'generation': 683}","{'id': 37124, 'rank': 13, 'fitness': 0.5648197765284428, 'generation': 683}","{'id': 37124, 'rank': 14, 'fitness': 0.5648197765284428, 'generation': 683}","{'id': 37624, 'rank': 15, 'fitness': 0.5080122915403005, 'generation': 683}","{'id': 37624, 'rank': 16, 'fitness': 0.5080122915403005, 'generation': 683}","{'id': 37624, 'rank': 17, 'fitness': 0.5080122915403005, 'generation': 683}","{'id': 37624, 'rank': 18, 'fitness': 0.5080122915403005, 'generation': 683}","{'id': 37639, 'rank': 19, 'fitness': 0.4124792731060756, 'generation': 683}","{'id': 37639, 'rank': 20, 'fitness': 0.4124792731060756, 'generation': 683}","{'id': 37673, 'rank': 21, 'fitness': 0.3377960881060892, 'generation': 683}","{'id': 37705, 'rank': 22, 'fitness': 0.28539516998719017, 'generation': 683}","{'id': 37671, 'rank': 23, 'fitness': 0.2573642688102169, 'generation': 683}","{'id': 37692, 'rank': 24, 'fitness': 0.2531286819064701, 'generation': 683}","{'id': 37697, 'rank': 25, 'fitness': 0.23667825937767684, 'generation': 683}","{'id': 37591, 'rank': 26, 'fitness': 0.13573400595784713, 'generation': 683}","{'id': 37636, 'rank': 27, 'fitness': 0.13422164490686456, 'generation': 683}","{'id': 37708, 'rank': 28, 'fitness': 0.07762307765875615, 'generation': 683}","{'id': 37681, 'rank': 29, 'fitness': 0.04204212357102427, 'generation': 683}","{'id': 37683, 'rank': 30, 'fitness': 0.01798620996209155, 'generation': 683}"
"{'id': 37677, 'rank': 1, 'fitness': 0.9820137900379085, 'generation': 684}","{'id': 37677, 'rank': 2, 'fitness': 0.9820137900379085, 'generation': 684}","{'id': 37677, 'rank': 3, 'fitness': 0.9820137900379085, 'generation': 684}","{'id': 37754, 'rank': 4, 'fitness': 0.9674933533668806, 'generation': 684}","{'id': 37731, 'rank': 5, 'fitness': 0.9673979055299013, 'generation': 684}","{'id': 37736, 'rank': 6, 'fitness': 0.9195277697551402, 'generation': 684}","{'id': 37694, 'rank': 7, 'fitness': 0.8721957323581722, 'generation': 684}","{'id': 37440, 'rank': 8, 'fitness': 0.8610818701157343, 'generation': 684}","{'id': 37440, 'rank': 9, 'fitness': 0.8610818701157343, 'generation': 684}","{'id': 37124, 'rank': 10, 'fitness': 0.7865353245994091, 'generation': 684}","{'id': 37124, 'rank': 11, 'fitness': 0.7865353245994091, 'generation': 684}","{'id': 37124, 'rank': 12, 'fitness': 0.7865353245994091, 'generation': 684}","{'id': 37624, 'rank': 13, 'fitness': 0.7283039461739802, 'generation': 684}","{'id': 37714, 'rank': 14, 'fitness': 0.610606176446369, 'generation': 684}","{'id': 37724, 'rank': 15, 'fitness': 0.5443031938940098, 'generation': 684}","{'id': 37705, 'rank': 16, 'fitness': 0.4169371711849891, 'generation': 684}","{'id': 37719, 'rank': 17, 'fitness': 0.3401841775409009, 'generation': 684}","{'id': 37719, 'rank': 18, 'fitness': 0.3401841775409009, 'generation': 684}","{'id': 37719, 'rank': 19, 'fitness': 0.3401841775409009, 'generation': 684}","{'id': 37767, 'rank': 20, 'fitness': 0.23925989535875786, 'generation': 684}","{'id': 37771, 'rank': 21, 'fitness': 0.18114612104949335, 'generation': 684}","{'id': 37591, 'rank': 22, 'fitness': 0.16332527806021496, 'generation': 684}","{'id': 37772, 'rank': 23, 'fitness': 0.08518107319880075, 'generation': 684}","{'id': 37750, 'rank': 24, 'fitness': 0.07633773417181827, 'generation': 684}","{'id': 37734, 'rank': 25, 'fitness': 0.061760755451227334, 'generation': 684}","{'id': 37755, 'rank': 26, 'fitness': 0.04311983600073521, 'generation': 684}","{'id': 37727, 'rank': 27, 'fitness': 0.03603874751174496, 'generation': 684}","{'id': 37727, 'rank': 28, 'fitness': 0.03603874751174496, 'generation': 684}","{'id': 37762, 'rank': 29, 'fitness': 0.025039660643869976, 'generation': 684}","{'id': 37721, 'rank': 30, 'fitness': 0.01798620996209155, 'generation': 684}"
"{'id': 37677, 'rank': 1, 'fitness': 0.9820137900379085, 'generation': 685}","{'id': 37677, 'rank': 2, 'fitness': 0.9820137900379085, 'generation': 685}","{'id': 37754, 'rank': 3, 'fitness': 0.9710067237645796, 'generation': 685}","{'id': 37754, 'rank': 4, 'fitness': 0.9710067237645796, 'generation': 685}","{'id': 37731, 'rank': 5, 'fitness': 0.9709379188923821, 'generation': 685}","{'id': 37781, 'rank': 6, 'fitness': 0.9445660150754448, 'generation': 685}","{'id': 37440, 'rank': 7, 'fitness': 0.904431277098268, 'generation': 685}","{'id': 37124, 'rank': 8, 'fitness': 0.8615811604228656, 'generation': 685}","{'id': 37124, 'rank': 9, 'fitness': 0.8615811604228656, 'generation': 685}","{'id': 37799, 'rank': 10, 'fitness': 0.7832534208576877, 'generation': 685}","{'id': 37714, 'rank': 11, 'fitness': 0.7577412459007149, 'generation': 685}","{'id': 37705, 'rank': 12, 'fitness': 0.6242986937730549, 'generation': 685}","{'id': 37778, 'rank': 13, 'fitness': 0.556450968719018, 'generation': 685}","{'id': 37824, 'rank': 14, 'fitness': 0.4851566731608932, 'generation': 685}","{'id': 37825, 'rank': 15, 'fitness': 0.47716710991234873, 'generation': 685}","{'id': 37793, 'rank': 16, 'fitness': 0.3033363574391094, 'generation': 685}","{'id': 37793, 'rank': 17, 'fitness': 0.3033363574391094, 'generation': 685}","{'id': 37750, 'rank': 18, 'fitness': 0.22612788084748303, 'generation': 685}","{'id': 37750, 'rank': 19, 'fitness': 0.22612788084748303, 'generation': 685}","{'id': 37814, 'rank': 20, 'fitness': 0.22293398712121387, 'generation': 685}","{'id': 37797, 'rank': 21, 'fitness': 0.1972465580291063, 'generation': 685}","{'id': 37816, 'rank': 22, 'fitness': 0.19437061746956957, 'generation': 685}","{'id': 37827, 'rank': 23, 'fitness': 0.18141571507325444, 'generation': 685}","{'id': 37795, 'rank': 24, 'fitness': 0.1532174368344859, 'generation': 685}","{'id': 37727, 'rank': 25, 'fitness': 0.13362309276733453, 'generation': 685}","{'id': 37828, 'rank': 26, 'fitness': 0.12401579287546699, 'generation': 685}","{'id': 37762, 'rank': 27, 'fitness': 0.10231632728530105, 'generation': 685}","{'id': 37830, 'rank': 28, 'fitness': 0.05965656237821548, 'generation': 685}","{'id': 37774, 'rank': 29, 'fitness': 0.031203671618387496, 'generation': 685}","{'id': 37812, 'rank': 30, 'fitness': 0.01798620996209155, 'generation': 685}"
"{'id': 37864, 'rank': 1, 'fitness': 0.9820137900379085, 'generation': 686}","{'id': 37864, 'rank': 2, 'fitness': 0.9820137900379085, 'generation': 686}","{'id': 37677, 'rank': 3, 'fitness': 0.9557646056280706, 'generation': 686}","{'id': 37754, 'rank': 4, 'fitness': 0.9278594199552517, 'generation': 686}","{'id': 37754, 'rank': 5, 'fitness': 0.9278594199552517, 'generation': 686}","{'id': 37843, 'rank': 6, 'fitness': 0.9129909611675254, 'generation': 686}","{'id': 37843, 'rank': 7, 'fitness': 0.9129909611675254, 'generation': 686}","{'id': 37781, 'rank': 8, 'fitness': 0.8626004268072496, 'generation': 686}","{'id': 37876, 'rank': 9, 'fitness': 0.8328612070603569, 'generation': 686}","{'id': 37867, 'rank': 10, 'fitness': 0.8269262737691792, 'generation': 686}","{'id': 37859, 'rank': 11, 'fitness': 0.6864608407586643, 'generation': 686}","{'id': 37859, 'rank': 12, 'fitness': 0.6864608407586643, 'generation': 686}","{'id': 37124, 'rank': 13, 'fitness': 0.6831336301667645, 'generation': 686}","{'id': 37799, 'rank': 14, 'fitness': 0.5476260468438636, 'generation': 686}","{'id': 37799, 'rank': 15, 'fitness': 0.5476260468438636, 'generation': 686}","{'id': 37799, 'rank': 16, 'fitness': 0.5476260468438636, 'generation': 686}","{'id': 37849, 'rank': 17, 'fitness': 0.3518738168872375, 'generation': 686}","{'id': 37873, 'rank': 18, 'fitness': 0.3032631310587309, 'generation': 686}","{'id': 37873, 'rank': 19, 'fitness': 0.3032631310587309, 'generation': 686}","{'id': 37825, 'rank': 20, 'fitness': 0.21934478094317028, 'generation': 686}","{'id': 37825, 'rank': 21, 'fitness': 0.21934478094317028, 'generation': 686}","{'id': 37882, 'rank': 22, 'fitness': 0.1771976601425727, 'generation': 686}","{'id': 37871, 'rank': 23, 'fitness': 0.13123027620964517, 'generation': 686}","{'id': 37750, 'rank': 24, 'fitness': 0.07739406740394195, 'generation': 686}","{'id': 37844, 'rank': 25, 'fitness': 0.07619388235090063, 'generation': 686}","{'id': 37814, 'rank': 26, 'fitness': 0.0760152614533045, 'generation': 686}","{'id': 37795, 'rank': 27, 'fitness': 0.0480173518790879, 'generation': 686}","{'id': 37828, 'rank': 28, 'fitness': 0.03742062793719747, 'generation': 686}","{'id': 37860, 'rank': 29, 'fitness': 0.027340030961583273, 'generation': 686}","{'id': 37854, 'rank': 30, 'fitness': 0.01798620996209155, 'generation': 686}"
"{'id': 37677, 'rank': 1, 'fitness': 0.9820137900379085, 'generation': 687}","{'id': 37677, 'rank': 2, 'fitness': 0.9820137900379085, 'generation': 687}","{'id': 37754, 'rank': 3, 'fitness': 0.9662439681243242, 'generation': 687}","{'id': 37754, 'rank': 4, 'fitness': 0.9662439681243242, 'generation': 687}","{'id': 37843, 'rank': 5, 'fitness': 0.9569283879252573, 'generation': 687}","{'id': 37914, 'rank': 6, 'fitness': 0.9264866233222354, 'generation': 687}","{'id': 37781, 'rank': 7, 'fitness': 0.9213932751832373, 'generation': 687}","{'id': 37876, 'rank': 8, 'fitness': 0.8978760629382063, 'generation': 687}","{'id': 37876, 'rank': 9, 'fitness': 0.8978760629382063, 'generation': 687}","{'id': 37867, 'rank': 10, 'fitness': 0.892975833687335, 'generation': 687}","{'id': 37898, 'rank': 11, 'fitness': 0.865416551709459, 'generation': 687}","{'id': 37898, 'rank': 12, 'fitness': 0.865416551709459, 'generation': 687}","{'id': 37912, 'rank': 13, 'fitness': 0.789723479279622, 'generation': 687}","{'id': 37912, 'rank': 14, 'fitness': 0.789723479279622, 'generation': 687}","{'id': 37912, 'rank': 15, 'fitness': 0.789723479279622, 'generation': 687}","{'id': 37912, 'rank': 16, 'fitness': 0.789723479279622, 'generation': 687}","{'id': 37912, 'rank': 17, 'fitness': 0.789723479279622, 'generation': 687}","{'id': 37859, 'rank': 18, 'fitness': 0.7595185281565973, 'generation': 687}","{'id': 37124, 'rank': 19, 'fitness': 0.7559961968325031, 'generation': 687}","{'id': 37799, 'rank': 20, 'fitness': 0.6016642660479573, 'generation': 687}","{'id': 37799, 'rank': 21, 'fitness': 0.6016642660479573, 'generation': 687}","{'id': 37849, 'rank': 22, 'fitness': 0.3575870441752683, 'generation': 687}","{'id': 37893, 'rank': 23, 'fitness': 0.3318272154987195, 'generation': 687}","{'id': 37893, 'rank': 24, 'fitness': 0.3318272154987195, 'generation': 687}","{'id': 37825, 'rank': 25, 'fitness': 0.19689438639572437, 'generation': 687}","{'id': 37907, 'rank': 26, 'fitness': 0.12337761880966025, 'generation': 687}","{'id': 37883, 'rank': 27, 'fitness': 0.05645568043703364, 'generation': 687}","{'id': 37938, 'rank': 28, 'fitness': 0.024081899040983457, 'generation': 687}","{'id': 37828, 'rank': 29, 'fitness': 0.02047115316804171, 'generation': 687}","{'id': 37939, 'rank': 30, 'fitness': 0.01798620996209155, 'generation': 687}"
"{'id': 37677, 'rank': 1, 'fitness': 0.9820137900379085, 'generation': 688}","{'id': 37677, 'rank': 2, 'fitness': 0.9820137900379085, 'generation': 688}","{'id': 37677, 'rank': 3, 'fitness': 0.9820137900379085, 'generation': 688}","{'id': 37677, 'rank': 4, 'fitness': 0.9820137900379085, 'generation': 688}","{'id': 37754, 'rank': 5, 'fitness': 0.9717121070997676, 'generation': 688}","{'id': 37843, 'rank': 6, 'fitness': 0.9662615100480565, 'generation': 688}","{'id': 37914, 'rank': 7, 'fitness': 0.9501676474558742, 'generation': 688}","{'id': 37876, 'rank': 8, 'fitness': 0.9364090545256565, 'generation': 688}","{'id': 37867, 'rank': 9, 'fitness': 0.9341355652993966, 'generation': 688}","{'id': 37898, 'rank': 10, 'fitness': 0.9216592743278017, 'generation': 688}","{'id': 37976, 'rank': 11, 'fitness': 0.9089233569454005, 'generation': 688}","{'id': 37912, 'rank': 12, 'fitness': 0.8888665370804134, 'generation': 688}","{'id': 37971, 'rank': 13, 'fitness': 0.8795398623183893, 'generation': 688}","{'id': 37859, 'rank': 14, 'fitness': 0.8759818072764296, 'generation': 688}","{'id': 37859, 'rank': 15, 'fitness': 0.8759818072764296, 'generation': 688}","{'id': 37124, 'rank': 16, 'fitness': 0.8744781262676113, 'generation': 688}","{'id': 37799, 'rank': 17, 'fitness': 0.8062149350073362, 'generation': 688}","{'id': 37992, 'rank': 18, 'fitness': 0.7037116952144499, 'generation': 688}","{'id': 37964, 'rank': 19, 'fitness': 0.5420517799723306, 'generation': 688}","{'id': 37907, 'rank': 20, 'fitness': 0.43109363345743784, 'generation': 688}","{'id': 37983, 'rank': 21, 'fitness': 0.3868729457381878, 'generation': 688}","{'id': 38006, 'rank': 22, 'fitness': 0.384807311221535, 'generation': 688}","{'id': 37950, 'rank': 23, 'fitness': 0.18740000489595782, 'generation': 688}","{'id': 37993, 'rank': 24, 'fitness': 0.16484359598838227, 'generation': 688}","{'id': 37963, 'rank': 25, 'fitness': 0.1277480025563305, 'generation': 688}","{'id': 37974, 'rank': 26, 'fitness': 0.11832670724494843, 'generation': 688}","{'id': 37972, 'rank': 27, 'fitness': 0.11727876885052047, 'generation': 688}","{'id': 37969, 'rank': 28, 'fitness': 0.08746433320397062, 'generation': 688}","{'id': 37998, 'rank': 29, 'fitness': 0.0524102168704253, 'generation': 688}","{'id': 37977, 'rank': 30, 'fitness': 0.01798620996209155, 'generation': 688}"
"{'id': 37677, 'rank': 1, 'fitness': 0.9820137900379085, 'generation': 689}","{'id': 37677, 'rank': 2, 'fitness': 0.9820137900379085, 'generation': 689}","{'id': 37677, 'rank': 3, 'fitness': 0.9820137900379085, 'generation': 689}","{'id': 37677, 'rank': 4, 'fitness': 0.9820137900379085, 'generation': 689}","{'id': 38060, 'rank': 5, 'fitness': 0.9759312681466424, 'generation': 689}","{'id': 37754, 'rank': 6, 'fitness': 0.9711469629957488, 'generation': 689}","{'id': 37914, 'rank': 7, 'fitness': 0.9479325040648152, 'generation': 689}","{'id': 37867, 'rank': 8, 'fitness': 0.9303958348435438, 'generation': 689}","{'id': 37976, 'rank': 9, 'fitness': 0.9025493235468167, 'generation': 689}","{'id': 37976, 'rank': 10, 'fitness': 0.9025493235468167, 'generation': 689}","{'id': 37859, 'rank': 11, 'fitness': 0.8658839334230339, 'generation': 689}","{'id': 37124, 'rank': 12, 'fitness': 0.8642057910837444, 'generation': 689}","{'id': 38079, 'rank': 13, 'fitness': 0.840717480114368, 'generation': 689}","{'id': 38079, 'rank': 14, 'fitness': 0.840717480114368, 'generation': 689}","{'id': 37964, 'rank': 15, 'fitness': 0.5000584118130543, 'generation': 689}","{'id': 38039, 'rank': 16, 'fitness': 0.4596323943095029, 'generation': 689}","{'id': 38044, 'rank': 17, 'fitness': 0.39841541739368386, 'generation': 689}","{'id': 37983, 'rank': 18, 'fitness': 0.341527901164146, 'generation': 689}","{'id': 38015, 'rank': 19, 'fitness': 0.3009348782816784, 'generation': 689}","{'id': 38072, 'rank': 20, 'fitness': 0.25517265958571456, 'generation': 689}","{'id': 37950, 'rank': 21, 'fitness': 0.15352175412842467, 'generation': 689}","{'id': 38042, 'rank': 22, 'fitness': 0.13687949408090533, 'generation': 689}","{'id': 37993, 'rank': 23, 'fitness': 0.13357531954389723, 'generation': 689}","{'id': 37974, 'rank': 24, 'fitness': 0.09343372754587126, 'generation': 689}","{'id': 38046, 'rank': 25, 'fitness': 0.08636235113687507, 'generation': 689}","{'id': 38055, 'rank': 26, 'fitness': 0.049266407287270386, 'generation': 689}","{'id': 38033, 'rank': 27, 'fitness': 0.045159325881735046, 'generation': 689}","{'id': 38068, 'rank': 28, 'fitness': 0.03492034730721261, 'generation': 689}","{'id': 38071, 'rank': 29, 'fitness': 0.030385928763105308, 'generation': 689}","{'id': 38019, 'rank': 30, 'fitness': 0.01798620996209155, 'generation': 689}"
"{'id': 38131, 'rank': 1, 'fitness': 0.9820137900379085, 'generation': 690}","{'id': 37754, 'rank': 2, 'fitness': 0.9649415908484043, 'generation': 690}","{'id': 37914, 'rank': 3, 'fitness': 0.936461006735562, 'generation': 690}","{'id': 38094, 'rank': 4, 'fitness': 0.9144885118503003, 'generation': 690}","{'id': 38094, 'rank': 5, 'fitness': 0.9144885118503003, 'generation': 690}","{'id': 38098, 'rank': 6, 'fitness': 0.882230563334054, 'generation': 690}","{'id': 37124, 'rank': 7, 'fitness': 0.8350907306325008, 'generation': 690}","{'id': 38079, 'rank': 8, 'fitness': 0.8072100269895375, 'generation': 690}","{'id': 38114, 'rank': 9, 'fitness': 0.5685612606071321, 'generation': 690}","{'id': 38125, 'rank': 10, 'fitness': 0.4680382440979927, 'generation': 690}","{'id': 38125, 'rank': 11, 'fitness': 0.4680382440979927, 'generation': 690}","{'id': 37964, 'rank': 12, 'fitness': 0.4356985316246823, 'generation': 690}","{'id': 38138, 'rank': 13, 'fitness': 0.4072949531261454, 'generation': 690}","{'id': 38138, 'rank': 14, 'fitness': 0.4072949531261454, 'generation': 690}","{'id': 38039, 'rank': 15, 'fitness': 0.39571492713669676, 'generation': 690}","{'id': 38044, 'rank': 16, 'fitness': 0.33677365901329037, 'generation': 690}","{'id': 38085, 'rank': 17, 'fitness': 0.2714498241297496, 'generation': 690}","{'id': 38015, 'rank': 18, 'fitness': 0.24683803583528596, 'generation': 690}","{'id': 38113, 'rank': 19, 'fitness': 0.24337073983188667, 'generation': 690}","{'id': 38117, 'rank': 20, 'fitness': 0.22422563173966825, 'generation': 690}","{'id': 38117, 'rank': 21, 'fitness': 0.22422563173966825, 'generation': 690}","{'id': 38130, 'rank': 22, 'fitness': 0.16060152227507074, 'generation': 690}","{'id': 38121, 'rank': 23, 'fitness': 0.1116808081155618, 'generation': 690}","{'id': 38121, 'rank': 24, 'fitness': 0.1116808081155618, 'generation': 690}","{'id': 38042, 'rank': 25, 'fitness': 0.10616488678204633, 'generation': 690}","{'id': 38092, 'rank': 26, 'fitness': 0.0858251220510351, 'generation': 690}","{'id': 38099, 'rank': 27, 'fitness': 0.06111160509179364, 'generation': 690}","{'id': 38055, 'rank': 28, 'fitness': 0.03670631756770426, 'generation': 690}","{'id': 38068, 'rank': 29, 'fitness': 0.02576968687698511, 'generation': 690}","{'id': 38135, 'rank': 30, 'fitness': 0.01798620996209155, 'generation': 690}"
"{'id': 38131, 'rank': 1, 'fitness': 0.9820137900379085, 'generation': 691}","{'id': 37754, 'rank': 2, 'fitness': 0.9638084691001418, 'generation': 691}","{'id': 37754, 'rank': 3, 'fitness': 0.9638084691001418, 'generation': 691}","{'id': 38145, 'rank': 4, 'fitness': 0.9490796208281397, 'generation': 691}","{'id': 38147, 'rank': 5, 'fitness': 0.9313408804050225, 'generation': 691}","{'id': 38169, 'rank': 6, 'fitness': 0.8964624956099934, 'generation': 691}","{'id': 38098, 'rank': 7, 'fitness': 0.8719233724189703, 'generation': 691}","{'id': 38186, 'rank': 8, 'fitness': 0.8357884338774474, 'generation': 691}","{'id': 37124, 'rank': 9, 'fitness': 0.8187106034201943, 'generation': 691}","{'id': 38155, 'rank': 10, 'fitness': 0.7917352356558739, 'generation': 691}","{'id': 38157, 'rank': 11, 'fitness': 0.6606303802646061, 'generation': 691}","{'id': 38164, 'rank': 12, 'fitness': 0.6369268125293865, 'generation': 691}","{'id': 38164, 'rank': 13, 'fitness': 0.6369268125293865, 'generation': 691}","{'id': 38114, 'rank': 14, 'fitness': 0.5241433021348725, 'generation': 691}","{'id': 38125, 'rank': 15, 'fitness': 0.41901647024178557, 'generation': 691}","{'id': 38044, 'rank': 16, 'fitness': 0.28844123759281864, 'generation': 691}","{'id': 38180, 'rank': 17, 'fitness': 0.2470791698873585, 'generation': 691}","{'id': 38180, 'rank': 18, 'fitness': 0.2470791698873585, 'generation': 691}","{'id': 38180, 'rank': 19, 'fitness': 0.2470791698873585, 'generation': 691}","{'id': 38180, 'rank': 20, 'fitness': 0.2470791698873585, 'generation': 691}","{'id': 38085, 'rank': 21, 'fitness': 0.22662830685775653, 'generation': 691}","{'id': 38085, 'rank': 22, 'fitness': 0.22662830685775653, 'generation': 691}","{'id': 38174, 'rank': 23, 'fitness': 0.2049442792001489, 'generation': 691}","{'id': 38175, 'rank': 24, 'fitness': 0.18859686164462958, 'generation': 691}","{'id': 38130, 'rank': 25, 'fitness': 0.12719133240142033, 'generation': 691}","{'id': 38179, 'rank': 26, 'fitness': 0.07646911509145649, 'generation': 691}","{'id': 38149, 'rank': 27, 'fitness': 0.05892996555570423, 'generation': 691}","{'id': 38055, 'rank': 28, 'fitness': 0.026150674548671926, 'generation': 691}","{'id': 38055, 'rank': 29, 'fitness': 0.026150674548671926, 'generation': 691}","{'id': 38068, 'rank': 30, 'fitness': 0.01798620996209155, 'generation': 691}"
"{'id': 38131, 'rank': 1, 'fitness': 0.9820137900379085, 'generation': 692}","{'id': 38226, 'rank': 2, 'fitness': 0.9775674821697886, 'generation': 692}","{'id': 38226, 'rank': 3, 'fitness': 0.9775674821697886, 'generation': 692}","{'id': 37754, 'rank': 4, 'fitness': 0.9631730442471782, 'generation': 692}","{'id': 38098, 'rank': 5, 'fitness': 0.8659585412970524, 'generation': 692}","{'id': 38098, 'rank': 6, 'fitness': 0.8659585412970524, 'generation': 692}","{'id': 38225, 'rank': 7, 'fitness': 0.8338577549904407, 'generation': 692}","{'id': 37124, 'rank': 8, 'fitness': 0.8092159744414813, 'generation': 692}","{'id': 38155, 'rank': 9, 'fitness': 0.7804638145096461, 'generation': 692}","{'id': 38155, 'rank': 10, 'fitness': 0.7804638145096461, 'generation': 692}","{'id': 38155, 'rank': 11, 'fitness': 0.7804638145096461, 'generation': 692}","{'id': 38201, 'rank': 12, 'fitness': 0.7391504325956566, 'generation': 692}","{'id': 38157, 'rank': 13, 'fitness': 0.6415776183326409, 'generation': 692}","{'id': 38221, 'rank': 14, 'fitness': 0.6171372325906682, 'generation': 692}","{'id': 38164, 'rank': 15, 'fitness': 0.6166954625393378, 'generation': 692}","{'id': 38164, 'rank': 16, 'fitness': 0.6166954625393378, 'generation': 692}","{'id': 38114, 'rank': 17, 'fitness': 0.49960830935992356, 'generation': 692}","{'id': 38125, 'rank': 18, 'fitness': 0.3927702655457867, 'generation': 692}","{'id': 38223, 'rank': 19, 'fitness': 0.37841509140901314, 'generation': 692}","{'id': 38044, 'rank': 20, 'fitness': 0.26379548861527863, 'generation': 692}","{'id': 38044, 'rank': 21, 'fitness': 0.26379548861527863, 'generation': 692}","{'id': 38180, 'rank': 22, 'fitness': 0.22392556291846683, 'generation': 692}","{'id': 38224, 'rank': 23, 'fitness': 0.1813875311854765, 'generation': 692}","{'id': 38234, 'rank': 24, 'fitness': 0.16265098037041759, 'generation': 692}","{'id': 38130, 'rank': 25, 'fitness': 0.11153736443720602, 'generation': 692}","{'id': 38190, 'rank': 26, 'fitness': 0.07158712033780307, 'generation': 692}","{'id': 38205, 'rank': 27, 'fitness': 0.06005018967627218, 'generation': 692}","{'id': 38055, 'rank': 28, 'fitness': 0.021688452202806907, 'generation': 692}","{'id': 38202, 'rank': 29, 'fitness': 0.021681443536754053, 'generation': 692}","{'id': 38211, 'rank': 30, 'fitness': 0.01798620996209155, 'generation': 692}"
"{'id': 38131, 'rank': 1, 'fitness': 0.9820137900379085, 'generation': 693}","{'id': 38131, 'rank': 2, 'fitness': 0.9820137900379085, 'generation': 693}","{'id': 37754, 'rank': 3, 'fitness': 0.9535645116667554, 'generation': 693}","{'id': 38240, 'rank': 4, 'fitness': 0.8383055315551088, 'generation': 693}","{'id': 38240, 'rank': 5, 'fitness': 0.8383055315551088, 'generation': 693}","{'id': 38098, 'rank': 6, 'fitness': 0.762116807476958, 'generation': 693}","{'id': 38098, 'rank': 7, 'fitness': 0.762116807476958, 'generation': 693}","{'id': 38265, 'rank': 8, 'fitness': 0.6843792174712566, 'generation': 693}","{'id': 38155, 'rank': 9, 'fitness': 0.5916319921992041, 'generation': 693}","{'id': 38263, 'rank': 10, 'fitness': 0.45846644902256445, 'generation': 693}","{'id': 38157, 'rank': 11, 'fitness': 0.3679741216269694, 'generation': 693}","{'id': 38287, 'rank': 12, 'fitness': 0.2810932024976197, 'generation': 693}","{'id': 38287, 'rank': 13, 'fitness': 0.2810932024976197, 'generation': 693}","{'id': 38244, 'rank': 14, 'fitness': 0.15195170005728653, 'generation': 693}","{'id': 38286, 'rank': 15, 'fitness': 0.08799208547224313, 'generation': 693}","{'id': 38249, 'rank': 16, 'fitness': 0.08478984708938758, 'generation': 693}","{'id': 38249, 'rank': 17, 'fitness': 0.08478984708938758, 'generation': 693}","{'id': 38274, 'rank': 18, 'fitness': 0.08471797679852644, 'generation': 693}","{'id': 38255, 'rank': 19, 'fitness': 0.0448690600776821, 'generation': 693}","{'id': 38255, 'rank': 20, 'fitness': 0.0448690600776821, 'generation': 693}","{'id': 38255, 'rank': 21, 'fitness': 0.0448690600776821, 'generation': 693}","{'id': 38255, 'rank': 22, 'fitness': 0.0448690600776821, 'generation': 693}","{'id': 38259, 'rank': 23, 'fitness': 0.035341268357276134, 'generation': 693}","{'id': 38224, 'rank': 24, 'fitness': 0.03500433275110737, 'generation': 693}","{'id': 38224, 'rank': 25, 'fitness': 0.03500433275110737, 'generation': 693}","{'id': 38264, 'rank': 26, 'fitness': 0.03488289157669955, 'generation': 693}","{'id': 38264, 'rank': 27, 'fitness': 0.03488289157669955, 'generation': 693}","{'id': 38254, 'rank': 28, 'fitness': 0.03488101927309856, 'generation': 693}","{'id': 38252, 'rank': 29, 'fitness': 0.018563417842723473, 'generation': 693}","{'id': 38261, 'rank': 30, 'fitness': 0.01798620996209155, 'generation': 693}"
"{'id': 38329, 'rank': 1, 'fitness': 0.9820137900379085, 'generation': 694}","{'id': 38329, 'rank': 2, 'fitness': 0.9820137900379085, 'generation': 694}","{'id': 38131, 'rank': 3, 'fitness': 0.9356339708750742, 'generation': 694}","{'id': 38309, 'rank': 4, 'fitness': 0.9256011675124711, 'generation': 694}","{'id': 37754, 'rank': 5, 'fitness': 0.8836755013763922, 'generation': 694}","{'id': 38321, 'rank': 6, 'fitness': 0.8671527577075971, 'generation': 694}","{'id': 38345, 'rank': 7, 'fitness': 0.8546175985451034, 'generation': 694}","{'id': 38240, 'rank': 8, 'fitness': 0.7529195557144464, 'generation': 694}","{'id': 38342, 'rank': 9, 'fitness': 0.5224940837728, 'generation': 694}","{'id': 38263, 'rank': 10, 'fitness': 0.47792065408922785, 'generation': 694}","{'id': 38263, 'rank': 11, 'fitness': 0.47792065408922785, 'generation': 694}","{'id': 38263, 'rank': 12, 'fitness': 0.47792065408922785, 'generation': 694}","{'id': 38315, 'rank': 13, 'fitness': 0.46733716994812957, 'generation': 694}","{'id': 38315, 'rank': 14, 'fitness': 0.46733716994812957, 'generation': 694}","{'id': 38315, 'rank': 15, 'fitness': 0.46733716994812957, 'generation': 694}","{'id': 38326, 'rank': 16, 'fitness': 0.4311207777293979, 'generation': 694}","{'id': 38316, 'rank': 17, 'fitness': 0.4201256203182589, 'generation': 694}","{'id': 38287, 'rank': 18, 'fitness': 0.3541046810138722, 'generation': 694}","{'id': 38317, 'rank': 19, 'fitness': 0.3530576968337633, 'generation': 694}","{'id': 38308, 'rank': 20, 'fitness': 0.2842349041803174, 'generation': 694}","{'id': 38334, 'rank': 21, 'fitness': 0.24410709113779672, 'generation': 694}","{'id': 38249, 'rank': 22, 'fitness': 0.17413179606640344, 'generation': 694}","{'id': 38274, 'rank': 23, 'fitness': 0.17404339091897614, 'generation': 694}","{'id': 38255, 'rank': 24, 'fitness': 0.11843793045530593, 'generation': 694}","{'id': 38255, 'rank': 25, 'fitness': 0.11843793045530593, 'generation': 694}","{'id': 38255, 'rank': 26, 'fitness': 0.11843793045530593, 'generation': 694}","{'id': 38311, 'rank': 27, 'fitness': 0.10954376567409102, 'generation': 694}","{'id': 38311, 'rank': 28, 'fitness': 0.10954376567409102, 'generation': 694}","{'id': 38349, 'rank': 29, 'fitness': 0.06607910245300352, 'generation': 694}","{'id': 38333, 'rank': 30, 'fitness': 0.01798620996209155, 'generation': 694}"
"{'id': 38329, 'rank': 1, 'fitness': 0.9820137900379085, 'generation': 695}","{'id': 38353, 'rank': 2, 'fitness': 0.8522330350775763, 'generation': 695}","{'id': 38353, 'rank': 3, 'fitness': 0.8522330350775763, 'generation': 695}","{'id': 38353, 'rank': 4, 'fitness': 0.8522330350775763, 'generation': 695}","{'id': 38321, 'rank': 5, 'fitness': 0.8409361529079373, 'generation': 695}","{'id': 38345, 'rank': 6, 'fitness': 0.8249263136839498, 'generation': 695}","{'id': 38356, 'rank': 7, 'fitness': 0.7802824171520569, 'generation': 695}","{'id': 38240, 'rank': 8, 'fitness': 0.6958966621920477, 'generation': 695}","{'id': 38263, 'rank': 9, 'fitness': 0.378917490616461, 'generation': 695}","{'id': 38263, 'rank': 10, 'fitness': 0.378917490616461, 'generation': 695}","{'id': 38315, 'rank': 11, 'fitness': 0.36799622781993824, 'generation': 695}","{'id': 38315, 'rank': 12, 'fitness': 0.36799622781993824, 'generation': 695}","{'id': 38368, 'rank': 13, 'fitness': 0.3579043021607107, 'generation': 695}","{'id': 38326, 'rank': 14, 'fitness': 0.3314134275842662, 'generation': 695}","{'id': 38384, 'rank': 15, 'fitness': 0.2912736646933983, 'generation': 695}","{'id': 38317, 'rank': 16, 'fitness': 0.2567874661181574, 'generation': 695}","{'id': 38358, 'rank': 17, 'fitness': 0.12610345575705423, 'generation': 695}","{'id': 38249, 'rank': 18, 'fitness': 0.10831041751484483, 'generation': 695}","{'id': 38249, 'rank': 19, 'fitness': 0.10831041751484483, 'generation': 695}","{'id': 38274, 'rank': 20, 'fitness': 0.10824515840994198, 'generation': 695}","{'id': 38375, 'rank': 21, 'fitness': 0.09722068419147112, 'generation': 695}","{'id': 38355, 'rank': 22, 'fitness': 0.09718390277801991, 'generation': 695}","{'id': 38399, 'rank': 23, 'fitness': 0.0934040682835987, 'generation': 695}","{'id': 38255, 'rank': 24, 'fitness': 0.06891153858178528, 'generation': 695}","{'id': 38255, 'rank': 25, 'fitness': 0.06891153858178528, 'generation': 695}","{'id': 38255, 'rank': 26, 'fitness': 0.06891153858178528, 'generation': 695}","{'id': 38255, 'rank': 27, 'fitness': 0.06891153858178528, 'generation': 695}","{'id': 38311, 'rank': 28, 'fitness': 0.06295103571614558, 'generation': 695}","{'id': 38402, 'rank': 29, 'fitness': 0.022165419487117755, 'generation': 695}","{'id': 38403, 'rank': 30, 'fitness': 0.01798620996209155, 'generation': 695}"
"{'id': 38423, 'rank': 1, 'fitness': 0.9820137900379085, 'generation': 696}","{'id': 38329, 'rank': 2, 'fitness': 0.9815852099588407, 'generation': 696}","{'id': 38329, 'rank': 3, 'fitness': 0.9815852099588407, 'generation': 696}","{'id': 38434, 'rank': 4, 'fitness': 0.9483730792756997, 'generation': 696}","{'id': 38434, 'rank': 5, 'fitness': 0.9483730792756997, 'generation': 696}","{'id': 38439, 'rank': 6, 'fitness': 0.9373442012941438, 'generation': 696}","{'id': 38353, 'rank': 7, 'fitness': 0.9136154574527202, 'generation': 696}","{'id': 38353, 'rank': 8, 'fitness': 0.9136154574527202, 'generation': 696}","{'id': 38321, 'rank': 9, 'fitness': 0.9085443419064556, 'generation': 696}","{'id': 38345, 'rank': 10, 'fitness': 0.9014243096814101, 'generation': 696}","{'id': 38356, 'rank': 11, 'fitness': 0.8818094605195822, 'generation': 696}","{'id': 38240, 'rank': 12, 'fitness': 0.8446767381570874, 'generation': 696}","{'id': 38438, 'rank': 13, 'fitness': 0.7738409199628108, 'generation': 696}","{'id': 38263, 'rank': 14, 'fitness': 0.6774767687790959, 'generation': 696}","{'id': 38315, 'rank': 15, 'fitness': 0.67009460261039, 'generation': 696}","{'id': 38315, 'rank': 16, 'fitness': 0.67009460261039, 'generation': 696}","{'id': 38315, 'rank': 17, 'fitness': 0.67009460261039, 'generation': 696}","{'id': 38368, 'rank': 18, 'fitness': 0.6631145495185742, 'generation': 696}","{'id': 38326, 'rank': 19, 'fitness': 0.6440028401160691, 'generation': 696}","{'id': 38317, 'rank': 20, 'fitness': 0.5825052222773303, 'generation': 696}","{'id': 38317, 'rank': 21, 'fitness': 0.5825052222773303, 'generation': 696}","{'id': 38420, 'rank': 22, 'fitness': 0.5801615903245514, 'generation': 696}","{'id': 38358, 'rank': 23, 'fitness': 0.4267308385419026, 'generation': 696}","{'id': 38274, 'rank': 24, 'fitness': 0.39660337055733524, 'generation': 696}","{'id': 38413, 'rank': 25, 'fitness': 0.23171908530654944, 'generation': 696}","{'id': 38431, 'rank': 26, 'fitness': 0.12818572510701548, 'generation': 696}","{'id': 38409, 'rank': 27, 'fitness': 0.08712719202042168, 'generation': 696}","{'id': 38407, 'rank': 28, 'fitness': 0.058650613371133975, 'generation': 696}","{'id': 38426, 'rank': 29, 'fitness': 0.04672599680109829, 'generation': 696}","{'id': 38408, 'rank': 30, 'fitness': 0.01798620996209155, 'generation': 696}"
"{'id': 38423, 'rank': 1, 'fitness': 0.9820137900379085, 'generation': 697}","{'id': 38329, 'rank': 2, 'fitness': 0.9815067091983218, 'generation': 697}","{'id': 38329, 'rank': 3, 'fitness': 0.9815067091983218, 'generation': 697}","{'id': 38434, 'rank': 4, 'fitness': 0.9378409089593931, 'generation': 697}","{'id': 38434, 'rank': 5, 'fitness': 0.9378409089593931, 'generation': 697}","{'id': 38488, 'rank': 6, 'fitness': 0.9118843492043062, 'generation': 697}","{'id': 38353, 'rank': 7, 'fitness': 0.8871567089963298, 'generation': 697}","{'id': 38353, 'rank': 8, 'fitness': 0.8871567089963298, 'generation': 697}","{'id': 38353, 'rank': 9, 'fitness': 0.8871567089963298, 'generation': 697}","{'id': 38468, 'rank': 10, 'fitness': 0.8757506092369601, 'generation': 697}","{'id': 38468, 'rank': 11, 'fitness': 0.8757506092369601, 'generation': 697}","{'id': 38345, 'rank': 12, 'fitness': 0.8687887216330914, 'generation': 697}","{'id': 38345, 'rank': 13, 'fitness': 0.8687887216330914, 'generation': 697}","{'id': 38501, 'rank': 14, 'fitness': 0.7891237273954983, 'generation': 697}","{'id': 38457, 'rank': 15, 'fitness': 0.7083538288486546, 'generation': 697}","{'id': 38457, 'rank': 16, 'fitness': 0.7083538288486546, 'generation': 697}","{'id': 38438, 'rank': 17, 'fitness': 0.6747279872221601, 'generation': 697}","{'id': 38438, 'rank': 18, 'fitness': 0.6747279872221601, 'generation': 697}","{'id': 38455, 'rank': 19, 'fitness': 0.5663429657172656, 'generation': 697}","{'id': 38368, 'rank': 20, 'fitness': 0.5191953063316077, 'generation': 697}","{'id': 38317, 'rank': 21, 'fitness': 0.4183620262432521, 'generation': 697}","{'id': 38317, 'rank': 22, 'fitness': 0.4183620262432521, 'generation': 697}","{'id': 38420, 'rank': 23, 'fitness': 0.4155980842376289, 'generation': 697}","{'id': 38453, 'rank': 24, 'fitness': 0.36865379310013957, 'generation': 697}","{'id': 38477, 'rank': 25, 'fitness': 0.3420715464050648, 'generation': 697}","{'id': 38484, 'rank': 26, 'fitness': 0.1708968113887574, 'generation': 697}","{'id': 38478, 'rank': 27, 'fitness': 0.08344085345635305, 'generation': 697}","{'id': 38494, 'rank': 28, 'fitness': 0.08040795069566031, 'generation': 697}","{'id': 38464, 'rank': 29, 'fitness': 0.048813712910945495, 'generation': 697}","{'id': 38407, 'rank': 30, 'fitness': 0.01798620996209155, 'generation': 697}"
"{'id': 38533, 'rank': 1, 'fitness': 0.9820137900379085, 'generation': 698}","{'id': 38534, 'rank': 2, 'fitness': 0.9561218401916634, 'generation': 698}","{'id': 38488, 'rank': 3, 'fitness': 0.9360878742624835, 'generation': 698}","{'id': 38488, 'rank': 4, 'fitness': 0.9360878742624835, 'generation': 698}","{'id': 38488, 'rank': 5, 'fitness': 0.9360878742624835, 'generation': 698}","{'id': 38353, 'rank': 6, 'fitness': 0.9187147659279342, 'generation': 698}","{'id': 38468, 'rank': 7, 'fitness': 0.9106828466302329, 'generation': 698}","{'id': 38345, 'rank': 8, 'fitness': 0.9057712184416615, 'generation': 698}","{'id': 38537, 'rank': 9, 'fitness': 0.8327683323595273, 'generation': 698}","{'id': 38547, 'rank': 10, 'fitness': 0.7849703970114814, 'generation': 698}","{'id': 38438, 'rank': 11, 'fitness': 0.7628769545204649, 'generation': 698}","{'id': 38438, 'rank': 12, 'fitness': 0.7628769545204649, 'generation': 698}","{'id': 38438, 'rank': 13, 'fitness': 0.7628769545204649, 'generation': 698}","{'id': 38317, 'rank': 14, 'fitness': 0.5423205608320802, 'generation': 698}","{'id': 38317, 'rank': 15, 'fitness': 0.5423205608320802, 'generation': 698}","{'id': 38538, 'rank': 16, 'fitness': 0.5066536647639897, 'generation': 698}","{'id': 38562, 'rank': 17, 'fitness': 0.36247988980162527, 'generation': 698}","{'id': 38562, 'rank': 18, 'fitness': 0.36247988980162527, 'generation': 698}","{'id': 38536, 'rank': 19, 'fitness': 0.2943753380610056, 'generation': 698}","{'id': 38484, 'rank': 20, 'fitness': 0.267191463665272, 'generation': 698}","{'id': 38519, 'rank': 21, 'fitness': 0.24692809458098863, 'generation': 698}","{'id': 38522, 'rank': 22, 'fitness': 0.2223300277215987, 'generation': 698}","{'id': 38563, 'rank': 23, 'fitness': 0.20826704026118714, 'generation': 698}","{'id': 38530, 'rank': 24, 'fitness': 0.16907548796696192, 'generation': 698}","{'id': 38530, 'rank': 25, 'fitness': 0.16907548796696192, 'generation': 698}","{'id': 38541, 'rank': 26, 'fitness': 0.16804741807499973, 'generation': 698}","{'id': 38514, 'rank': 27, 'fitness': 0.16037987037254575, 'generation': 698}","{'id': 38514, 'rank': 28, 'fitness': 0.16037987037254575, 'generation': 698}","{'id': 38511, 'rank': 29, 'fitness': 0.03715126706114652, 'generation': 698}","{'id': 38525, 'rank': 30, 'fitness': 0.01798620996209155, 'generation': 698}"
"{'id': 38488, 'rank': 1, 'fitness': 0.9820137900379085, 'generation': 699}","{'id': 38612, 'rank': 2, 'fitness': 0.9765557950543282, 'generation': 699}","{'id': 38353, 'rank': 3, 'fitness': 0.9751754636491594, 'generation': 699}","{'id': 38584, 'rank': 4, 'fitness': 0.966458711054945, 'generation': 699}","{'id': 38602, 'rank': 5, 'fitness': 0.9559578883380387, 'generation': 699}","{'id': 38602, 'rank': 6, 'fitness': 0.9559578883380387, 'generation': 699}","{'id': 38438, 'rank': 7, 'fitness': 0.8884315009479424, 'generation': 699}","{'id': 38438, 'rank': 8, 'fitness': 0.8884315009479424, 'generation': 699}","{'id': 38438, 'rank': 9, 'fitness': 0.8884315009479424, 'generation': 699}","{'id': 38610, 'rank': 10, 'fitness': 0.8642940356149637, 'generation': 699}","{'id': 38610, 'rank': 11, 'fitness': 0.8642940356149637, 'generation': 699}","{'id': 38615, 'rank': 12, 'fitness': 0.7656422746265102, 'generation': 699}","{'id': 38615, 'rank': 13, 'fitness': 0.7656422746265102, 'generation': 699}","{'id': 38615, 'rank': 14, 'fitness': 0.7656422746265102, 'generation': 699}","{'id': 38580, 'rank': 15, 'fitness': 0.73636165021575, 'generation': 699}","{'id': 38576, 'rank': 16, 'fitness': 0.6881975890896945, 'generation': 699}","{'id': 38583, 'rank': 17, 'fitness': 0.6735735554910036, 'generation': 699}","{'id': 38538, 'rank': 18, 'fitness': 0.6512197493213339, 'generation': 699}","{'id': 38617, 'rank': 19, 'fitness': 0.5620650777734412, 'generation': 699}","{'id': 38607, 'rank': 20, 'fitness': 0.532747805156461, 'generation': 699}","{'id': 38562, 'rank': 21, 'fitness': 0.4684011785723738, 'generation': 699}","{'id': 38536, 'rank': 22, 'fitness': 0.3728934081416151, 'generation': 699}","{'id': 38593, 'rank': 23, 'fitness': 0.36349285862026126, 'generation': 699}","{'id': 38601, 'rank': 24, 'fitness': 0.3422199986297595, 'generation': 699}","{'id': 38601, 'rank': 25, 'fitness': 0.3422199986297595, 'generation': 699}","{'id': 38563, 'rank': 26, 'fitness': 0.24869268688495, 'generation': 699}","{'id': 38569, 'rank': 27, 'fitness': 0.22026987121442787, 'generation': 699}","{'id': 38569, 'rank': 28, 'fitness': 0.22026987121442787, 'generation': 699}","{'id': 38582, 'rank': 29, 'fitness': 0.12878220853219463, 'generation': 699}","{'id': 38573, 'rank': 30, 'fitness': 0.01798620996209155, 'generation': 699}"
"{'id': 38488, 'rank': 1, 'fitness': 0.9820137900379085, 'generation': 700}","{'id': 38612, 'rank': 2, 'fitness': 0.9757963131427934, 'generation': 700}","{'id': 38602, 'rank': 3, 'fitness': 0.9510251001649367, 'generation': 700}","{'id': 38438, 'rank': 4, 'fitness': 0.8632387624635919, 'generation': 700}","{'id': 38675, 'rank': 5, 'fitness': 0.7842688650914376, 'generation': 700}","{'id': 38675, 'rank': 6, 'fitness': 0.7842688650914376, 'generation': 700}","{'id': 38576, 'rank': 7, 'fitness': 0.5997621183232368, 'generation': 700}","{'id': 38617, 'rank': 8, 'fitness': 0.44939336343483977, 'generation': 700}","{'id': 38676, 'rank': 9, 'fitness': 0.4159125912442625, 'generation': 700}","{'id': 38648, 'rank': 10, 'fitness': 0.27999930278233826, 'generation': 700}","{'id': 38648, 'rank': 11, 'fitness': 0.27999930278233826, 'generation': 700}","{'id': 38659, 'rank': 12, 'fitness': 0.26178217901958983, 'generation': 700}","{'id': 38661, 'rank': 13, 'fitness': 0.24614552578725296, 'generation': 700}","{'id': 38601, 'rank': 14, 'fitness': 0.22880495661221756, 'generation': 700}","{'id': 38601, 'rank': 15, 'fitness': 0.22880495661221756, 'generation': 700}","{'id': 38640, 'rank': 16, 'fitness': 0.2208168789390863, 'generation': 700}","{'id': 38640, 'rank': 17, 'fitness': 0.2208168789390863, 'generation': 700}","{'id': 38660, 'rank': 18, 'fitness': 0.21312967337096222, 'generation': 700}","{'id': 38638, 'rank': 19, 'fitness': 0.21089940398452495, 'generation': 700}","{'id': 38668, 'rank': 20, 'fitness': 0.14613433030801398, 'generation': 700}","{'id': 38672, 'rank': 21, 'fitness': 0.11920074463673774, 'generation': 700}","{'id': 38635, 'rank': 22, 'fitness': 0.0847071829498745, 'generation': 700}","{'id': 38643, 'rank': 23, 'fitness': 0.08126251104310844, 'generation': 700}","{'id': 38684, 'rank': 24, 'fitness': 0.07024643721663326, 'generation': 700}","{'id': 38684, 'rank': 25, 'fitness': 0.07024643721663326, 'generation': 700}","{'id': 38671, 'rank': 26, 'fitness': 0.06471057216716103, 'generation': 700}","{'id': 38671, 'rank': 27, 'fitness': 0.06471057216716103, 'generation': 700}","{'id': 38679, 'rank': 28, 'fitness': 0.048649580767012424, 'generation': 700}","{'id': 38637, 'rank': 29, 'fitness': 0.028491043384093917, 'generation': 700}","{'id': 38654, 'rank': 30, 'fitness': 0.01798620996209155, 'generation': 700}"
"{'id': 38704, 'rank': 1, 'fitness': 0.9820137900379085, 'generation': 701}","{'id': 38704, 'rank': 2, 'fitness': 0.9820137900379085, 'generation': 701}","{'id': 38710, 'rank': 3, 'fitness': 0.9796479011536083, 'generation': 701}","{'id': 38710, 'rank': 4, 'fitness': 0.9796479011536083, 'generation': 701}","{'id': 38602, 'rank': 5, 'fitness': 0.9374118159060436, 'generation': 701}","{'id': 38734, 'rank': 6, 'fitness': 0.9023998629759706, 'generation': 701}","{'id': 38713, 'rank': 7, 'fitness': 0.874072719977397, 'generation': 701}","{'id': 38713, 'rank': 8, 'fitness': 0.874072719977397, 'generation': 701}","{'id': 38713, 'rank': 9, 'fitness': 0.874072719977397, 'generation': 701}","{'id': 38438, 'rank': 10, 'fitness': 0.8553226286805435, 'generation': 701}","{'id': 38727, 'rank': 11, 'fitness': 0.8181950004702631, 'generation': 701}","{'id': 38675, 'rank': 12, 'fitness': 0.7892788980558425, 'generation': 701}","{'id': 38711, 'rank': 13, 'fitness': 0.7854655627344405, 'generation': 701}","{'id': 38617, 'rank': 14, 'fitness': 0.5212120947476266, 'generation': 701}","{'id': 38726, 'rank': 15, 'fitness': 0.5168133712677264, 'generation': 701}","{'id': 38694, 'rank': 16, 'fitness': 0.43865236856453216, 'generation': 701}","{'id': 38733, 'rank': 17, 'fitness': 0.43438865897602047, 'generation': 701}","{'id': 38601, 'rank': 18, 'fitness': 0.3203483610778423, 'generation': 701}","{'id': 38638, 'rank': 19, 'fitness': 0.3018373847568805, 'generation': 701}","{'id': 38638, 'rank': 20, 'fitness': 0.3018373847568805, 'generation': 701}","{'id': 38693, 'rank': 21, 'fitness': 0.2976049805787746, 'generation': 701}","{'id': 38668, 'rank': 22, 'fitness': 0.2301845204171063, 'generation': 701}","{'id': 38709, 'rank': 23, 'fitness': 0.12156289938886788, 'generation': 701}","{'id': 38707, 'rank': 24, 'fitness': 0.0949788022204513, 'generation': 701}","{'id': 38720, 'rank': 25, 'fitness': 0.06970420463193011, 'generation': 701}","{'id': 38720, 'rank': 26, 'fitness': 0.06970420463193011, 'generation': 701}","{'id': 38637, 'rank': 27, 'fitness': 0.06498311316138311, 'generation': 701}","{'id': 38722, 'rank': 28, 'fitness': 0.05357833992918393, 'generation': 701}","{'id': 38722, 'rank': 29, 'fitness': 0.05357833992918393, 'generation': 701}","{'id': 38717, 'rank': 30, 'fitness': 0.01798620996209155, 'generation': 701}"
"{'id': 38740, 'rank': 1, 'fitness': 0.9820137900379085, 'generation': 702}","{'id': 38740, 'rank': 2, 'fitness': 0.9820137900379085, 'generation': 702}","{'id': 38704, 'rank': 3, 'fitness': 0.9518426060954797, 'generation': 702}","{'id': 38710, 'rank': 4, 'fitness': 0.9467507034557076, 'generation': 702}","{'id': 38751, 'rank': 5, 'fitness': 0.8083966153780857, 'generation': 702}","{'id': 38713, 'rank': 6, 'fitness': 0.7774229452163538, 'generation': 702}","{'id': 38746, 'rank': 7, 'fitness': 0.771170729317749, 'generation': 702}","{'id': 38752, 'rank': 8, 'fitness': 0.7570846112048061, 'generation': 702}","{'id': 38438, 'rank': 9, 'fitness': 0.7532180629487316, 'generation': 702}","{'id': 38438, 'rank': 10, 'fitness': 0.7532180629487316, 'generation': 702}","{'id': 38793, 'rank': 11, 'fitness': 0.6067952875741652, 'generation': 702}","{'id': 38617, 'rank': 12, 'fitness': 0.42407939462617106, 'generation': 702}","{'id': 38792, 'rank': 13, 'fitness': 0.4194657426800868, 'generation': 702}","{'id': 38754, 'rank': 14, 'fitness': 0.39930665380129937, 'generation': 702}","{'id': 38788, 'rank': 15, 'fitness': 0.3515140153299724, 'generation': 702}","{'id': 38791, 'rank': 16, 'fitness': 0.2912945980037477, 'generation': 702}","{'id': 38790, 'rank': 17, 'fitness': 0.2593540599040302, 'generation': 702}","{'id': 38638, 'rank': 18, 'fitness': 0.2531159633274067, 'generation': 702}","{'id': 38638, 'rank': 19, 'fitness': 0.2531159633274067, 'generation': 702}","{'id': 38693, 'rank': 20, 'fitness': 0.24992587313712344, 'generation': 702}","{'id': 38668, 'rank': 21, 'fitness': 0.19910513986770295, 'generation': 702}","{'id': 38770, 'rank': 22, 'fitness': 0.18012890952623484, 'generation': 702}","{'id': 38709, 'rank': 23, 'fitness': 0.115135742592411, 'generation': 702}","{'id': 38709, 'rank': 24, 'fitness': 0.115135742592411, 'generation': 702}","{'id': 38760, 'rank': 25, 'fitness': 0.11484400949111728, 'generation': 702}","{'id': 38766, 'rank': 26, 'fitness': 0.11360092321852916, 'generation': 702}","{'id': 38775, 'rank': 27, 'fitness': 0.09517951885405024, 'generation': 702}","{'id': 38789, 'rank': 28, 'fitness': 0.09031911699278539, 'generation': 702}","{'id': 38799, 'rank': 29, 'fitness': 0.0574716827506766, 'generation': 702}","{'id': 38783, 'rank': 30, 'fitness': 0.01798620996209155, 'generation': 702}"
"{'id': 38740, 'rank': 1, 'fitness': 0.9820137900379085, 'generation': 703}","{'id': 38806, 'rank': 2, 'fitness': 0.9723053742290748, 'generation': 703}","{'id': 38710, 'rank': 3, 'fitness': 0.9324478324560279, 'generation': 703}","{'id': 38710, 'rank': 4, 'fitness': 0.9324478324560279, 'generation': 703}","{'id': 38824, 'rank': 5, 'fitness': 0.9233243925145015, 'generation': 703}","{'id': 38824, 'rank': 6, 'fitness': 0.9233243925145015, 'generation': 703}","{'id': 38847, 'rank': 7, 'fitness': 0.8682757568240957, 'generation': 703}","{'id': 38833, 'rank': 8, 'fitness': 0.7845276322490627, 'generation': 703}","{'id': 38751, 'rank': 9, 'fitness': 0.7030666970770336, 'generation': 703}","{'id': 38751, 'rank': 10, 'fitness': 0.7030666970770336, 'generation': 703}","{'id': 38751, 'rank': 11, 'fitness': 0.7030666970770336, 'generation': 703}","{'id': 38751, 'rank': 12, 'fitness': 0.7030666970770336, 'generation': 703}","{'id': 38746, 'rank': 13, 'fitness': 0.6425747275783471, 'generation': 703}","{'id': 38438, 'rank': 14, 'fitness': 0.6142274143437563, 'generation': 703}","{'id': 38438, 'rank': 15, 'fitness': 0.6142274143437563, 'generation': 703}","{'id': 38808, 'rank': 16, 'fitness': 0.39413851019658075, 'generation': 703}","{'id': 38808, 'rank': 17, 'fitness': 0.39413851019658075, 'generation': 703}","{'id': 38812, 'rank': 18, 'fitness': 0.3393981214039137, 'generation': 703}","{'id': 38846, 'rank': 19, 'fitness': 0.22207451778783865, 'generation': 703}","{'id': 38617, 'rank': 20, 'fitness': 0.21795978803447363, 'generation': 703}","{'id': 38791, 'rank': 21, 'fitness': 0.12002405394356369, 'generation': 703}","{'id': 38790, 'rank': 22, 'fitness': 0.10078103328974741, 'generation': 703}","{'id': 38821, 'rank': 23, 'fitness': 0.07977914519041052, 'generation': 703}","{'id': 38802, 'rank': 24, 'fitness': 0.056080591460522855, 'generation': 703}","{'id': 38802, 'rank': 25, 'fitness': 0.056080591460522855, 'generation': 703}","{'id': 38709, 'rank': 26, 'fitness': 0.03223500455034384, 'generation': 703}","{'id': 38825, 'rank': 27, 'fitness': 0.02704850361225397, 'generation': 703}","{'id': 38816, 'rank': 28, 'fitness': 0.023777397805469003, 'generation': 703}","{'id': 38805, 'rank': 29, 'fitness': 0.01798620996209155, 'generation': 703}","{'id': 38805, 'rank': 30, 'fitness': 0.01798620996209155, 'generation': 703}"
"{'id': 38740, 'rank': 1, 'fitness': 0.9820137900379085, 'generation': 704}","{'id': 38864, 'rank': 2, 'fitness': 0.9705505603172442, 'generation': 704}","{'id': 38916, 'rank': 3, 'fitness': 0.9676477976224003, 'generation': 704}","{'id': 38897, 'rank': 4, 'fitness': 0.9501438449176636, 'generation': 704}","{'id': 38824, 'rank': 5, 'fitness': 0.9300238793041247, 'generation': 704}","{'id': 38847, 'rank': 6, 'fitness': 0.8832721548943403, 'generation': 704}","{'id': 38751, 'rank': 7, 'fitness': 0.7439800141002211, 'generation': 704}","{'id': 38751, 'rank': 8, 'fitness': 0.7439800141002211, 'generation': 704}","{'id': 38862, 'rank': 9, 'fitness': 0.6885392611176796, 'generation': 704}","{'id': 38438, 'rank': 10, 'fitness': 0.6672629653339268, 'generation': 704}","{'id': 38808, 'rank': 11, 'fitness': 0.46485421987364917, 'generation': 704}","{'id': 38808, 'rank': 12, 'fitness': 0.46485421987364917, 'generation': 704}","{'id': 38808, 'rank': 13, 'fitness': 0.46485421987364917, 'generation': 704}","{'id': 38856, 'rank': 14, 'fitness': 0.4123782334585018, 'generation': 704}","{'id': 38856, 'rank': 15, 'fitness': 0.4123782334585018, 'generation': 704}","{'id': 38812, 'rank': 16, 'fitness': 0.41061132057663813, 'generation': 704}","{'id': 38892, 'rank': 17, 'fitness': 0.36747590715332035, 'generation': 704}","{'id': 38846, 'rank': 18, 'fitness': 0.28685151719508895, 'generation': 704}","{'id': 38882, 'rank': 19, 'fitness': 0.2583814232294085, 'generation': 704}","{'id': 38857, 'rank': 20, 'fitness': 0.25527893899172627, 'generation': 704}","{'id': 38878, 'rank': 21, 'fitness': 0.19302450364034412, 'generation': 704}","{'id': 38790, 'rank': 22, 'fitness': 0.14372857929960625, 'generation': 704}","{'id': 38821, 'rank': 23, 'fitness': 0.11663627151193501, 'generation': 704}","{'id': 38866, 'rank': 24, 'fitness': 0.09997694413935143, 'generation': 704}","{'id': 38825, 'rank': 25, 'fitness': 0.04361350945969816, 'generation': 704}","{'id': 38910, 'rank': 26, 'fitness': 0.03129768999591831, 'generation': 704}","{'id': 38886, 'rank': 27, 'fitness': 0.030915544578627496, 'generation': 704}","{'id': 38909, 'rank': 28, 'fitness': 0.03079215591865725, 'generation': 704}","{'id': 38915, 'rank': 29, 'fitness': 0.023488247151836172, 'generation': 704}","{'id': 38908, 'rank': 30, 'fitness': 0.01798620996209155, 'generation': 704}"
"{'id': 38916, 'rank': 1, 'fitness': 0.9820137900379085, 'generation': 705}","{'id': 38943, 'rank': 2, 'fitness': 0.97312738602609, 'generation': 705}","{'id': 38751, 'rank': 3, 'fitness': 0.7524109998091556, 'generation': 705}","{'id': 38751, 'rank': 4, 'fitness': 0.7524109998091556, 'generation': 705}","{'id': 38965, 'rank': 5, 'fitness': 0.7481115083764597, 'generation': 705}","{'id': 38862, 'rank': 6, 'fitness': 0.6841076670517511, 'generation': 705}","{'id': 38862, 'rank': 7, 'fitness': 0.6841076670517511, 'generation': 705}","{'id': 38950, 'rank': 8, 'fitness': 0.6753162549111491, 'generation': 705}","{'id': 38953, 'rank': 9, 'fitness': 0.47315236096937285, 'generation': 705}","{'id': 38917, 'rank': 10, 'fitness': 0.4671300123469962, 'generation': 705}","{'id': 38808, 'rank': 11, 'fitness': 0.4050195309122102, 'generation': 705}","{'id': 38808, 'rank': 12, 'fitness': 0.4050195309122102, 'generation': 705}","{'id': 38856, 'rank': 13, 'fitness': 0.34323930615081744, 'generation': 705}","{'id': 38856, 'rank': 14, 'fitness': 0.34323930615081744, 'generation': 705}","{'id': 38856, 'rank': 15, 'fitness': 0.34323930615081744, 'generation': 705}","{'id': 38932, 'rank': 16, 'fitness': 0.3172135217604941, 'generation': 705}","{'id': 38932, 'rank': 17, 'fitness': 0.3172135217604941, 'generation': 705}","{'id': 38892, 'rank': 18, 'fitness': 0.29256704231528985, 'generation': 705}","{'id': 38921, 'rank': 19, 'fitness': 0.20137626081157056, 'generation': 705}","{'id': 38921, 'rank': 20, 'fitness': 0.20137626081157056, 'generation': 705}","{'id': 38964, 'rank': 21, 'fitness': 0.18800608349378733, 'generation': 705}","{'id': 38918, 'rank': 22, 'fitness': 0.1213356720894152, 'generation': 705}","{'id': 38918, 'rank': 23, 'fitness': 0.1213356720894152, 'generation': 705}","{'id': 38878, 'rank': 24, 'fitness': 0.12106329092160373, 'generation': 705}","{'id': 38878, 'rank': 25, 'fitness': 0.12106329092160373, 'generation': 705}","{'id': 38930, 'rank': 26, 'fitness': 0.07906940730188289, 'generation': 705}","{'id': 38923, 'rank': 27, 'fitness': 0.0641905760437197, 'generation': 705}","{'id': 38923, 'rank': 28, 'fitness': 0.0641905760437197, 'generation': 705}","{'id': 38942, 'rank': 29, 'fitness': 0.05165989658143316, 'generation': 705}","{'id': 38945, 'rank': 30, 'fitness': 0.01798620996209155, 'generation': 705}"
"{'id': 38987, 'rank': 1, 'fitness': 0.9820137900379085, 'generation': 706}","{'id': 38751, 'rank': 2, 'fitness': 0.9076077772383824, 'generation': 706}","{'id': 38751, 'rank': 3, 'fitness': 0.9076077772383824, 'generation': 706}","{'id': 38965, 'rank': 4, 'fitness': 0.905666079321888, 'generation': 706}","{'id': 38965, 'rank': 5, 'fitness': 0.905666079321888, 'generation': 706}","{'id': 38991, 'rank': 6, 'fitness': 0.8912705899095226, 'generation': 706}","{'id': 38991, 'rank': 7, 'fitness': 0.8912705899095226, 'generation': 706}","{'id': 38974, 'rank': 8, 'fitness': 0.8661408872975462, 'generation': 706}","{'id': 38997, 'rank': 9, 'fitness': 0.8376782724288286, 'generation': 706}","{'id': 39003, 'rank': 10, 'fitness': 0.8212208597238401, 'generation': 706}","{'id': 38984, 'rank': 11, 'fitness': 0.8127143618126103, 'generation': 706}","{'id': 38808, 'rank': 12, 'fitness': 0.6876476368283115, 'generation': 706}","{'id': 38998, 'rank': 13, 'fitness': 0.6396589518475371, 'generation': 706}","{'id': 38856, 'rank': 14, 'fitness': 0.6283000911768292, 'generation': 706}","{'id': 38856, 'rank': 15, 'fitness': 0.6283000911768292, 'generation': 706}","{'id': 38856, 'rank': 16, 'fitness': 0.6283000911768292, 'generation': 706}","{'id': 39006, 'rank': 17, 'fitness': 0.6232205479386727, 'generation': 706}","{'id': 38932, 'rank': 18, 'fitness': 0.600429178146725, 'generation': 706}","{'id': 38970, 'rank': 19, 'fitness': 0.5097437209790054, 'generation': 706}","{'id': 38970, 'rank': 20, 'fitness': 0.5097437209790054, 'generation': 706}","{'id': 38994, 'rank': 21, 'fitness': 0.34473183241938493, 'generation': 706}","{'id': 39018, 'rank': 22, 'fitness': 0.32718587331031196, 'generation': 706}","{'id': 38878, 'rank': 23, 'fitness': 0.3082853304268186, 'generation': 706}","{'id': 38973, 'rank': 24, 'fitness': 0.23292805941406114, 'generation': 706}","{'id': 38986, 'rank': 25, 'fitness': 0.21574902942344998, 'generation': 706}","{'id': 38999, 'rank': 26, 'fitness': 0.21142065938348276, 'generation': 706}","{'id': 38923, 'rank': 27, 'fitness': 0.1816691303150314, 'generation': 706}","{'id': 38942, 'rank': 28, 'fitness': 0.14988777207558218, 'generation': 706}","{'id': 38989, 'rank': 29, 'fitness': 0.044589548531571044, 'generation': 706}","{'id': 38971, 'rank': 30, 'fitness': 0.01798620996209155, 'generation': 706}"
"{'id': 39049, 'rank': 1, 'fitness': 0.9820137900379085, 'generation': 707}","{'id': 39020, 'rank': 2, 'fitness': 0.9611378809920644, 'generation': 707}","{'id': 39020, 'rank': 3, 'fitness': 0.9611378809920644, 'generation': 707}","{'id': 39020, 'rank': 4, 'fitness': 0.9611378809920644, 'generation': 707}","{'id': 38751, 'rank': 5, 'fitness': 0.9499637367249996, 'generation': 707}","{'id': 38965, 'rank': 6, 'fitness': 0.9488532809866908, 'generation': 707}","{'id': 38965, 'rank': 7, 'fitness': 0.9488532809866908, 'generation': 707}","{'id': 38965, 'rank': 8, 'fitness': 0.9488532809866908, 'generation': 707}","{'id': 38991, 'rank': 9, 'fitness': 0.9405466708774959, 'generation': 707}","{'id': 38991, 'rank': 10, 'fitness': 0.9405466708774959, 'generation': 707}","{'id': 38991, 'rank': 11, 'fitness': 0.9405466708774959, 'generation': 707}","{'id': 39003, 'rank': 12, 'fitness': 0.8982174181121637, 'generation': 707}","{'id': 39003, 'rank': 13, 'fitness': 0.8982174181121637, 'generation': 707}","{'id': 38984, 'rank': 14, 'fitness': 0.892853924185932, 'generation': 707}","{'id': 39068, 'rank': 15, 'fitness': 0.8349455960696721, 'generation': 707}","{'id': 38998, 'rank': 16, 'fitness': 0.771948132463186, 'generation': 707}","{'id': 39006, 'rank': 17, 'fitness': 0.7591719879980303, 'generation': 707}","{'id': 39006, 'rank': 18, 'fitness': 0.7591719879980303, 'generation': 707}","{'id': 39078, 'rank': 19, 'fitness': 0.7431807114788495, 'generation': 707}","{'id': 38970, 'rank': 20, 'fitness': 0.6637913567015631, 'generation': 707}","{'id': 39048, 'rank': 21, 'fitness': 0.6100403813511206, 'generation': 707}","{'id': 39024, 'rank': 22, 'fitness': 0.5502193974469454, 'generation': 707}","{'id': 39055, 'rank': 23, 'fitness': 0.5067501642288912, 'generation': 707}","{'id': 39018, 'rank': 24, 'fitness': 0.47859885133382224, 'generation': 707}","{'id': 39018, 'rank': 25, 'fitness': 0.47859885133382224, 'generation': 707}","{'id': 39050, 'rank': 26, 'fitness': 0.4704800871758098, 'generation': 707}","{'id': 38878, 'rank': 27, 'fitness': 0.4567212168751816, 'generation': 707}","{'id': 39059, 'rank': 28, 'fitness': 0.049153698163694415, 'generation': 707}","{'id': 39031, 'rank': 29, 'fitness': 0.04376855299942656, 'generation': 707}","{'id': 39052, 'rank': 30, 'fitness': 0.01798620996209155, 'generation': 707}"
"{'id': 39105, 'rank': 1, 'fitness': 0.9820137900379085, 'generation': 708}","{'id': 39049, 'rank': 2, 'fitness': 0.9550626102075994, 'generation': 708}","{'id': 39020, 'rank': 3, 'fitness': 0.9202772692132661, 'generation': 708}","{'id': 39088, 'rank': 4, 'fitness': 0.9126569919758554, 'generation': 708}","{'id': 38751, 'rank': 5, 'fitness': 0.9039849358294821, 'generation': 708}","{'id': 38751, 'rank': 6, 'fitness': 0.9039849358294821, 'generation': 708}","{'id': 38965, 'rank': 7, 'fitness': 0.9024270074241278, 'generation': 708}","{'id': 39003, 'rank': 8, 'fitness': 0.8391351192540133, 'generation': 708}","{'id': 38984, 'rank': 9, 'fitness': 0.8330789721744042, 'generation': 708}","{'id': 38984, 'rank': 10, 'fitness': 0.8330789721744042, 'generation': 708}","{'id': 38984, 'rank': 11, 'fitness': 0.8330789721744042, 'generation': 708}","{'id': 39086, 'rank': 12, 'fitness': 0.7792277017075805, 'generation': 708}","{'id': 39085, 'rank': 13, 'fitness': 0.686534836723909, 'generation': 708}","{'id': 39085, 'rank': 14, 'fitness': 0.686534836723909, 'generation': 708}","{'id': 39085, 'rank': 15, 'fitness': 0.686534836723909, 'generation': 708}","{'id': 38970, 'rank': 16, 'fitness': 0.6219143272215345, 'generation': 708}","{'id': 39055, 'rank': 17, 'fitness': 0.4985446691807043, 'generation': 708}","{'id': 39055, 'rank': 18, 'fitness': 0.4985446691807043, 'generation': 708}","{'id': 39106, 'rank': 19, 'fitness': 0.39509945436620586, 'generation': 708}","{'id': 39087, 'rank': 20, 'fitness': 0.35126117702811366, 'generation': 708}","{'id': 39089, 'rank': 21, 'fitness': 0.3234220703733236, 'generation': 708}","{'id': 39098, 'rank': 22, 'fitness': 0.25432244720745967, 'generation': 708}","{'id': 39098, 'rank': 23, 'fitness': 0.25432244720745967, 'generation': 708}","{'id': 39145, 'rank': 24, 'fitness': 0.24059134124443776, 'generation': 708}","{'id': 39122, 'rank': 25, 'fitness': 0.21932988676143006, 'generation': 708}","{'id': 39119, 'rank': 26, 'fitness': 0.18990560641760923, 'generation': 708}","{'id': 39083, 'rank': 27, 'fitness': 0.15098684761653786, 'generation': 708}","{'id': 39059, 'rank': 28, 'fitness': 0.090297419809582, 'generation': 708}","{'id': 39110, 'rank': 29, 'fitness': 0.07471367275114255, 'generation': 708}","{'id': 39095, 'rank': 30, 'fitness': 0.01798620996209155, 'generation': 708}"
"{'id': 39190, 'rank': 1, 'fitness': 0.9820137900379085, 'generation': 709}","{'id': 39105, 'rank': 2, 'fitness': 0.9697344960017937, 'generation': 709}","{'id': 39156, 'rank': 3, 'fitness': 0.9488454186870998, 'generation': 709}","{'id': 39155, 'rank': 4, 'fitness': 0.9026189705829641, 'generation': 709}","{'id': 39155, 'rank': 5, 'fitness': 0.9026189705829641, 'generation': 709}","{'id': 39020, 'rank': 6, 'fitness': 0.8754740110153216, 'generation': 709}","{'id': 39088, 'rank': 7, 'fitness': 0.8644821261994676, 'generation': 709}","{'id': 39088, 'rank': 8, 'fitness': 0.8644821261994676, 'generation': 709}","{'id': 38751, 'rank': 9, 'fitness': 0.8521175490792392, 'generation': 709}","{'id': 38751, 'rank': 10, 'fitness': 0.8521175490792392, 'generation': 709}","{'id': 39154, 'rank': 11, 'fitness': 0.5603094685166831, 'generation': 709}","{'id': 38970, 'rank': 12, 'fitness': 0.5120861549365153, 'generation': 709}","{'id': 39152, 'rank': 13, 'fitness': 0.4266829682470804, 'generation': 709}","{'id': 39146, 'rank': 14, 'fitness': 0.3604893694378783, 'generation': 709}","{'id': 39146, 'rank': 15, 'fitness': 0.3604893694378783, 'generation': 709}","{'id': 39193, 'rank': 16, 'fitness': 0.32957800524015624, 'generation': 709}","{'id': 39163, 'rank': 17, 'fitness': 0.2640292481572918, 'generation': 709}","{'id': 39087, 'rank': 18, 'fitness': 0.2618674012088601, 'generation': 709}","{'id': 39087, 'rank': 19, 'fitness': 0.2618674012088601, 'generation': 709}","{'id': 39185, 'rank': 20, 'fitness': 0.2107190961756532, 'generation': 709}","{'id': 39173, 'rank': 21, 'fitness': 0.18902987770876134, 'generation': 709}","{'id': 39162, 'rank': 22, 'fitness': 0.1460654921223683, 'generation': 709}","{'id': 39195, 'rank': 23, 'fitness': 0.09242453995898053, 'generation': 709}","{'id': 39180, 'rank': 24, 'fitness': 0.08353068782327983, 'generation': 709}","{'id': 39160, 'rank': 25, 'fitness': 0.07752820451666642, 'generation': 709}","{'id': 39158, 'rank': 26, 'fitness': 0.059352575280971764, 'generation': 709}","{'id': 39196, 'rank': 27, 'fitness': 0.05435925006574516, 'generation': 709}","{'id': 39201, 'rank': 28, 'fitness': 0.028304696264696727, 'generation': 709}","{'id': 39161, 'rank': 29, 'fitness': 0.01892268673092662, 'generation': 709}","{'id': 39148, 'rank': 30, 'fitness': 0.01798620996209155, 'generation': 709}"
"{'id': 39267, 'rank': 1, 'fitness': 0.9820137900379085, 'generation': 710}","{'id': 39269, 'rank': 2, 'fitness': 0.9770639245394627, 'generation': 710}","{'id': 39210, 'rank': 3, 'fitness': 0.9706882722509226, 'generation': 710}","{'id': 39155, 'rank': 4, 'fitness': 0.9684498018726397, 'generation': 710}","{'id': 39088, 'rank': 5, 'fitness': 0.9507873372156195, 'generation': 710}","{'id': 39088, 'rank': 6, 'fitness': 0.9507873372156195, 'generation': 710}","{'id': 38751, 'rank': 7, 'fitness': 0.9445432735374144, 'generation': 710}","{'id': 39224, 'rank': 8, 'fitness': 0.9079663227543838, 'generation': 710}","{'id': 39224, 'rank': 9, 'fitness': 0.9079663227543838, 'generation': 710}","{'id': 39224, 'rank': 10, 'fitness': 0.9079663227543838, 'generation': 710}","{'id': 39264, 'rank': 11, 'fitness': 0.7993235271991328, 'generation': 710}","{'id': 39225, 'rank': 12, 'fitness': 0.7504791089704352, 'generation': 710}","{'id': 39225, 'rank': 13, 'fitness': 0.7504791089704352, 'generation': 710}","{'id': 39222, 'rank': 14, 'fitness': 0.7288829252046984, 'generation': 710}","{'id': 39261, 'rank': 15, 'fitness': 0.6292562921940688, 'generation': 710}","{'id': 39261, 'rank': 16, 'fitness': 0.6292562921940688, 'generation': 710}","{'id': 39257, 'rank': 17, 'fitness': 0.5063161988557734, 'generation': 710}","{'id': 39146, 'rank': 18, 'fitness': 0.48869366894271327, 'generation': 710}","{'id': 39193, 'rank': 19, 'fitness': 0.44650371400000133, 'generation': 710}","{'id': 39240, 'rank': 20, 'fitness': 0.44529726614070525, 'generation': 710}","{'id': 39273, 'rank': 21, 'fitness': 0.3846461335406849, 'generation': 710}","{'id': 39241, 'rank': 22, 'fitness': 0.384442989517019, 'generation': 710}","{'id': 39211, 'rank': 23, 'fitness': 0.3646218169477292, 'generation': 710}","{'id': 39087, 'rank': 24, 'fitness': 0.3500115742648982, 'generation': 710}","{'id': 39185, 'rank': 25, 'fitness': 0.2746261674782251, 'generation': 710}","{'id': 39185, 'rank': 26, 'fitness': 0.2746261674782251, 'generation': 710}","{'id': 39260, 'rank': 27, 'fitness': 0.06699588079684343, 'generation': 710}","{'id': 39272, 'rank': 28, 'fitness': 0.04156272036635228, 'generation': 710}","{'id': 39217, 'rank': 29, 'fitness': 0.02889340847518662, 'generation': 710}","{'id': 39231, 'rank': 30, 'fitness': 0.01798620996209155, 'generation': 710}"
"{'id': 39322, 'rank': 1, 'fitness': 0.9820137900379085, 'generation': 711}","{'id': 39322, 'rank': 2, 'fitness': 0.9820137900379085, 'generation': 711}","{'id': 39322, 'rank': 3, 'fitness': 0.9820137900379085, 'generation': 711}","{'id': 39322, 'rank': 4, 'fitness': 0.9820137900379085, 'generation': 711}","{'id': 39322, 'rank': 5, 'fitness': 0.9820137900379085, 'generation': 711}","{'id': 39267, 'rank': 6, 'fitness': 0.9251424794353597, 'generation': 711}","{'id': 39210, 'rank': 7, 'fitness': 0.8979116013096817, 'generation': 711}","{'id': 39210, 'rank': 8, 'fitness': 0.8979116013096817, 'generation': 711}","{'id': 39155, 'rank': 9, 'fitness': 0.8930803148411363, 'generation': 711}","{'id': 39088, 'rank': 10, 'fitness': 0.859076856553431, 'generation': 711}","{'id': 39088, 'rank': 11, 'fitness': 0.859076856553431, 'generation': 711}","{'id': 39311, 'rank': 12, 'fitness': 0.8486342718612896, 'generation': 711}","{'id': 38751, 'rank': 13, 'fitness': 0.8483734597495661, 'generation': 711}","{'id': 39304, 'rank': 14, 'fitness': 0.7257212363977843, 'generation': 711}","{'id': 39304, 'rank': 15, 'fitness': 0.7257212363977843, 'generation': 711}","{'id': 39301, 'rank': 16, 'fitness': 0.6267669451464584, 'generation': 711}","{'id': 39261, 'rank': 17, 'fitness': 0.5382062362042754, 'generation': 711}","{'id': 39286, 'rank': 18, 'fitness': 0.47160551818264546, 'generation': 711}","{'id': 39273, 'rank': 19, 'fitness': 0.37135446760416924, 'generation': 711}","{'id': 39273, 'rank': 20, 'fitness': 0.37135446760416924, 'generation': 711}","{'id': 39289, 'rank': 21, 'fitness': 0.34955152757113056, 'generation': 711}","{'id': 39289, 'rank': 22, 'fitness': 0.34955152757113056, 'generation': 711}","{'id': 39087, 'rank': 23, 'fitness': 0.3479981121398089, 'generation': 711}","{'id': 39320, 'rank': 24, 'fitness': 0.34398858689203193, 'generation': 711}","{'id': 39307, 'rank': 25, 'fitness': 0.1912441909173781, 'generation': 711}","{'id': 39332, 'rank': 26, 'fitness': 0.1719309418895218, 'generation': 711}","{'id': 39316, 'rank': 27, 'fitness': 0.10882541660722506, 'generation': 711}","{'id': 39314, 'rank': 28, 'fitness': 0.06547566580943931, 'generation': 711}","{'id': 39231, 'rank': 29, 'fitness': 0.050791977632779595, 'generation': 711}","{'id': 39318, 'rank': 30, 'fitness': 0.01798620996209155, 'generation': 711}"
"{'id': 39267, 'rank': 1, 'fitness': 0.9820137900379085, 'generation': 712}","{'id': 39210, 'rank': 2, 'fitness': 0.9712962148027371, 'generation': 712}","{'id': 39210, 'rank': 3, 'fitness': 0.9712962148027371, 'generation': 712}","{'id': 39088, 'rank': 4, 'fitness': 0.9528439234369936, 'generation': 712}","{'id': 39088, 'rank': 5, 'fitness': 0.9528439234369936, 'generation': 712}","{'id': 38751, 'rank': 6, 'fitness': 0.9471193989613469, 'generation': 712}","{'id': 39394, 'rank': 7, 'fitness': 0.8956887071258891, 'generation': 712}","{'id': 39338, 'rank': 8, 'fitness': 0.8854598882144387, 'generation': 712}","{'id': 39301, 'rank': 9, 'fitness': 0.7672061486998221, 'generation': 712}","{'id': 39335, 'rank': 10, 'fitness': 0.7605194239878882, 'generation': 712}","{'id': 39379, 'rank': 11, 'fitness': 0.7384276771623283, 'generation': 712}","{'id': 39365, 'rank': 12, 'fitness': 0.7125705881613325, 'generation': 712}","{'id': 39384, 'rank': 13, 'fitness': 0.64720914031333, 'generation': 712}","{'id': 39372, 'rank': 14, 'fitness': 0.5763072733074823, 'generation': 712}","{'id': 39372, 'rank': 15, 'fitness': 0.5763072733074823, 'generation': 712}","{'id': 39364, 'rank': 16, 'fitness': 0.5696095207591431, 'generation': 712}","{'id': 39273, 'rank': 17, 'fitness': 0.43121291248353516, 'generation': 712}","{'id': 39273, 'rank': 18, 'fitness': 0.43121291248353516, 'generation': 712}","{'id': 39289, 'rank': 19, 'fitness': 0.398921288124509, 'generation': 712}","{'id': 39392, 'rank': 20, 'fitness': 0.3069894626354172, 'generation': 712}","{'id': 39340, 'rank': 21, 'fitness': 0.2575519713582012, 'generation': 712}","{'id': 39332, 'rank': 22, 'fitness': 0.14835632902281487, 'generation': 712}","{'id': 39359, 'rank': 23, 'fitness': 0.13125181387913354, 'generation': 712}","{'id': 39361, 'rank': 24, 'fitness': 0.1302697644790593, 'generation': 712}","{'id': 39382, 'rank': 25, 'fitness': 0.11677404927874141, 'generation': 712}","{'id': 39381, 'rank': 26, 'fitness': 0.09619219363283815, 'generation': 712}","{'id': 39316, 'rank': 27, 'fitness': 0.07627141187915637, 'generation': 712}","{'id': 39376, 'rank': 28, 'fitness': 0.04467299887672588, 'generation': 712}","{'id': 39343, 'rank': 29, 'fitness': 0.037801050124490754, 'generation': 712}","{'id': 39344, 'rank': 30, 'fitness': 0.01798620996209155, 'generation': 712}"
"{'id': 39415, 'rank': 1, 'fitness': 0.9820137900379085, 'generation': 713}","{'id': 39267, 'rank': 2, 'fitness': 0.9813179311053084, 'generation': 713}","{'id': 39210, 'rank': 3, 'fitness': 0.9661373356922064, 'generation': 713}","{'id': 39210, 'rank': 4, 'fitness': 0.9661373356922064, 'generation': 713}","{'id': 39210, 'rank': 5, 'fitness': 0.9661373356922064, 'generation': 713}","{'id': 39210, 'rank': 6, 'fitness': 0.9661373356922064, 'generation': 713}","{'id': 39414, 'rank': 7, 'fitness': 0.9418206606070502, 'generation': 713}","{'id': 39088, 'rank': 8, 'fitness': 0.9366225629409561, 'generation': 713}","{'id': 38751, 'rank': 9, 'fitness': 0.9268521620819316, 'generation': 713}","{'id': 39394, 'rank': 10, 'fitness': 0.832210488581254, 'generation': 713}","{'id': 39434, 'rank': 11, 'fitness': 0.7217566657368197, 'generation': 713}","{'id': 39422, 'rank': 12, 'fitness': 0.6834406356236471, 'generation': 713}","{'id': 39335, 'rank': 13, 'fitness': 0.5823329268052341, 'generation': 713}","{'id': 39335, 'rank': 14, 'fitness': 0.5823329268052341, 'generation': 713}","{'id': 39335, 'rank': 15, 'fitness': 0.5823329268052341, 'generation': 713}","{'id': 39379, 'rank': 16, 'fitness': 0.5454180576325267, 'generation': 713}","{'id': 39379, 'rank': 17, 'fitness': 0.5454180576325267, 'generation': 713}","{'id': 39403, 'rank': 18, 'fitness': 0.45613149369622114, 'generation': 713}","{'id': 39402, 'rank': 19, 'fitness': 0.32683254042251, 'generation': 713}","{'id': 39419, 'rank': 20, 'fitness': 0.31924310459234867, 'generation': 713}","{'id': 39364, 'rank': 21, 'fitness': 0.3133910948338473, 'generation': 713}","{'id': 39413, 'rank': 22, 'fitness': 0.3096395351572845, 'generation': 713}","{'id': 39413, 'rank': 23, 'fitness': 0.3096395351572845, 'generation': 713}","{'id': 39409, 'rank': 24, 'fitness': 0.29178931790922885, 'generation': 713}","{'id': 39430, 'rank': 25, 'fitness': 0.2540603969474988, 'generation': 713}","{'id': 39397, 'rank': 26, 'fitness': 0.11794873457408189, 'generation': 713}","{'id': 39340, 'rank': 27, 'fitness': 0.07637891072281766, 'generation': 713}","{'id': 39439, 'rank': 28, 'fitness': 0.060087016328542464, 'generation': 713}","{'id': 39382, 'rank': 29, 'fitness': 0.023585780090724595, 'generation': 713}","{'id': 39381, 'rank': 30, 'fitness': 0.01798620996209155, 'generation': 713}"
"{'id': 39469, 'rank': 1, 'fitness': 0.9820137900379085, 'generation': 714}","{'id': 39267, 'rank': 2, 'fitness': 0.9465641669026916, 'generation': 714}","{'id': 39210, 'rank': 3, 'fitness': 0.9143357337572091, 'generation': 714}","{'id': 39210, 'rank': 4, 'fitness': 0.9143357337572091, 'generation': 714}","{'id': 39210, 'rank': 5, 'fitness': 0.9143357337572091, 'generation': 714}","{'id': 39210, 'rank': 6, 'fitness': 0.9143357337572091, 'generation': 714}","{'id': 38751, 'rank': 7, 'fitness': 0.8447558417803035, 'generation': 714}","{'id': 39466, 'rank': 8, 'fitness': 0.8253107756706575, 'generation': 714}","{'id': 39394, 'rank': 9, 'fitness': 0.7141326106835105, 'generation': 714}","{'id': 39470, 'rank': 10, 'fitness': 0.6117531242396539, 'generation': 714}","{'id': 39489, 'rank': 11, 'fitness': 0.5740709151605636, 'generation': 714}","{'id': 39422, 'rank': 12, 'fitness': 0.5560566022407345, 'generation': 714}","{'id': 39477, 'rank': 13, 'fitness': 0.5455480142981624, 'generation': 714}","{'id': 39457, 'rank': 14, 'fitness': 0.5236486997384068, 'generation': 714}","{'id': 39335, 'rank': 15, 'fitness': 0.4656114191662957, 'generation': 714}","{'id': 39484, 'rank': 16, 'fitness': 0.350962848851244, 'generation': 714}","{'id': 39464, 'rank': 17, 'fitness': 0.26786905619556045, 'generation': 714}","{'id': 39419, 'rank': 18, 'fitness': 0.2607310797507678, 'generation': 714}","{'id': 39419, 'rank': 19, 'fitness': 0.2607310797507678, 'generation': 714}","{'id': 39419, 'rank': 20, 'fitness': 0.2607310797507678, 'generation': 714}","{'id': 39409, 'rank': 21, 'fitness': 0.24055766163832254, 'generation': 714}","{'id': 39490, 'rank': 22, 'fitness': 0.20954141211396654, 'generation': 714}","{'id': 39492, 'rank': 23, 'fitness': 0.1705387663375858, 'generation': 714}","{'id': 39452, 'rank': 24, 'fitness': 0.06926405937250929, 'generation': 714}","{'id': 39452, 'rank': 25, 'fitness': 0.06926405937250929, 'generation': 714}","{'id': 39460, 'rank': 26, 'fitness': 0.05532273624162698, 'generation': 714}","{'id': 39450, 'rank': 27, 'fitness': 0.0492005121015065, 'generation': 714}","{'id': 39467, 'rank': 28, 'fitness': 0.04419493214849374, 'generation': 714}","{'id': 39498, 'rank': 29, 'fitness': 0.036347191637750575, 'generation': 714}","{'id': 39475, 'rank': 30, 'fitness': 0.01798620996209155, 'generation': 714}"
"{'id': 39541, 'rank': 1, 'fitness': 0.9820137900379085, 'generation': 715}","{'id': 39267, 'rank': 2, 'fitness': 0.9554920617096838, 'generation': 715}","{'id': 39267, 'rank': 3, 'fitness': 0.9554920617096838, 'generation': 715}","{'id': 39210, 'rank': 4, 'fitness': 0.9292155716624495, 'generation': 715}","{'id': 39513, 'rank': 5, 'fitness': 0.9283029848541108, 'generation': 715}","{'id': 39466, 'rank': 6, 'fitness': 0.8561163897430853, 'generation': 715}","{'id': 39534, 'rank': 7, 'fitness': 0.8186531197822757, 'generation': 715}","{'id': 39470, 'rank': 8, 'fitness': 0.6720083637208475, 'generation': 715}","{'id': 39489, 'rank': 9, 'fitness': 0.6377518474341382, 'generation': 715}","{'id': 39489, 'rank': 10, 'fitness': 0.6377518474341382, 'generation': 715}","{'id': 39528, 'rank': 11, 'fitness': 0.5764592974302103, 'generation': 715}","{'id': 39528, 'rank': 12, 'fitness': 0.5764592974302103, 'generation': 715}","{'id': 39531, 'rank': 13, 'fitness': 0.44311262170077886, 'generation': 715}","{'id': 39542, 'rank': 14, 'fitness': 0.3268022370891044, 'generation': 715}","{'id': 39419, 'rank': 15, 'fitness': 0.3238728938259999, 'generation': 715}","{'id': 39409, 'rank': 16, 'fitness': 0.301459752837578, 'generation': 715}","{'id': 39539, 'rank': 17, 'fitness': 0.26601506489377, 'generation': 715}","{'id': 39523, 'rank': 18, 'fitness': 0.23224585994093633, 'generation': 715}","{'id': 39492, 'rank': 19, 'fitness': 0.2209786976220271, 'generation': 715}","{'id': 39505, 'rank': 20, 'fitness': 0.18982142284823955, 'generation': 715}","{'id': 39525, 'rank': 21, 'fitness': 0.16465928881569736, 'generation': 715}","{'id': 39543, 'rank': 22, 'fitness': 0.1496678731377682, 'generation': 715}","{'id': 39509, 'rank': 23, 'fitness': 0.11736578381110008, 'generation': 715}","{'id': 39509, 'rank': 24, 'fitness': 0.11736578381110008, 'generation': 715}","{'id': 39452, 'rank': 25, 'fitness': 0.09563940539544435, 'generation': 715}","{'id': 39452, 'rank': 26, 'fitness': 0.09563940539544435, 'generation': 715}","{'id': 39460, 'rank': 27, 'fitness': 0.0773233849898105, 'generation': 715}","{'id': 39450, 'rank': 28, 'fitness': 0.06917560975127834, 'generation': 715}","{'id': 39514, 'rank': 29, 'fitness': 0.03246033317132524, 'generation': 715}","{'id': 39524, 'rank': 30, 'fitness': 0.01798620996209155, 'generation': 715}"
"{'id': 39541, 'rank': 1, 'fitness': 0.9820137900379085, 'generation': 716}","{'id': 39602, 'rank': 2, 'fitness': 0.9631264182497098, 'generation': 716}","{'id': 39560, 'rank': 3, 'fitness': 0.9457654755500142, 'generation': 716}","{'id': 39267, 'rank': 4, 'fitness': 0.9432906643402498, 'generation': 716}","{'id': 39513, 'rank': 5, 'fitness': 0.8973005583397051, 'generation': 716}","{'id': 39558, 'rank': 6, 'fitness': 0.8732733929199119, 'generation': 716}","{'id': 39577, 'rank': 7, 'fitness': 0.8144826275060209, 'generation': 716}","{'id': 39576, 'rank': 8, 'fitness': 0.7601733793851253, 'generation': 716}","{'id': 39534, 'rank': 9, 'fitness': 0.695496412398483, 'generation': 716}","{'id': 39591, 'rank': 10, 'fitness': 0.5591036195076811, 'generation': 716}","{'id': 39604, 'rank': 11, 'fitness': 0.4105059771523304, 'generation': 716}","{'id': 39489, 'rank': 12, 'fitness': 0.4078049202575322, 'generation': 716}","{'id': 39585, 'rank': 13, 'fitness': 0.3399307145146387, 'generation': 716}","{'id': 39528, 'rank': 14, 'fitness': 0.33164520782760804, 'generation': 716}","{'id': 39528, 'rank': 15, 'fitness': 0.33164520782760804, 'generation': 716}","{'id': 39531, 'rank': 16, 'fitness': 0.2003254744754056, 'generation': 716}","{'id': 39568, 'rank': 17, 'fitness': 0.1800056283312816, 'generation': 716}","{'id': 39419, 'rank': 18, 'fitness': 0.1160420320288601, 'generation': 716}","{'id': 39601, 'rank': 19, 'fitness': 0.08504280047291302, 'generation': 716}","{'id': 39539, 'rank': 20, 'fitness': 0.08427802148861013, 'generation': 716}","{'id': 39565, 'rank': 21, 'fitness': 0.07123150826022051, 'generation': 716}","{'id': 39523, 'rank': 22, 'fitness': 0.06813306852635248, 'generation': 716}","{'id': 39523, 'rank': 23, 'fitness': 0.06813306852635248, 'generation': 716}","{'id': 39505, 'rank': 24, 'fitness': 0.05016090532743367, 'generation': 716}","{'id': 39505, 'rank': 25, 'fitness': 0.05016090532743367, 'generation': 716}","{'id': 39569, 'rank': 26, 'fitness': 0.04387582946407492, 'generation': 716}","{'id': 39525, 'rank': 27, 'fitness': 0.04065717675263458, 'generation': 716}","{'id': 39452, 'rank': 28, 'fitness': 0.018818014702922603, 'generation': 716}","{'id': 39559, 'rank': 29, 'fitness': 0.01798620996209155, 'generation': 716}","{'id': 39559, 'rank': 30, 'fitness': 0.01798620996209155, 'generation': 716}"
"{'id': 39541, 'rank': 1, 'fitness': 0.9820137900379085, 'generation': 717}","{'id': 39602, 'rank': 2, 'fitness': 0.9656040142096416, 'generation': 717}","{'id': 39560, 'rank': 3, 'fitness': 0.9512152476214485, 'generation': 717}","{'id': 39560, 'rank': 4, 'fitness': 0.9512152476214485, 'generation': 717}","{'id': 39560, 'rank': 5, 'fitness': 0.9512152476214485, 'generation': 717}","{'id': 39560, 'rank': 6, 'fitness': 0.9512152476214485, 'generation': 717}","{'id': 39633, 'rank': 7, 'fitness': 0.9437341295997093, 'generation': 717}","{'id': 39609, 'rank': 8, 'fitness': 0.9164947594340971, 'generation': 717}","{'id': 39655, 'rank': 9, 'fitness': 0.9077606727263322, 'generation': 717}","{'id': 39654, 'rank': 10, 'fitness': 0.9005949511260398, 'generation': 717}","{'id': 39577, 'rank': 11, 'fitness': 0.848896509221962, 'generation': 717}","{'id': 39591, 'rank': 12, 'fitness': 0.6469307107297824, 'generation': 717}","{'id': 39591, 'rank': 13, 'fitness': 0.6469307107297824, 'generation': 717}","{'id': 39637, 'rank': 14, 'fitness': 0.6305292484310984, 'generation': 717}","{'id': 39637, 'rank': 15, 'fitness': 0.6305292484310984, 'generation': 717}","{'id': 39489, 'rank': 16, 'fitness': 0.5136790016087656, 'generation': 717}","{'id': 39623, 'rank': 17, 'fitness': 0.4771611248590306, 'generation': 717}","{'id': 39568, 'rank': 18, 'fitness': 0.27354762270126143, 'generation': 717}","{'id': 39650, 'rank': 19, 'fitness': 0.17511887268276105, 'generation': 717}","{'id': 39650, 'rank': 20, 'fitness': 0.17511887268276105, 'generation': 717}","{'id': 39648, 'rank': 21, 'fitness': 0.13177801458678584, 'generation': 717}","{'id': 39523, 'rank': 22, 'fitness': 0.12254269826182707, 'generation': 717}","{'id': 39523, 'rank': 23, 'fitness': 0.12254269826182707, 'generation': 717}","{'id': 39452, 'rank': 24, 'fitness': 0.040083604502647086, 'generation': 717}","{'id': 39659, 'rank': 25, 'fitness': 0.0388134872335395, 'generation': 717}","{'id': 39659, 'rank': 26, 'fitness': 0.0388134872335395, 'generation': 717}","{'id': 39629, 'rank': 27, 'fitness': 0.035657952993613795, 'generation': 717}","{'id': 39651, 'rank': 28, 'fitness': 0.030653254292228482, 'generation': 717}","{'id': 39616, 'rank': 29, 'fitness': 0.02342310731198971, 'generation': 717}","{'id': 39620, 'rank': 30, 'fitness': 0.01798620996209155, 'generation': 717}"
"{'id': 39541, 'rank': 1, 'fitness': 0.9820137900379085, 'generation': 718}","{'id': 39541, 'rank': 2, 'fitness': 0.9820137900379085, 'generation': 718}","{'id': 39675, 'rank': 3, 'fitness': 0.9794884715564249, 'generation': 718}","{'id': 39683, 'rank': 4, 'fitness': 0.9681172880554868, 'generation': 718}","{'id': 39705, 'rank': 5, 'fitness': 0.9658943014766721, 'generation': 718}","{'id': 39699, 'rank': 6, 'fitness': 0.9552538773101027, 'generation': 718}","{'id': 39699, 'rank': 7, 'fitness': 0.9552538773101027, 'generation': 718}","{'id': 39560, 'rank': 8, 'fitness': 0.9522989016813252, 'generation': 718}","{'id': 39560, 'rank': 9, 'fitness': 0.9522989016813252, 'generation': 718}","{'id': 39684, 'rank': 10, 'fitness': 0.9465600275980892, 'generation': 718}","{'id': 39655, 'rank': 11, 'fitness': 0.9109969073049773, 'generation': 718}","{'id': 39654, 'rank': 12, 'fitness': 0.9042204047106839, 'generation': 718}","{'id': 39654, 'rank': 13, 'fitness': 0.9042204047106839, 'generation': 718}","{'id': 39674, 'rank': 14, 'fitness': 0.8473207663733433, 'generation': 718}","{'id': 39591, 'rank': 15, 'fitness': 0.664492864395104, 'generation': 718}","{'id': 39668, 'rank': 16, 'fitness': 0.5081798321533816, 'generation': 718}","{'id': 39717, 'rank': 17, 'fitness': 0.4623617114540996, 'generation': 718}","{'id': 39696, 'rank': 18, 'fitness': 0.3388972742652158, 'generation': 718}","{'id': 39568, 'rank': 19, 'fitness': 0.29679166582535305, 'generation': 718}","{'id': 39568, 'rank': 20, 'fitness': 0.29679166582535305, 'generation': 718}","{'id': 39672, 'rank': 21, 'fitness': 0.28971789109468116, 'generation': 718}","{'id': 39672, 'rank': 22, 'fitness': 0.28971789109468116, 'generation': 718}","{'id': 39672, 'rank': 23, 'fitness': 0.28971789109468116, 'generation': 718}","{'id': 39688, 'rank': 24, 'fitness': 0.24803216966391023, 'generation': 718}","{'id': 39688, 'rank': 25, 'fitness': 0.24803216966391023, 'generation': 718}","{'id': 39678, 'rank': 26, 'fitness': 0.13689181839013315, 'generation': 718}","{'id': 39662, 'rank': 27, 'fitness': 0.12422604085175998, 'generation': 718}","{'id': 39661, 'rank': 28, 'fitness': 0.0878169476888756, 'generation': 718}","{'id': 39713, 'rank': 29, 'fitness': 0.03194900061808492, 'generation': 718}","{'id': 39692, 'rank': 30, 'fitness': 0.01798620996209155, 'generation': 718}"
"{'id': 39541, 'rank': 1, 'fitness': 0.9820137900379085, 'generation': 719}","{'id': 39675, 'rank': 2, 'fitness': 0.9800422980834818, 'generation': 719}","{'id': 39683, 'rank': 3, 'fitness': 0.971685285180664, 'generation': 719}","{'id': 39705, 'rank': 4, 'fitness': 0.9701274382450551, 'generation': 719}","{'id': 39699, 'rank': 5, 'fitness': 0.9629170713745803, 'generation': 719}","{'id': 39699, 'rank': 6, 'fitness': 0.9629170713745803, 'generation': 719}","{'id': 39560, 'rank': 7, 'fitness': 0.9609749977896656, 'generation': 719}","{'id': 39560, 'rank': 8, 'fitness': 0.9609749977896656, 'generation': 719}","{'id': 39560, 'rank': 9, 'fitness': 0.9609749977896656, 'generation': 719}","{'id': 39684, 'rank': 10, 'fitness': 0.9572645111300481, 'generation': 719}","{'id': 39654, 'rank': 11, 'fitness': 0.9315681710805448, 'generation': 719}","{'id': 39654, 'rank': 12, 'fitness': 0.9315681710805448, 'generation': 719}","{'id': 39654, 'rank': 13, 'fitness': 0.9315681710805448, 'generation': 719}","{'id': 39674, 'rank': 14, 'fitness': 0.8993976263202513, 'generation': 719}","{'id': 39668, 'rank': 15, 'fitness': 0.7026846727934597, 'generation': 719}","{'id': 39668, 'rank': 16, 'fitness': 0.7026846727934597, 'generation': 719}","{'id': 39717, 'rank': 17, 'fitness': 0.6714689881494574, 'generation': 719}","{'id': 39568, 'rank': 18, 'fitness': 0.5378022190622738, 'generation': 719}","{'id': 39568, 'rank': 19, 'fitness': 0.5378022190622738, 'generation': 719}","{'id': 39568, 'rank': 20, 'fitness': 0.5378022190622738, 'generation': 719}","{'id': 39672, 'rank': 21, 'fitness': 0.5310809998636039, 'generation': 719}","{'id': 39775, 'rank': 22, 'fitness': 0.5199552671068205, 'generation': 719}","{'id': 39731, 'rank': 23, 'fitness': 0.48728240768005965, 'generation': 719}","{'id': 39750, 'rank': 24, 'fitness': 0.47520445724352156, 'generation': 719}","{'id': 39783, 'rank': 25, 'fitness': 0.2168812850500782, 'generation': 719}","{'id': 39746, 'rank': 26, 'fitness': 0.0558502647947971, 'generation': 719}","{'id': 39781, 'rank': 27, 'fitness': 0.04922400413155348, 'generation': 719}","{'id': 39742, 'rank': 28, 'fitness': 0.0401143612898176, 'generation': 719}","{'id': 39748, 'rank': 29, 'fitness': 0.03169157092280589, 'generation': 719}","{'id': 39762, 'rank': 30, 'fitness': 0.01798620996209155, 'generation': 719}"
"{'id': 39847, 'rank': 1, 'fitness': 0.9820137900379085, 'generation': 720}","{'id': 39847, 'rank': 2, 'fitness': 0.9820137900379085, 'generation': 720}","{'id': 39675, 'rank': 3, 'fitness': 0.9281400617141217, 'generation': 720}","{'id': 39833, 'rank': 4, 'fitness': 0.9149132576201997, 'generation': 720}","{'id': 39683, 'rank': 5, 'fitness': 0.9047303796363482, 'generation': 720}","{'id': 39683, 'rank': 6, 'fitness': 0.9047303796363482, 'generation': 720}","{'id': 39699, 'rank': 7, 'fitness': 0.8820107942707787, 'generation': 720}","{'id': 39699, 'rank': 8, 'fitness': 0.8820107942707787, 'generation': 720}","{'id': 39654, 'rank': 9, 'fitness': 0.8111300456188202, 'generation': 720}","{'id': 39834, 'rank': 10, 'fitness': 0.7738601106854441, 'generation': 720}","{'id': 39793, 'rank': 11, 'fitness': 0.6866661300391017, 'generation': 720}","{'id': 39668, 'rank': 12, 'fitness': 0.4886624129970455, 'generation': 720}","{'id': 39731, 'rank': 13, 'fitness': 0.30423263480750573, 'generation': 720}","{'id': 39840, 'rank': 14, 'fitness': 0.1947868165871839, 'generation': 720}","{'id': 39840, 'rank': 15, 'fitness': 0.1947868165871839, 'generation': 720}","{'id': 39801, 'rank': 16, 'fitness': 0.18960348114639536, 'generation': 720}","{'id': 39807, 'rank': 17, 'fitness': 0.15307807726809997, 'generation': 720}","{'id': 39806, 'rank': 18, 'fitness': 0.13251060477385945, 'generation': 720}","{'id': 39836, 'rank': 19, 'fitness': 0.11911748847682035, 'generation': 720}","{'id': 39824, 'rank': 20, 'fitness': 0.11499460161683145, 'generation': 720}","{'id': 39815, 'rank': 21, 'fitness': 0.0836258109104005, 'generation': 720}","{'id': 39845, 'rank': 22, 'fitness': 0.06942076833136968, 'generation': 720}","{'id': 39845, 'rank': 23, 'fitness': 0.06942076833136968, 'generation': 720}","{'id': 39827, 'rank': 24, 'fitness': 0.06515706274014965, 'generation': 720}","{'id': 39829, 'rank': 25, 'fitness': 0.05286977888464195, 'generation': 720}","{'id': 39830, 'rank': 26, 'fitness': 0.051095314320761975, 'generation': 720}","{'id': 39813, 'rank': 27, 'fitness': 0.049321668213636594, 'generation': 720}","{'id': 39821, 'rank': 28, 'fitness': 0.042060473359816, 'generation': 720}","{'id': 39746, 'rank': 29, 'fitness': 0.03877784007551832, 'generation': 720}","{'id': 39835, 'rank': 30, 'fitness': 0.01798620996209155, 'generation': 720}"
"{'id': 39847, 'rank': 1, 'fitness': 0.9820137900379085, 'generation': 721}","{'id': 39675, 'rank': 2, 'fitness': 0.9228737314742697, 'generation': 721}","{'id': 39675, 'rank': 3, 'fitness': 0.9228737314742697, 'generation': 721}","{'id': 39862, 'rank': 4, 'fitness': 0.9175407196696974, 'generation': 721}","{'id': 39862, 'rank': 5, 'fitness': 0.9175407196696974, 'generation': 721}","{'id': 39862, 'rank': 6, 'fitness': 0.9175407196696974, 'generation': 721}","{'id': 39683, 'rank': 7, 'fitness': 0.8964333255133347, 'generation': 721}","{'id': 39899, 'rank': 8, 'fitness': 0.8746661689970412, 'generation': 721}","{'id': 39699, 'rank': 9, 'fitness': 0.8705924793594091, 'generation': 721}","{'id': 39699, 'rank': 10, 'fitness': 0.8705924793594091, 'generation': 721}","{'id': 39699, 'rank': 11, 'fitness': 0.8705924793594091, 'generation': 721}","{'id': 39654, 'rank': 12, 'fitness': 0.7896116144041323, 'generation': 721}","{'id': 39857, 'rank': 13, 'fitness': 0.637806595308899, 'generation': 721}","{'id': 39858, 'rank': 14, 'fitness': 0.5808866657335572, 'generation': 721}","{'id': 39668, 'rank': 15, 'fitness': 0.43541266123458594, 'generation': 721}","{'id': 39668, 'rank': 16, 'fitness': 0.43541266123458594, 'generation': 721}","{'id': 39860, 'rank': 17, 'fitness': 0.37161150916872154, 'generation': 721}","{'id': 39901, 'rank': 18, 'fitness': 0.2556640338388454, 'generation': 721}","{'id': 39866, 'rank': 19, 'fitness': 0.1909890471430713, 'generation': 721}","{'id': 39840, 'rank': 20, 'fitness': 0.1536220104894645, 'generation': 721}","{'id': 39879, 'rank': 21, 'fitness': 0.1023366375455127, 'generation': 721}","{'id': 39824, 'rank': 22, 'fitness': 0.08620138327735039, 'generation': 721}","{'id': 39824, 'rank': 23, 'fitness': 0.08620138327735039, 'generation': 721}","{'id': 39900, 'rank': 24, 'fitness': 0.08016535679348569, 'generation': 721}","{'id': 39888, 'rank': 25, 'fitness': 0.0759488180408514, 'generation': 721}","{'id': 39815, 'rank': 26, 'fitness': 0.061052829019442034, 'generation': 721}","{'id': 39884, 'rank': 27, 'fitness': 0.053372932916237015, 'generation': 721}","{'id': 39845, 'rank': 28, 'fitness': 0.049961383396509074, 'generation': 721}","{'id': 39829, 'rank': 29, 'fitness': 0.03730505570488318, 'generation': 721}","{'id': 39892, 'rank': 30, 'fitness': 0.01798620996209155, 'generation': 721}"
"{'id': 39862, 'rank': 1, 'fitness': 0.9820137900379085, 'generation': 722}","{'id': 39862, 'rank': 2, 'fitness': 0.9820137900379085, 'generation': 722}","{'id': 39862, 'rank': 3, 'fitness': 0.9820137900379085, 'generation': 722}","{'id': 39862, 'rank': 4, 'fitness': 0.9820137900379085, 'generation': 722}","{'id': 39862, 'rank': 5, 'fitness': 0.9820137900379085, 'generation': 722}","{'id': 39683, 'rank': 6, 'fitness': 0.9757170919764022, 'generation': 722}","{'id': 39683, 'rank': 7, 'fitness': 0.9757170919764022, 'generation': 722}","{'id': 39934, 'rank': 8, 'fitness': 0.9671956379541221, 'generation': 722}","{'id': 39945, 'rank': 9, 'fitness': 0.952898689538879, 'generation': 722}","{'id': 39935, 'rank': 10, 'fitness': 0.9484167259884163, 'generation': 722}","{'id': 39935, 'rank': 11, 'fitness': 0.9484167259884163, 'generation': 722}","{'id': 39654, 'rank': 12, 'fitness': 0.9354400778686311, 'generation': 722}","{'id': 39912, 'rank': 13, 'fitness': 0.8876465544107428, 'generation': 722}","{'id': 39857, 'rank': 14, 'fitness': 0.8519206595908493, 'generation': 722}","{'id': 39668, 'rank': 15, 'fitness': 0.6774181217446371, 'generation': 722}","{'id': 39668, 'rank': 16, 'fitness': 0.6774181217446371, 'generation': 722}","{'id': 39953, 'rank': 17, 'fitness': 0.30386873504432876, 'generation': 722}","{'id': 39840, 'rank': 18, 'fitness': 0.2642681378574683, 'generation': 722}","{'id': 39942, 'rank': 19, 'fitness': 0.24280931417788637, 'generation': 722}","{'id': 39954, 'rank': 20, 'fitness': 0.20787751003666444, 'generation': 722}","{'id': 39950, 'rank': 21, 'fitness': 0.18315332264517165, 'generation': 722}","{'id': 39947, 'rank': 22, 'fitness': 0.1745985241254499, 'generation': 722}","{'id': 39879, 'rank': 23, 'fitness': 0.16916477586700873, 'generation': 722}","{'id': 39879, 'rank': 24, 'fitness': 0.16916477586700873, 'generation': 722}","{'id': 39957, 'rank': 25, 'fitness': 0.14992565630285792, 'generation': 722}","{'id': 39907, 'rank': 26, 'fitness': 0.1485666226116109, 'generation': 722}","{'id': 39925, 'rank': 27, 'fitness': 0.10451641808835127, 'generation': 722}","{'id': 39815, 'rank': 28, 'fitness': 0.09305201296354615, 'generation': 722}","{'id': 39926, 'rank': 29, 'fitness': 0.03468762028210143, 'generation': 722}","{'id': 39940, 'rank': 30, 'fitness': 0.01798620996209155, 'generation': 722}"
"{'id': 39964, 'rank': 1, 'fitness': 0.9820137900379085, 'generation': 723}","{'id': 39988, 'rank': 2, 'fitness': 0.9791413615173784, 'generation': 723}","{'id': 39862, 'rank': 3, 'fitness': 0.9751402685660215, 'generation': 723}","{'id': 39862, 'rank': 4, 'fitness': 0.9751402685660215, 'generation': 723}","{'id': 39862, 'rank': 5, 'fitness': 0.9751402685660215, 'generation': 723}","{'id': 39935, 'rank': 6, 'fitness': 0.946005490835637, 'generation': 723}","{'id': 39912, 'rank': 7, 'fitness': 0.9036002517351511, 'generation': 723}","{'id': 39975, 'rank': 8, 'fitness': 0.8053385990800519, 'generation': 723}","{'id': 39668, 'rank': 9, 'fitness': 0.7784614298444901, 'generation': 723}","{'id': 39942, 'rank': 10, 'fitness': 0.4663303806463536, 'generation': 723}","{'id': 39954, 'rank': 11, 'fitness': 0.42964483073548615, 'generation': 723}","{'id': 39954, 'rank': 12, 'fitness': 0.42964483073548615, 'generation': 723}","{'id': 39954, 'rank': 13, 'fitness': 0.42964483073548615, 'generation': 723}","{'id': 39954, 'rank': 14, 'fitness': 0.42964483073548615, 'generation': 723}","{'id': 39962, 'rank': 15, 'fitness': 0.4114075725011496, 'generation': 723}","{'id': 39989, 'rank': 16, 'fitness': 0.32709042255792325, 'generation': 723}","{'id': 39984, 'rank': 17, 'fitness': 0.32518382846354177, 'generation': 723}","{'id': 39925, 'rank': 18, 'fitness': 0.2924954571220363, 'generation': 723}","{'id': 39965, 'rank': 19, 'fitness': 0.27062830454242814, 'generation': 723}","{'id': 39977, 'rank': 20, 'fitness': 0.24517314932335021, 'generation': 723}","{'id': 39992, 'rank': 21, 'fitness': 0.23990457224580392, 'generation': 723}","{'id': 40000, 'rank': 22, 'fitness': 0.20254068492043886, 'generation': 723}","{'id': 39979, 'rank': 23, 'fitness': 0.19452792220834342, 'generation': 723}","{'id': 39971, 'rank': 24, 'fitness': 0.1737979317973558, 'generation': 723}","{'id': 39995, 'rank': 25, 'fitness': 0.1323134363041854, 'generation': 723}","{'id': 39990, 'rank': 26, 'fitness': 0.12813422875586872, 'generation': 723}","{'id': 40013, 'rank': 27, 'fitness': 0.10393190161390553, 'generation': 723}","{'id': 39980, 'rank': 28, 'fitness': 0.10264700275796179, 'generation': 723}","{'id': 39997, 'rank': 29, 'fitness': 0.09613806658545454, 'generation': 723}","{'id': 39967, 'rank': 30, 'fitness': 0.01798620996209155, 'generation': 723}"
"{'id': 39964, 'rank': 1, 'fitness': 0.9820137900379085, 'generation': 724}","{'id': 40022, 'rank': 2, 'fitness': 0.9746610506697468, 'generation': 724}","{'id': 39862, 'rank': 3, 'fitness': 0.9741958489525353, 'generation': 724}","{'id': 39862, 'rank': 4, 'fitness': 0.9741958489525353, 'generation': 724}","{'id': 39862, 'rank': 5, 'fitness': 0.9741958489525353, 'generation': 724}","{'id': 40032, 'rank': 6, 'fitness': 0.9291643194188548, 'generation': 724}","{'id': 40021, 'rank': 7, 'fitness': 0.9244582305940819, 'generation': 724}","{'id': 39912, 'rank': 8, 'fitness': 0.8843233309542191, 'generation': 724}","{'id': 40034, 'rank': 9, 'fitness': 0.8188689557047744, 'generation': 724}","{'id': 40034, 'rank': 10, 'fitness': 0.8188689557047744, 'generation': 724}","{'id': 40056, 'rank': 11, 'fitness': 0.8154420071487583, 'generation': 724}","{'id': 40056, 'rank': 12, 'fitness': 0.8154420071487583, 'generation': 724}","{'id': 40056, 'rank': 13, 'fitness': 0.8154420071487583, 'generation': 724}","{'id': 40062, 'rank': 14, 'fitness': 0.796358140298857, 'generation': 724}","{'id': 40057, 'rank': 15, 'fitness': 0.7416032384206538, 'generation': 724}","{'id': 40060, 'rank': 16, 'fitness': 0.6662479254787599, 'generation': 724}","{'id': 40060, 'rank': 17, 'fitness': 0.6662479254787599, 'generation': 724}","{'id': 40060, 'rank': 18, 'fitness': 0.6662479254787599, 'generation': 724}","{'id': 40047, 'rank': 19, 'fitness': 0.5440612007807691, 'generation': 724}","{'id': 40044, 'rank': 20, 'fitness': 0.43746948441618516, 'generation': 724}","{'id': 40041, 'rank': 21, 'fitness': 0.432443462768364, 'generation': 724}","{'id': 40020, 'rank': 22, 'fitness': 0.40307002763881256, 'generation': 724}","{'id': 39942, 'rank': 23, 'fitness': 0.3513186056663521, 'generation': 724}","{'id': 39962, 'rank': 24, 'fitness': 0.2968496507840905, 'generation': 724}","{'id': 40040, 'rank': 25, 'fitness': 0.1552328740145143, 'generation': 724}","{'id': 39977, 'rank': 26, 'fitness': 0.15220880699139544, 'generation': 724}","{'id': 40035, 'rank': 27, 'fitness': 0.14504208852674094, 'generation': 724}","{'id': 40000, 'rank': 28, 'fitness': 0.12006621134844181, 'generation': 724}","{'id': 40038, 'rank': 29, 'fitness': 0.10045688508506273, 'generation': 724}","{'id': 40067, 'rank': 30, 'fitness': 0.01798620996209155, 'generation': 724}"
"{'id': 40131, 'rank': 1, 'fitness': 0.9820137900379085, 'generation': 725}","{'id': 39964, 'rank': 2, 'fitness': 0.9676126598312331, 'generation': 725}","{'id': 39862, 'rank': 3, 'fitness': 0.9554768154405138, 'generation': 725}","{'id': 40117, 'rank': 4, 'fitness': 0.9528235708036772, 'generation': 725}","{'id': 40056, 'rank': 5, 'fitness': 0.7580845581993032, 'generation': 725}","{'id': 40056, 'rank': 6, 'fitness': 0.7580845581993032, 'generation': 725}","{'id': 40056, 'rank': 7, 'fitness': 0.7580845581993032, 'generation': 725}","{'id': 40062, 'rank': 8, 'fitness': 0.7374429709217898, 'generation': 725}","{'id': 40057, 'rank': 9, 'fitness': 0.6803254350097011, 'generation': 725}","{'id': 40060, 'rank': 10, 'fitness': 0.6057941190975595, 'generation': 725}","{'id': 40060, 'rank': 11, 'fitness': 0.6057941190975595, 'generation': 725}","{'id': 40060, 'rank': 12, 'fitness': 0.6057941190975595, 'generation': 725}","{'id': 40107, 'rank': 13, 'fitness': 0.6036239055775888, 'generation': 725}","{'id': 40098, 'rank': 14, 'fitness': 0.5818294894984319, 'generation': 725}","{'id': 40098, 'rank': 15, 'fitness': 0.5818294894984319, 'generation': 725}","{'id': 40087, 'rank': 16, 'fitness': 0.5718269427955297, 'generation': 725}","{'id': 40041, 'rank': 17, 'fitness': 0.39314207056753764, 'generation': 725}","{'id': 40119, 'rank': 18, 'fitness': 0.34285095900537754, 'generation': 725}","{'id': 40119, 'rank': 19, 'fitness': 0.34285095900537754, 'generation': 725}","{'id': 40119, 'rank': 20, 'fitness': 0.34285095900537754, 'generation': 725}","{'id': 40081, 'rank': 21, 'fitness': 0.3208581378453377, 'generation': 725}","{'id': 40102, 'rank': 22, 'fitness': 0.2871192126154669, 'generation': 725}","{'id': 40096, 'rank': 23, 'fitness': 0.2651053146869927, 'generation': 725}","{'id': 40093, 'rank': 24, 'fitness': 0.23704378275548216, 'generation': 725}","{'id': 40080, 'rank': 25, 'fitness': 0.22461365259017846, 'generation': 725}","{'id': 40101, 'rank': 26, 'fitness': 0.17118845772012753, 'generation': 725}","{'id': 40035, 'rank': 27, 'fitness': 0.14414293813474927, 'generation': 725}","{'id': 40073, 'rank': 28, 'fitness': 0.13676209334704503, 'generation': 725}","{'id': 40121, 'rank': 29, 'fitness': 0.12090103501912225, 'generation': 725}","{'id': 40130, 'rank': 30, 'fitness': 0.01798620996209155, 'generation': 725}"
"{'id': 40145, 'rank': 1, 'fitness': 0.9820137900379085, 'generation': 726}","{'id': 39964, 'rank': 2, 'fitness': 0.9766895429816729, 'generation': 726}","{'id': 39862, 'rank': 3, 'fitness': 0.9603478062702269, 'generation': 726}","{'id': 40117, 'rank': 4, 'fitness': 0.9563386958323699, 'generation': 726}","{'id': 40117, 'rank': 5, 'fitness': 0.9563386958323699, 'generation': 726}","{'id': 40117, 'rank': 6, 'fitness': 0.9563386958323699, 'generation': 726}","{'id': 40146, 'rank': 7, 'fitness': 0.8063281649527814, 'generation': 726}","{'id': 40144, 'rank': 8, 'fitness': 0.6727934145961832, 'generation': 726}","{'id': 40144, 'rank': 9, 'fitness': 0.6727934145961832, 'generation': 726}","{'id': 40056, 'rank': 10, 'fitness': 0.49995286371612224, 'generation': 726}","{'id': 40056, 'rank': 11, 'fitness': 0.49995286371612224, 'generation': 726}","{'id': 40056, 'rank': 12, 'fitness': 0.49995286371612224, 'generation': 726}","{'id': 40056, 'rank': 13, 'fitness': 0.49995286371612224, 'generation': 726}","{'id': 40060, 'rank': 14, 'fitness': 0.23494425975791028, 'generation': 726}","{'id': 40060, 'rank': 15, 'fitness': 0.23494425975791028, 'generation': 726}","{'id': 40132, 'rank': 16, 'fitness': 0.20077368377157156, 'generation': 726}","{'id': 40087, 'rank': 17, 'fitness': 0.19574226260465005, 'generation': 726}","{'id': 40154, 'rank': 18, 'fitness': 0.1170856076434757, 'generation': 726}","{'id': 40154, 'rank': 19, 'fitness': 0.1170856076434757, 'generation': 726}","{'id': 40169, 'rank': 20, 'fitness': 0.0745503688948228, 'generation': 726}","{'id': 40140, 'rank': 21, 'fitness': 0.06336619123055076, 'generation': 726}","{'id': 40119, 'rank': 22, 'fitness': 0.04878935889112612, 'generation': 726}","{'id': 40133, 'rank': 23, 'fitness': 0.037617342146320676, 'generation': 726}","{'id': 40102, 'rank': 24, 'fitness': 0.03232795593041471, 'generation': 726}","{'id': 40096, 'rank': 25, 'fitness': 0.02708034186158348, 'generation': 726}","{'id': 40093, 'rank': 26, 'fitness': 0.02127079450379693, 'generation': 726}","{'id': 40093, 'rank': 27, 'fitness': 0.02127079450379693, 'generation': 726}","{'id': 40093, 'rank': 28, 'fitness': 0.02127079450379693, 'generation': 726}","{'id': 40170, 'rank': 29, 'fitness': 0.018677040987272298, 'generation': 726}","{'id': 40159, 'rank': 30, 'fitness': 0.01798620996209155, 'generation': 726}"
"{'id': 40212, 'rank': 1, 'fitness': 0.9820137900379085, 'generation': 727}","{'id': 40145, 'rank': 2, 'fitness': 0.9704603499434272, 'generation': 727}","{'id': 40214, 'rank': 3, 'fitness': 0.9477603649425488, 'generation': 727}","{'id': 40214, 'rank': 4, 'fitness': 0.9477603649425488, 'generation': 727}","{'id': 40117, 'rank': 5, 'fitness': 0.9428463504280518, 'generation': 727}","{'id': 40184, 'rank': 6, 'fitness': 0.82431855595866, 'generation': 727}","{'id': 40184, 'rank': 7, 'fitness': 0.82431855595866, 'generation': 727}","{'id': 40230, 'rank': 8, 'fitness': 0.8009414914396724, 'generation': 727}","{'id': 40194, 'rank': 9, 'fitness': 0.7727651188076481, 'generation': 727}","{'id': 40182, 'rank': 10, 'fitness': 0.7137539725557817, 'generation': 727}","{'id': 40056, 'rank': 11, 'fitness': 0.6165595424554041, 'generation': 727}","{'id': 40056, 'rank': 12, 'fitness': 0.6165595424554041, 'generation': 727}","{'id': 40228, 'rank': 13, 'fitness': 0.5894416518203655, 'generation': 727}","{'id': 40203, 'rank': 14, 'fitness': 0.5268926232794771, 'generation': 727}","{'id': 40203, 'rank': 15, 'fitness': 0.5268926232794771, 'generation': 727}","{'id': 40216, 'rank': 16, 'fitness': 0.4317824827757362, 'generation': 727}","{'id': 40211, 'rank': 17, 'fitness': 0.41975829629044537, 'generation': 727}","{'id': 40193, 'rank': 18, 'fitness': 0.3853479421079423, 'generation': 727}","{'id': 40087, 'rank': 19, 'fitness': 0.3564726479639022, 'generation': 727}","{'id': 40231, 'rank': 20, 'fitness': 0.2860466156364284, 'generation': 727}","{'id': 40231, 'rank': 21, 'fitness': 0.2860466156364284, 'generation': 727}","{'id': 40229, 'rank': 22, 'fitness': 0.2613857902281684, 'generation': 727}","{'id': 40202, 'rank': 23, 'fitness': 0.2352835919669804, 'generation': 727}","{'id': 40169, 'rank': 24, 'fitness': 0.19393394708092654, 'generation': 727}","{'id': 40119, 'rank': 25, 'fitness': 0.14615000573255688, 'generation': 727}","{'id': 40102, 'rank': 26, 'fitness': 0.1102206543383576, 'generation': 727}","{'id': 40102, 'rank': 27, 'fitness': 0.1102206543383576, 'generation': 727}","{'id': 40186, 'rank': 28, 'fitness': 0.0491742714314799, 'generation': 727}","{'id': 40189, 'rank': 29, 'fitness': 0.02916901620082113, 'generation': 727}","{'id': 40217, 'rank': 30, 'fitness': 0.01798620996209155, 'generation': 727}"
"{'id': 40212, 'rank': 1, 'fitness': 0.9820137900379085, 'generation': 728}","{'id': 40212, 'rank': 2, 'fitness': 0.9820137900379085, 'generation': 728}","{'id': 40145, 'rank': 3, 'fitness': 0.9668884114419984, 'generation': 728}","{'id': 40289, 'rank': 4, 'fitness': 0.9577860599788209, 'generation': 728}","{'id': 40214, 'rank': 5, 'fitness': 0.9335582865094363, 'generation': 728}","{'id': 40214, 'rank': 6, 'fitness': 0.9335582865094363, 'generation': 728}","{'id': 40117, 'rank': 7, 'fitness': 0.9259113998011845, 'generation': 728}","{'id': 40268, 'rank': 8, 'fitness': 0.7488833280141456, 'generation': 728}","{'id': 40268, 'rank': 9, 'fitness': 0.7488833280141456, 'generation': 728}","{'id': 40230, 'rank': 10, 'fitness': 0.6872359274167419, 'generation': 728}","{'id': 40194, 'rank': 11, 'fitness': 0.6410700971780776, 'generation': 728}","{'id': 40194, 'rank': 12, 'fitness': 0.6410700971780776, 'generation': 728}","{'id': 40275, 'rank': 13, 'fitness': 0.5683447215976776, 'generation': 728}","{'id': 40272, 'rank': 14, 'fitness': 0.43338082725672405, 'generation': 728}","{'id': 40056, 'rank': 15, 'fitness': 0.4151375864428984, 'generation': 728}","{'id': 40238, 'rank': 16, 'fitness': 0.335252157058723, 'generation': 728}","{'id': 40203, 'rank': 17, 'fitness': 0.3110385994328879, 'generation': 728}","{'id': 40211, 'rank': 18, 'fitness': 0.20969018739253648, 'generation': 728}","{'id': 40193, 'rank': 19, 'fitness': 0.18195700699674244, 'generation': 728}","{'id': 40087, 'rank': 20, 'fitness': 0.1603454052827396, 'generation': 728}","{'id': 40231, 'rank': 21, 'fitness': 0.11357153120580599, 'generation': 728}","{'id': 40258, 'rank': 22, 'fitness': 0.07491682516707415, 'generation': 728}","{'id': 40258, 'rank': 23, 'fitness': 0.07491682516707415, 'generation': 728}","{'id': 40269, 'rank': 24, 'fitness': 0.06714437707065524, 'generation': 728}","{'id': 40102, 'rank': 25, 'fitness': 0.02928667954719749, 'generation': 728}","{'id': 40234, 'rank': 26, 'fitness': 0.027199483856521878, 'generation': 728}","{'id': 40260, 'rank': 27, 'fitness': 0.022865900948248752, 'generation': 728}","{'id': 40273, 'rank': 28, 'fitness': 0.022350084054790942, 'generation': 728}","{'id': 40245, 'rank': 29, 'fitness': 0.01798620996209155, 'generation': 728}","{'id': 40245, 'rank': 30, 'fitness': 0.01798620996209155, 'generation': 728}"
"{'id': 40212, 'rank': 1, 'fitness': 0.9820137900379085, 'generation': 729}","{'id': 40212, 'rank': 2, 'fitness': 0.9820137900379085, 'generation': 729}","{'id': 40145, 'rank': 3, 'fitness': 0.9684359272718106, 'generation': 729}","{'id': 40339, 'rank': 4, 'fitness': 0.9444951552904348, 'generation': 729}","{'id': 40214, 'rank': 5, 'fitness': 0.9399111213657378, 'generation': 729}","{'id': 40336, 'rank': 6, 'fitness': 0.9111848159407618, 'generation': 729}","{'id': 40325, 'rank': 7, 'fitness': 0.8896752099675843, 'generation': 729}","{'id': 40325, 'rank': 8, 'fitness': 0.8896752099675843, 'generation': 729}","{'id': 40325, 'rank': 9, 'fitness': 0.8896752099675843, 'generation': 729}","{'id': 40335, 'rank': 10, 'fitness': 0.86238073955278, 'generation': 729}","{'id': 40230, 'rank': 11, 'fitness': 0.7390746942572417, 'generation': 729}","{'id': 40230, 'rank': 12, 'fitness': 0.7390746942572417, 'generation': 729}","{'id': 40230, 'rank': 13, 'fitness': 0.7390746942572417, 'generation': 729}","{'id': 40230, 'rank': 14, 'fitness': 0.7390746942572417, 'generation': 729}","{'id': 40194, 'rank': 15, 'fitness': 0.7006355952707122, 'generation': 729}","{'id': 40275, 'rank': 16, 'fitness': 0.6386513778418619, 'generation': 729}","{'id': 40272, 'rank': 17, 'fitness': 0.5173121239907371, 'generation': 729}","{'id': 40272, 'rank': 18, 'fitness': 0.5173121239907371, 'generation': 729}","{'id': 40056, 'rank': 19, 'fitness': 0.5001210206361767, 'generation': 729}","{'id': 40297, 'rank': 20, 'fitness': 0.3581498465950731, 'generation': 729}","{'id': 40193, 'rank': 21, 'fitness': 0.2557497514446295, 'generation': 729}","{'id': 40318, 'rank': 22, 'fitness': 0.21551487461304308, 'generation': 729}","{'id': 40318, 'rank': 23, 'fitness': 0.21551487461304308, 'generation': 729}","{'id': 40231, 'rank': 24, 'fitness': 0.17133419854587117, 'generation': 729}","{'id': 40315, 'rank': 25, 'fitness': 0.14798287784859854, 'generation': 729}","{'id': 40309, 'rank': 26, 'fitness': 0.08749734650182117, 'generation': 729}","{'id': 40309, 'rank': 27, 'fitness': 0.08749734650182117, 'generation': 729}","{'id': 40245, 'rank': 28, 'fitness': 0.03332086407428958, 'generation': 729}","{'id': 40245, 'rank': 29, 'fitness': 0.03332086407428958, 'generation': 729}","{'id': 40303, 'rank': 30, 'fitness': 0.01798620996209155, 'generation': 729}"
"{'id': 40212, 'rank': 1, 'fitness': 0.9820137900379085, 'generation': 730}","{'id': 40212, 'rank': 2, 'fitness': 0.9820137900379085, 'generation': 730}","{'id': 40392, 'rank': 3, 'fitness': 0.9523486007585357, 'generation': 730}","{'id': 40392, 'rank': 4, 'fitness': 0.9523486007585357, 'generation': 730}","{'id': 40339, 'rank': 5, 'fitness': 0.9467741992267227, 'generation': 730}","{'id': 40214, 'rank': 6, 'fitness': 0.9425406123719523, 'generation': 730}","{'id': 40351, 'rank': 7, 'fitness': 0.8431097144784565, 'generation': 730}","{'id': 40351, 'rank': 8, 'fitness': 0.8431097144784565, 'generation': 730}","{'id': 40230, 'rank': 9, 'fitness': 0.7601846009005387, 'generation': 730}","{'id': 40194, 'rank': 10, 'fitness': 0.7251416465900093, 'generation': 730}","{'id': 40194, 'rank': 11, 'fitness': 0.7251416465900093, 'generation': 730}","{'id': 40389, 'rank': 12, 'fitness': 0.6295665602939297, 'generation': 730}","{'id': 40389, 'rank': 13, 'fitness': 0.6295665602939297, 'generation': 730}","{'id': 40056, 'rank': 14, 'fitness': 0.5380734289353487, 'generation': 730}","{'id': 40056, 'rank': 15, 'fitness': 0.5380734289353487, 'generation': 730}","{'id': 40361, 'rank': 16, 'fitness': 0.2679756123652809, 'generation': 730}","{'id': 40361, 'rank': 17, 'fitness': 0.2679756123652809, 'generation': 730}","{'id': 40318, 'rank': 18, 'fitness': 0.2514792430464337, 'generation': 730}","{'id': 40318, 'rank': 19, 'fitness': 0.2514792430464337, 'generation': 730}","{'id': 40318, 'rank': 20, 'fitness': 0.2514792430464337, 'generation': 730}","{'id': 40231, 'rank': 21, 'fitness': 0.2035693666330297, 'generation': 730}","{'id': 40347, 'rank': 22, 'fitness': 0.18355855596876614, 'generation': 730}","{'id': 40315, 'rank': 23, 'fitness': 0.17772854354680867, 'generation': 730}","{'id': 40374, 'rank': 24, 'fitness': 0.15515184530705506, 'generation': 730}","{'id': 40381, 'rank': 25, 'fitness': 0.14969075266043586, 'generation': 730}","{'id': 40357, 'rank': 26, 'fitness': 0.09182665340139806, 'generation': 730}","{'id': 40356, 'rank': 27, 'fitness': 0.0824420766145732, 'generation': 730}","{'id': 40394, 'rank': 28, 'fitness': 0.045022670144376, 'generation': 730}","{'id': 40394, 'rank': 29, 'fitness': 0.045022670144376, 'generation': 730}","{'id': 40386, 'rank': 30, 'fitness': 0.01798620996209155, 'generation': 730}"
"{'id': 40212, 'rank': 1, 'fitness': 0.9820137900379085, 'generation': 731}","{'id': 40212, 'rank': 2, 'fitness': 0.9820137900379085, 'generation': 731}","{'id': 40392, 'rank': 3, 'fitness': 0.9545887669053341, 'generation': 731}","{'id': 40392, 'rank': 4, 'fitness': 0.9545887669053341, 'generation': 731}","{'id': 40214, 'rank': 5, 'fitness': 0.9457270596459563, 'generation': 731}","{'id': 40214, 'rank': 6, 'fitness': 0.9457270596459563, 'generation': 731}","{'id': 40351, 'rank': 7, 'fitness': 0.8579121735898673, 'generation': 731}","{'id': 40418, 'rank': 8, 'fitness': 0.8561818421613885, 'generation': 731}","{'id': 40230, 'rank': 9, 'fitness': 0.7852830608812484, 'generation': 731}","{'id': 40402, 'rank': 10, 'fitness': 0.6751464933092512, 'generation': 731}","{'id': 40056, 'rank': 11, 'fitness': 0.5856297823391826, 'generation': 731}","{'id': 40056, 'rank': 12, 'fitness': 0.5856297823391826, 'generation': 731}","{'id': 40452, 'rank': 13, 'fitness': 0.4982174994146511, 'generation': 731}","{'id': 40452, 'rank': 14, 'fitness': 0.4982174994146511, 'generation': 731}","{'id': 40449, 'rank': 15, 'fitness': 0.44566719227397217, 'generation': 731}","{'id': 40361, 'rank': 16, 'fitness': 0.3200782402794699, 'generation': 731}","{'id': 40361, 'rank': 17, 'fitness': 0.3200782402794699, 'generation': 731}","{'id': 40318, 'rank': 18, 'fitness': 0.3026057126727112, 'generation': 731}","{'id': 40318, 'rank': 19, 'fitness': 0.3026057126727112, 'generation': 731}","{'id': 40446, 'rank': 20, 'fitness': 0.17909669390742683, 'generation': 731}","{'id': 40429, 'rank': 21, 'fitness': 0.1563269658623121, 'generation': 731}","{'id': 40356, 'rank': 22, 'fitness': 0.11031519889411628, 'generation': 731}","{'id': 40394, 'rank': 23, 'fitness': 0.06297218631089474, 'generation': 731}","{'id': 40447, 'rank': 24, 'fitness': 0.038828135243399176, 'generation': 731}","{'id': 40420, 'rank': 25, 'fitness': 0.03611547941462023, 'generation': 731}","{'id': 40386, 'rank': 26, 'fitness': 0.026649172767913898, 'generation': 731}","{'id': 40386, 'rank': 27, 'fitness': 0.026649172767913898, 'generation': 731}","{'id': 40410, 'rank': 28, 'fitness': 0.0263048846324051, 'generation': 731}","{'id': 40398, 'rank': 29, 'fitness': 0.024376707506063522, 'generation': 731}","{'id': 40426, 'rank': 30, 'fitness': 0.01798620996209155, 'generation': 731}"
"{'id': 40392, 'rank': 1, 'fitness': 0.9820137900379085, 'generation': 732}","{'id': 40508, 'rank': 2, 'fitness': 0.9705733692711783, 'generation': 732}","{'id': 40506, 'rank': 3, 'fitness': 0.9544544813092832, 'generation': 732}","{'id': 40351, 'rank': 4, 'fitness': 0.9343521936631303, 'generation': 732}","{'id': 40351, 'rank': 5, 'fitness': 0.9343521936631303, 'generation': 732}","{'id': 40469, 'rank': 6, 'fitness': 0.914506526442439, 'generation': 732}","{'id': 40511, 'rank': 7, 'fitness': 0.912324209782634, 'generation': 732}","{'id': 40230, 'rank': 8, 'fitness': 0.8923755958005185, 'generation': 732}","{'id': 40230, 'rank': 9, 'fitness': 0.8923755958005185, 'generation': 732}","{'id': 40500, 'rank': 10, 'fitness': 0.8255243579221766, 'generation': 732}","{'id': 40402, 'rank': 11, 'fitness': 0.8184871989217828, 'generation': 732}","{'id': 40498, 'rank': 12, 'fitness': 0.816964124139455, 'generation': 732}","{'id': 40498, 'rank': 13, 'fitness': 0.816964124139455, 'generation': 732}","{'id': 40056, 'rank': 14, 'fitness': 0.7484802027219519, 'generation': 732}","{'id': 40480, 'rank': 15, 'fitness': 0.6772510865885129, 'generation': 732}","{'id': 40480, 'rank': 16, 'fitness': 0.6772510865885129, 'generation': 732}","{'id': 40472, 'rank': 17, 'fitness': 0.5616919133907025, 'generation': 732}","{'id': 40510, 'rank': 18, 'fitness': 0.4946367640343022, 'generation': 732}","{'id': 40318, 'rank': 19, 'fitness': 0.45459245648557023, 'generation': 732}","{'id': 40485, 'rank': 20, 'fitness': 0.2765439507285591, 'generation': 732}","{'id': 40495, 'rank': 21, 'fitness': 0.22287232984184108, 'generation': 732}","{'id': 40467, 'rank': 22, 'fitness': 0.18531748643805984, 'generation': 732}","{'id': 40394, 'rank': 23, 'fitness': 0.10044982952953874, 'generation': 732}","{'id': 40394, 'rank': 24, 'fitness': 0.10044982952953874, 'generation': 732}","{'id': 40394, 'rank': 25, 'fitness': 0.10044982952953874, 'generation': 732}","{'id': 40484, 'rank': 26, 'fitness': 0.06831977281277901, 'generation': 732}","{'id': 40447, 'rank': 27, 'fitness': 0.06060852373120856, 'generation': 732}","{'id': 40410, 'rank': 28, 'fitness': 0.04014006584412855, 'generation': 732}","{'id': 40491, 'rank': 29, 'fitness': 0.027333717359905862, 'generation': 732}","{'id': 40489, 'rank': 30, 'fitness': 0.01798620996209155, 'generation': 732}"
"{'id': 40515, 'rank': 1, 'fitness': 0.9820137900379085, 'generation': 733}","{'id': 40515, 'rank': 2, 'fitness': 0.9820137900379085, 'generation': 733}","{'id': 40521, 'rank': 3, 'fitness': 0.9788720146580648, 'generation': 733}","{'id': 40508, 'rank': 4, 'fitness': 0.9498462686885295, 'generation': 733}","{'id': 40351, 'rank': 5, 'fitness': 0.9008547126386868, 'generation': 733}","{'id': 40469, 'rank': 6, 'fitness': 0.876226436609485, 'generation': 733}","{'id': 40469, 'rank': 7, 'fitness': 0.876226436609485, 'generation': 733}","{'id': 40469, 'rank': 8, 'fitness': 0.876226436609485, 'generation': 733}","{'id': 40511, 'rank': 9, 'fitness': 0.8735872668079917, 'generation': 733}","{'id': 40511, 'rank': 10, 'fitness': 0.8735872668079917, 'generation': 733}","{'id': 40230, 'rank': 11, 'fitness': 0.849998190368873, 'generation': 733}","{'id': 40561, 'rank': 12, 'fitness': 0.8441620452895799, 'generation': 733}","{'id': 40561, 'rank': 13, 'fitness': 0.8441620452895799, 'generation': 733}","{'id': 40500, 'rank': 14, 'fitness': 0.7763167465672491, 'generation': 733}","{'id': 40402, 'rank': 15, 'fitness': 0.7689325759967979, 'generation': 733}","{'id': 40498, 'rank': 16, 'fitness': 0.7673421445661419, 'generation': 733}","{'id': 40498, 'rank': 17, 'fitness': 0.7673421445661419, 'generation': 733}","{'id': 40498, 'rank': 18, 'fitness': 0.7673421445661419, 'generation': 733}","{'id': 40543, 'rank': 19, 'fitness': 0.7266160527571023, 'generation': 733}","{'id': 40480, 'rank': 20, 'fitness': 0.6303688896924932, 'generation': 733}","{'id': 40530, 'rank': 21, 'fitness': 0.5020483664916036, 'generation': 733}","{'id': 40545, 'rank': 22, 'fitness': 0.47623264918360875, 'generation': 733}","{'id': 40545, 'rank': 23, 'fitness': 0.47623264918360875, 'generation': 733}","{'id': 40556, 'rank': 24, 'fitness': 0.38775326704689483, 'generation': 733}","{'id': 40554, 'rank': 25, 'fitness': 0.1637814655703302, 'generation': 733}","{'id': 40394, 'rank': 26, 'fitness': 0.11612270131691455, 'generation': 733}","{'id': 40542, 'rank': 27, 'fitness': 0.08873829820256862, 'generation': 733}","{'id': 40537, 'rank': 28, 'fitness': 0.06004503270017364, 'generation': 733}","{'id': 40533, 'rank': 29, 'fitness': 0.02673966054428123, 'generation': 733}","{'id': 40553, 'rank': 30, 'fitness': 0.01798620996209155, 'generation': 733}"
"{'id': 40521, 'rank': 1, 'fitness': 0.9820137900379085, 'generation': 734}","{'id': 40631, 'rank': 2, 'fitness': 0.9439763160615802, 'generation': 734}","{'id': 40609, 'rank': 3, 'fitness': 0.9382520648067108, 'generation': 734}","{'id': 40572, 'rank': 4, 'fitness': 0.9250784904634262, 'generation': 734}","{'id': 40469, 'rank': 5, 'fitness': 0.8832936701411012, 'generation': 734}","{'id': 40511, 'rank': 6, 'fitness': 0.8806533835713636, 'generation': 734}","{'id': 40511, 'rank': 7, 'fitness': 0.8806533835713636, 'generation': 734}","{'id': 40561, 'rank': 8, 'fitness': 0.8510020192077666, 'generation': 734}","{'id': 40498, 'rank': 9, 'fitness': 0.7721693237972735, 'generation': 734}","{'id': 40498, 'rank': 10, 'fitness': 0.7721693237972735, 'generation': 734}","{'id': 40543, 'rank': 11, 'fitness': 0.7297926773924169, 'generation': 734}","{'id': 40530, 'rank': 12, 'fitness': 0.4935009275189279, 'generation': 734}","{'id': 40545, 'rank': 13, 'fitness': 0.4663787342159108, 'generation': 734}","{'id': 40545, 'rank': 14, 'fitness': 0.4663787342159108, 'generation': 734}","{'id': 40545, 'rank': 15, 'fitness': 0.4663787342159108, 'generation': 734}","{'id': 40612, 'rank': 16, 'fitness': 0.4624536284776692, 'generation': 734}","{'id': 40556, 'rank': 17, 'fitness': 0.3740088608912206, 'generation': 734}","{'id': 40622, 'rank': 18, 'fitness': 0.2811106140906258, 'generation': 734}","{'id': 40593, 'rank': 19, 'fitness': 0.24143230742720412, 'generation': 734}","{'id': 40630, 'rank': 20, 'fitness': 0.1719971548911562, 'generation': 734}","{'id': 40554, 'rank': 21, 'fitness': 0.1481133060459755, 'generation': 734}","{'id': 40554, 'rank': 22, 'fitness': 0.1481133060459755, 'generation': 734}","{'id': 40590, 'rank': 23, 'fitness': 0.11135491272100945, 'generation': 734}","{'id': 40605, 'rank': 24, 'fitness': 0.08083315416837622, 'generation': 734}","{'id': 40605, 'rank': 25, 'fitness': 0.08083315416837622, 'generation': 734}","{'id': 40611, 'rank': 26, 'fitness': 0.05216023494327665, 'generation': 734}","{'id': 40575, 'rank': 27, 'fitness': 0.037220256152495634, 'generation': 734}","{'id': 40575, 'rank': 28, 'fitness': 0.037220256152495634, 'generation': 734}","{'id': 40623, 'rank': 29, 'fitness': 0.020915770142801826, 'generation': 734}","{'id': 40603, 'rank': 30, 'fitness': 0.01798620996209155, 'generation': 734}"
"{'id': 40609, 'rank': 1, 'fitness': 0.9820137900379085, 'generation': 735}","{'id': 40609, 'rank': 2, 'fitness': 0.9820137900379085, 'generation': 735}","{'id': 40572, 'rank': 3, 'fitness': 0.9765747105454214, 'generation': 735}","{'id': 40469, 'rank': 4, 'fitness': 0.956644158244216, 'generation': 735}","{'id': 40511, 'rank': 5, 'fitness': 0.955255793936427, 'generation': 735}","{'id': 40511, 'rank': 6, 'fitness': 0.955255793936427, 'generation': 735}","{'id': 40511, 'rank': 7, 'fitness': 0.955255793936427, 'generation': 735}","{'id': 40561, 'rank': 8, 'fitness': 0.938660868236532, 'generation': 735}","{'id': 40498, 'rank': 9, 'fitness': 0.8859093253674597, 'generation': 735}","{'id': 40646, 'rank': 10, 'fitness': 0.8253143269142917, 'generation': 735}","{'id': 40646, 'rank': 11, 'fitness': 0.8253143269142917, 'generation': 735}","{'id': 40530, 'rank': 12, 'fitness': 0.6056618937400193, 'generation': 735}","{'id': 40686, 'rank': 13, 'fitness': 0.5877229783245068, 'generation': 735}","{'id': 40686, 'rank': 14, 'fitness': 0.5877229783245068, 'generation': 735}","{'id': 40545, 'rank': 15, 'fitness': 0.5714627570294647, 'generation': 735}","{'id': 40545, 'rank': 16, 'fitness': 0.5714627570294647, 'generation': 735}","{'id': 40612, 'rank': 17, 'fitness': 0.566431903930594, 'generation': 735}","{'id': 40636, 'rank': 18, 'fitness': 0.4476840926867781, 'generation': 735}","{'id': 40636, 'rank': 19, 'fitness': 0.4476840926867781, 'generation': 735}","{'id': 40648, 'rank': 20, 'fitness': 0.2354797129856776, 'generation': 735}","{'id': 40639, 'rank': 21, 'fitness': 0.20110389518035415, 'generation': 735}","{'id': 40633, 'rank': 22, 'fitness': 0.15437036770103285, 'generation': 735}","{'id': 40554, 'rank': 23, 'fitness': 0.14047979216867523, 'generation': 735}","{'id': 40554, 'rank': 24, 'fitness': 0.14047979216867523, 'generation': 735}","{'id': 40660, 'rank': 25, 'fitness': 0.12859422859921882, 'generation': 735}","{'id': 40679, 'rank': 26, 'fitness': 0.08695464253900809, 'generation': 735}","{'id': 40671, 'rank': 27, 'fitness': 0.07325466309957485, 'generation': 735}","{'id': 40650, 'rank': 28, 'fitness': 0.02702806875278202, 'generation': 735}","{'id': 40575, 'rank': 29, 'fitness': 0.02262600147927596, 'generation': 735}","{'id': 40638, 'rank': 30, 'fitness': 0.01798620996209155, 'generation': 735}"
"{'id': 40609, 'rank': 1, 'fitness': 0.9820137900379085, 'generation': 736}","{'id': 40609, 'rank': 2, 'fitness': 0.9820137900379085, 'generation': 736}","{'id': 40609, 'rank': 3, 'fitness': 0.9820137900379085, 'generation': 736}","{'id': 40690, 'rank': 4, 'fitness': 0.9792977917209884, 'generation': 736}","{'id': 40572, 'rank': 5, 'fitness': 0.9768859000117364, 'generation': 736}","{'id': 40572, 'rank': 6, 'fitness': 0.9768859000117364, 'generation': 736}","{'id': 40469, 'rank': 7, 'fitness': 0.9585118761392315, 'generation': 736}","{'id': 40469, 'rank': 8, 'fitness': 0.9585118761392315, 'generation': 736}","{'id': 40511, 'rank': 9, 'fitness': 0.9572491829969028, 'generation': 736}","{'id': 40511, 'rank': 10, 'fitness': 0.9572491829969028, 'generation': 736}","{'id': 40561, 'rank': 11, 'fitness': 0.9422743574965692, 'generation': 736}","{'id': 40561, 'rank': 12, 'fitness': 0.9422743574965692, 'generation': 736}","{'id': 40715, 'rank': 13, 'fitness': 0.8927330968253802, 'generation': 736}","{'id': 40721, 'rank': 14, 'fitness': 0.8779467641763616, 'generation': 736}","{'id': 40695, 'rank': 15, 'fitness': 0.754481051816895, 'generation': 736}","{'id': 40686, 'rank': 16, 'fitness': 0.6317159098382445, 'generation': 736}","{'id': 40545, 'rank': 17, 'fitness': 0.6168581822609818, 'generation': 736}","{'id': 40545, 'rank': 18, 'fitness': 0.6168581822609818, 'generation': 736}","{'id': 40734, 'rank': 19, 'fitness': 0.5226221859821776, 'generation': 736}","{'id': 40724, 'rank': 20, 'fitness': 0.3027641864854489, 'generation': 736}","{'id': 40639, 'rank': 21, 'fitness': 0.24854706504442475, 'generation': 736}","{'id': 40722, 'rank': 22, 'fitness': 0.2186279999301406, 'generation': 736}","{'id': 40697, 'rank': 23, 'fitness': 0.16311877325196633, 'generation': 736}","{'id': 40703, 'rank': 24, 'fitness': 0.15894295521859553, 'generation': 736}","{'id': 40744, 'rank': 25, 'fitness': 0.1584201910856875, 'generation': 736}","{'id': 40679, 'rank': 26, 'fitness': 0.11618823326927796, 'generation': 736}","{'id': 40740, 'rank': 27, 'fitness': 0.08164856764852957, 'generation': 736}","{'id': 40740, 'rank': 28, 'fitness': 0.08164856764852957, 'generation': 736}","{'id': 40694, 'rank': 29, 'fitness': 0.027516104622155646, 'generation': 736}","{'id': 40699, 'rank': 30, 'fitness': 0.01798620996209155, 'generation': 736}"
"{'id': 40809, 'rank': 1, 'fitness': 0.9820137900379085, 'generation': 737}","{'id': 40609, 'rank': 2, 'fitness': 0.9316485743771801, 'generation': 737}","{'id': 40609, 'rank': 3, 'fitness': 0.9316485743771801, 'generation': 737}","{'id': 40609, 'rank': 4, 'fitness': 0.9316485743771801, 'generation': 737}","{'id': 40609, 'rank': 5, 'fitness': 0.9316485743771801, 'generation': 737}","{'id': 40690, 'rank': 6, 'fitness': 0.9236476207633296, 'generation': 737}","{'id': 40469, 'rank': 7, 'fitness': 0.8695172499675587, 'generation': 737}","{'id': 40469, 'rank': 8, 'fitness': 0.8695172499675587, 'generation': 737}","{'id': 40511, 'rank': 9, 'fitness': 0.8665339451402325, 'generation': 737}","{'id': 40695, 'rank': 10, 'fitness': 0.5543243974665824, 'generation': 737}","{'id': 40545, 'rank': 11, 'fitness': 0.4207474323565225, 'generation': 737}","{'id': 40751, 'rank': 12, 'fitness': 0.18492194981484306, 'generation': 737}","{'id': 40639, 'rank': 13, 'fitness': 0.16293654744813846, 'generation': 737}","{'id': 40639, 'rank': 14, 'fitness': 0.16293654744813846, 'generation': 737}","{'id': 40762, 'rank': 15, 'fitness': 0.13390427853251297, 'generation': 737}","{'id': 40744, 'rank': 16, 'fitness': 0.10856002079889365, 'generation': 737}","{'id': 40764, 'rank': 17, 'fitness': 0.10637742589812077, 'generation': 737}","{'id': 40797, 'rank': 18, 'fitness': 0.09223224084237652, 'generation': 737}","{'id': 40808, 'rank': 19, 'fitness': 0.08888532735074012, 'generation': 737}","{'id': 40808, 'rank': 20, 'fitness': 0.08888532735074012, 'generation': 737}","{'id': 40808, 'rank': 21, 'fitness': 0.08888532735074012, 'generation': 737}","{'id': 40770, 'rank': 22, 'fitness': 0.08545265350406173, 'generation': 737}","{'id': 40679, 'rank': 23, 'fitness': 0.0828493320122704, 'generation': 737}","{'id': 40804, 'rank': 24, 'fitness': 0.046358204392529245, 'generation': 737}","{'id': 40767, 'rank': 25, 'fitness': 0.03586863918093014, 'generation': 737}","{'id': 40767, 'rank': 26, 'fitness': 0.03586863918093014, 'generation': 737}","{'id': 40794, 'rank': 27, 'fitness': 0.031335810513222595, 'generation': 737}","{'id': 40771, 'rank': 28, 'fitness': 0.02690384747698843, 'generation': 737}","{'id': 40776, 'rank': 29, 'fitness': 0.01913125891885814, 'generation': 737}","{'id': 40807, 'rank': 30, 'fitness': 0.01798620996209155, 'generation': 737}"
"{'id': 40846, 'rank': 1, 'fitness': 0.9820137900379085, 'generation': 738}","{'id': 40815, 'rank': 2, 'fitness': 0.9474315946921033, 'generation': 738}","{'id': 40815, 'rank': 3, 'fitness': 0.9474315946921033, 'generation': 738}","{'id': 40822, 'rank': 4, 'fitness': 0.9413709550924931, 'generation': 738}","{'id': 40822, 'rank': 5, 'fitness': 0.9413709550924931, 'generation': 738}","{'id': 40830, 'rank': 6, 'fitness': 0.9364310254671049, 'generation': 738}","{'id': 40609, 'rank': 7, 'fitness': 0.9308802510066301, 'generation': 738}","{'id': 40609, 'rank': 8, 'fitness': 0.9308802510066301, 'generation': 738}","{'id': 40609, 'rank': 9, 'fitness': 0.9308802510066301, 'generation': 738}","{'id': 40690, 'rank': 10, 'fitness': 0.9225211185387434, 'generation': 738}","{'id': 40690, 'rank': 11, 'fitness': 0.9225211185387434, 'generation': 738}","{'id': 40831, 'rank': 12, 'fitness': 0.9179722868177708, 'generation': 738}","{'id': 40511, 'rank': 13, 'fitness': 0.8623132918061611, 'generation': 738}","{'id': 40816, 'rank': 14, 'fitness': 0.8377809510240041, 'generation': 738}","{'id': 40816, 'rank': 15, 'fitness': 0.8377809510240041, 'generation': 738}","{'id': 40829, 'rank': 16, 'fitness': 0.5885850219660906, 'generation': 738}","{'id': 40545, 'rank': 17, 'fitness': 0.39492824847071406, 'generation': 738}","{'id': 40545, 'rank': 18, 'fitness': 0.39492824847071406, 'generation': 738}","{'id': 40832, 'rank': 19, 'fitness': 0.3091222785533466, 'generation': 738}","{'id': 40844, 'rank': 20, 'fitness': 0.29080835897237317, 'generation': 738}","{'id': 40848, 'rank': 21, 'fitness': 0.24283024415618842, 'generation': 738}","{'id': 40762, 'rank': 22, 'fitness': 0.11671608670801603, 'generation': 738}","{'id': 40808, 'rank': 23, 'fitness': 0.07590989602250081, 'generation': 738}","{'id': 40808, 'rank': 24, 'fitness': 0.07590989602250081, 'generation': 738}","{'id': 40679, 'rank': 25, 'fitness': 0.07052322764181895, 'generation': 738}","{'id': 40804, 'rank': 26, 'fitness': 0.03847971028413061, 'generation': 738}","{'id': 40827, 'rank': 27, 'fitness': 0.03621012273734703, 'generation': 738}","{'id': 40833, 'rank': 28, 'fitness': 0.03418311707067612, 'generation': 738}","{'id': 40771, 'rank': 29, 'fitness': 0.021860299313845866, 'generation': 738}","{'id': 40850, 'rank': 30, 'fitness': 0.01798620996209155, 'generation': 738}"
"{'id': 40860, 'rank': 1, 'fitness': 0.9820137900379085, 'generation': 739}","{'id': 40860, 'rank': 2, 'fitness': 0.9820137900379085, 'generation': 739}","{'id': 40894, 'rank': 3, 'fitness': 0.9815773859971704, 'generation': 739}","{'id': 40815, 'rank': 4, 'fitness': 0.9636534298190806, 'generation': 739}","{'id': 40815, 'rank': 5, 'fitness': 0.9636534298190806, 'generation': 739}","{'id': 40815, 'rank': 6, 'fitness': 0.9636534298190806, 'generation': 739}","{'id': 40869, 'rank': 7, 'fitness': 0.9603329395479143, 'generation': 739}","{'id': 40822, 'rank': 8, 'fitness': 0.9596441497663379, 'generation': 739}","{'id': 40830, 'rank': 9, 'fitness': 0.9563819285850138, 'generation': 739}","{'id': 40609, 'rank': 10, 'fitness': 0.9527205520858852, 'generation': 739}","{'id': 40863, 'rank': 11, 'fitness': 0.9505617046904862, 'generation': 739}","{'id': 40690, 'rank': 12, 'fitness': 0.9472116941801723, 'generation': 739}","{'id': 40831, 'rank': 13, 'fitness': 0.944214935702448, 'generation': 739}","{'id': 40511, 'rank': 14, 'fitness': 0.9073897716639245, 'generation': 739}","{'id': 40816, 'rank': 15, 'fitness': 0.8909586621612449, 'generation': 739}","{'id': 40900, 'rank': 16, 'fitness': 0.8669752015978389, 'generation': 739}","{'id': 40829, 'rank': 17, 'fitness': 0.7092247377478182, 'generation': 739}","{'id': 40882, 'rank': 18, 'fitness': 0.5882317291709926, 'generation': 739}","{'id': 40545, 'rank': 19, 'fitness': 0.5380640583482739, 'generation': 739}","{'id': 40832, 'rank': 20, 'fitness': 0.44941183793788436, 'generation': 739}","{'id': 40856, 'rank': 21, 'fitness': 0.3693763303951199, 'generation': 739}","{'id': 40871, 'rank': 22, 'fitness': 0.24912391329572126, 'generation': 739}","{'id': 40903, 'rank': 23, 'fitness': 0.2184391162210968, 'generation': 739}","{'id': 40808, 'rank': 24, 'fitness': 0.14192496227715112, 'generation': 739}","{'id': 40866, 'rank': 25, 'fitness': 0.09782472442531392, 'generation': 739}","{'id': 40875, 'rank': 26, 'fitness': 0.04321256723534039, 'generation': 739}","{'id': 40885, 'rank': 27, 'fitness': 0.03179353862070888, 'generation': 739}","{'id': 40880, 'rank': 28, 'fitness': 0.025351248643389224, 'generation': 739}","{'id': 40907, 'rank': 29, 'fitness': 0.02134280779365949, 'generation': 739}","{'id': 40892, 'rank': 30, 'fitness': 0.01798620996209155, 'generation': 739}"
"{'id': 40975, 'rank': 1, 'fitness': 0.9820137900379085, 'generation': 740}","{'id': 40975, 'rank': 2, 'fitness': 0.9820137900379085, 'generation': 740}","{'id': 40860, 'rank': 3, 'fitness': 0.9684744054005652, 'generation': 740}","{'id': 40894, 'rank': 4, 'fitness': 0.9678821034340862, 'generation': 740}","{'id': 40894, 'rank': 5, 'fitness': 0.9678821034340862, 'generation': 740}","{'id': 40815, 'rank': 6, 'fitness': 0.9456367471372139, 'generation': 740}","{'id': 40869, 'rank': 7, 'fitness': 0.9418391353561566, 'generation': 740}","{'id': 40869, 'rank': 8, 'fitness': 0.9418391353561566, 'generation': 740}","{'id': 40961, 'rank': 9, 'fitness': 0.9391511333501081, 'generation': 740}","{'id': 40961, 'rank': 10, 'fitness': 0.9391511333501081, 'generation': 740}","{'id': 40609, 'rank': 11, 'fitness': 0.9334002917871564, 'generation': 740}","{'id': 40831, 'rank': 12, 'fitness': 0.9243394515118337, 'generation': 740}","{'id': 40831, 'rank': 13, 'fitness': 0.9243394515118337, 'generation': 740}","{'id': 40933, 'rank': 14, 'fitness': 0.8966035712450242, 'generation': 740}","{'id': 40511, 'rank': 15, 'fitness': 0.8881916291829881, 'generation': 740}","{'id': 40948, 'rank': 16, 'fitness': 0.7729519533990712, 'generation': 740}","{'id': 40948, 'rank': 17, 'fitness': 0.7729519533990712, 'generation': 740}","{'id': 40919, 'rank': 18, 'fitness': 0.6360007345021079, 'generation': 740}","{'id': 40882, 'rank': 19, 'fitness': 0.63561001070311, 'generation': 740}","{'id': 40545, 'rank': 20, 'fitness': 0.5976436707135803, 'generation': 740}","{'id': 40939, 'rank': 21, 'fitness': 0.572262736699293, 'generation': 740}","{'id': 40967, 'rank': 22, 'fitness': 0.506165705383931, 'generation': 740}","{'id': 40942, 'rank': 23, 'fitness': 0.4535305340279725, 'generation': 740}","{'id': 40960, 'rank': 24, 'fitness': 0.21931590877723867, 'generation': 740}","{'id': 40940, 'rank': 25, 'fitness': 0.18249470584437888, 'generation': 740}","{'id': 40931, 'rank': 26, 'fitness': 0.16704836327387146, 'generation': 740}","{'id': 40875, 'rank': 27, 'fitness': 0.10310300496326946, 'generation': 740}","{'id': 40945, 'rank': 28, 'fitness': 0.05859772300571364, 'generation': 740}","{'id': 40915, 'rank': 29, 'fitness': 0.030567189004691298, 'generation': 740}","{'id': 40923, 'rank': 30, 'fitness': 0.01798620996209155, 'generation': 740}"
"{'id': 40894, 'rank': 1, 'fitness': 0.9820137900379085, 'generation': 741}","{'id': 41002, 'rank': 2, 'fitness': 0.9665068565764916, 'generation': 741}","{'id': 40815, 'rank': 3, 'fitness': 0.9636119451361815, 'generation': 741}","{'id': 40815, 'rank': 4, 'fitness': 0.9636119451361815, 'generation': 741}","{'id': 40869, 'rank': 5, 'fitness': 0.9601605080414326, 'generation': 741}","{'id': 40961, 'rank': 6, 'fitness': 0.9576693143592239, 'generation': 741}","{'id': 40831, 'rank': 7, 'fitness': 0.9432781564632492, 'generation': 741}","{'id': 40831, 'rank': 8, 'fitness': 0.9432781564632492, 'generation': 741}","{'id': 40933, 'rank': 9, 'fitness': 0.9137156226993388, 'generation': 741}","{'id': 40933, 'rank': 10, 'fitness': 0.9137156226993388, 'generation': 741}","{'id': 40933, 'rank': 11, 'fitness': 0.9137156226993388, 'generation': 741}","{'id': 40511, 'rank': 12, 'fitness': 0.9041727907050843, 'generation': 741}","{'id': 40948, 'rank': 13, 'fitness': 0.7556153509002426, 'generation': 741}","{'id': 40919, 'rank': 14, 'fitness': 0.5623125194103215, 'generation': 741}","{'id': 40919, 'rank': 15, 'fitness': 0.5623125194103215, 'generation': 741}","{'id': 40545, 'rank': 16, 'fitness': 0.5091827308246034, 'generation': 741}","{'id': 40939, 'rank': 17, 'fitness': 0.4747846304477338, 'generation': 741}","{'id': 40985, 'rank': 18, 'fitness': 0.4471006287299052, 'generation': 741}","{'id': 40985, 'rank': 19, 'fitness': 0.4471006287299052, 'generation': 741}","{'id': 40979, 'rank': 20, 'fitness': 0.42749318715980356, 'generation': 741}","{'id': 40986, 'rank': 21, 'fitness': 0.39360626458210646, 'generation': 741}","{'id': 40986, 'rank': 22, 'fitness': 0.39360626458210646, 'generation': 741}","{'id': 40942, 'rank': 23, 'fitness': 0.3252673449096359, 'generation': 741}","{'id': 40978, 'rank': 24, 'fitness': 0.2687577508489835, 'generation': 741}","{'id': 41018, 'rank': 25, 'fitness': 0.20497018457948213, 'generation': 741}","{'id': 40983, 'rank': 26, 'fitness': 0.1996687518624407, 'generation': 741}","{'id': 40987, 'rank': 27, 'fitness': 0.12117390112168225, 'generation': 741}","{'id': 40960, 'rank': 28, 'fitness': 0.10377620739303506, 'generation': 741}","{'id': 40931, 'rank': 29, 'fitness': 0.0691563773202939, 'generation': 741}","{'id': 40991, 'rank': 30, 'fitness': 0.01798620996209155, 'generation': 741}"
"{'id': 41086, 'rank': 1, 'fitness': 0.9820137900379085, 'generation': 742}","{'id': 40894, 'rank': 2, 'fitness': 0.978760695715603, 'generation': 742}","{'id': 40831, 'rank': 3, 'fitness': 0.9335172826708208, 'generation': 742}","{'id': 41062, 'rank': 4, 'fitness': 0.9162610525932632, 'generation': 742}","{'id': 41041, 'rank': 5, 'fitness': 0.8956432409323248, 'generation': 742}","{'id': 40511, 'rank': 6, 'fitness': 0.8884961803306811, 'generation': 742}","{'id': 40511, 'rank': 7, 'fitness': 0.8884961803306811, 'generation': 742}","{'id': 41059, 'rank': 8, 'fitness': 0.7815325174667125, 'generation': 742}","{'id': 41047, 'rank': 9, 'fitness': 0.5240225300113377, 'generation': 742}","{'id': 40545, 'rank': 10, 'fitness': 0.46715784447967257, 'generation': 742}","{'id': 40985, 'rank': 11, 'fitness': 0.40598089277783245, 'generation': 742}","{'id': 41045, 'rank': 12, 'fitness': 0.39460676045163035, 'generation': 742}","{'id': 40986, 'rank': 13, 'fitness': 0.35427028484533546, 'generation': 742}","{'id': 40986, 'rank': 14, 'fitness': 0.35427028484533546, 'generation': 742}","{'id': 40986, 'rank': 15, 'fitness': 0.35427028484533546, 'generation': 742}","{'id': 41076, 'rank': 16, 'fitness': 0.3106138672738782, 'generation': 742}","{'id': 41076, 'rank': 17, 'fitness': 0.3106138672738782, 'generation': 742}","{'id': 41075, 'rank': 18, 'fitness': 0.2643515801099725, 'generation': 742}","{'id': 40978, 'rank': 19, 'fitness': 0.23705493389667304, 'generation': 742}","{'id': 41069, 'rank': 20, 'fitness': 0.2098891077096086, 'generation': 742}","{'id': 40983, 'rank': 21, 'fitness': 0.17419242052123401, 'generation': 742}","{'id': 41050, 'rank': 22, 'fitness': 0.1277251086977818, 'generation': 742}","{'id': 41081, 'rank': 23, 'fitness': 0.11911898687846006, 'generation': 742}","{'id': 41090, 'rank': 24, 'fitness': 0.08812087756552361, 'generation': 742}","{'id': 41090, 'rank': 25, 'fitness': 0.08812087756552361, 'generation': 742}","{'id': 41037, 'rank': 26, 'fitness': 0.053976702131647625, 'generation': 742}","{'id': 41084, 'rank': 27, 'fitness': 0.03561347003002696, 'generation': 742}","{'id': 41091, 'rank': 28, 'fitness': 0.03500453572089218, 'generation': 742}","{'id': 41033, 'rank': 29, 'fitness': 0.026982448875196907, 'generation': 742}","{'id': 41094, 'rank': 30, 'fitness': 0.01798620996209155, 'generation': 742}"
"{'id': 41103, 'rank': 1, 'fitness': 0.9820137900379085, 'generation': 743}","{'id': 41103, 'rank': 2, 'fitness': 0.9820137900379085, 'generation': 743}","{'id': 41086, 'rank': 3, 'fitness': 0.949095162156097, 'generation': 743}","{'id': 40831, 'rank': 4, 'fitness': 0.8364330688588686, 'generation': 743}","{'id': 41041, 'rank': 5, 'fitness': 0.7618707841043355, 'generation': 743}","{'id': 41140, 'rank': 6, 'fitness': 0.6143685730892643, 'generation': 743}","{'id': 41132, 'rank': 7, 'fitness': 0.6138570759642871, 'generation': 743}","{'id': 41132, 'rank': 8, 'fitness': 0.6138570759642871, 'generation': 743}","{'id': 41132, 'rank': 9, 'fitness': 0.6138570759642871, 'generation': 743}","{'id': 41113, 'rank': 10, 'fitness': 0.4539039298847683, 'generation': 743}","{'id': 41113, 'rank': 11, 'fitness': 0.4539039298847683, 'generation': 743}","{'id': 41102, 'rank': 12, 'fitness': 0.3678973218081616, 'generation': 743}","{'id': 41145, 'rank': 13, 'fitness': 0.3243312141978492, 'generation': 743}","{'id': 41047, 'rank': 14, 'fitness': 0.31146494850489914, 'generation': 743}","{'id': 40545, 'rank': 15, 'fitness': 0.26693881123906227, 'generation': 743}","{'id': 40985, 'rank': 16, 'fitness': 0.22314107956458595, 'generation': 743}","{'id': 41134, 'rank': 17, 'fitness': 0.2228531879090795, 'generation': 743}","{'id': 40986, 'rank': 18, 'fitness': 0.18896374590393905, 'generation': 743}","{'id': 41106, 'rank': 19, 'fitness': 0.18725024376826016, 'generation': 743}","{'id': 41109, 'rank': 20, 'fitness': 0.183352267015217, 'generation': 743}","{'id': 41069, 'rank': 21, 'fitness': 0.10455013573450794, 'generation': 743}","{'id': 41069, 'rank': 22, 'fitness': 0.10455013573450794, 'generation': 743}","{'id': 40983, 'rank': 23, 'fitness': 0.08569747484090429, 'generation': 743}","{'id': 41135, 'rank': 24, 'fitness': 0.06811705378628219, 'generation': 743}","{'id': 41081, 'rank': 25, 'fitness': 0.057819718257898334, 'generation': 743}","{'id': 41143, 'rank': 26, 'fitness': 0.04853536709074907, 'generation': 743}","{'id': 41090, 'rank': 27, 'fitness': 0.042658162644940545, 'generation': 743}","{'id': 41090, 'rank': 28, 'fitness': 0.042658162644940545, 'generation': 743}","{'id': 41037, 'rank': 29, 'fitness': 0.026265364616432474, 'generation': 743}","{'id': 41115, 'rank': 30, 'fitness': 0.01798620996209155, 'generation': 743}"
"{'id': 41196, 'rank': 1, 'fitness': 0.9820137900379085, 'generation': 744}","{'id': 40831, 'rank': 2, 'fitness': 0.9152413541662348, 'generation': 744}","{'id': 41166, 'rank': 3, 'fitness': 0.8852685948945456, 'generation': 744}","{'id': 41041, 'rank': 4, 'fitness': 0.8656337119617878, 'generation': 744}","{'id': 41190, 'rank': 5, 'fitness': 0.807663478719133, 'generation': 744}","{'id': 41140, 'rank': 6, 'fitness': 0.7493180573421783, 'generation': 744}","{'id': 41132, 'rank': 7, 'fitness': 0.7488712659306888, 'generation': 744}","{'id': 41132, 'rank': 8, 'fitness': 0.7488712659306888, 'generation': 744}","{'id': 41113, 'rank': 9, 'fitness': 0.5934916378930316, 'generation': 744}","{'id': 41113, 'rank': 10, 'fitness': 0.5934916378930316, 'generation': 744}","{'id': 41159, 'rank': 11, 'fitness': 0.4879627154409766, 'generation': 744}","{'id': 41195, 'rank': 12, 'fitness': 0.48049703215138684, 'generation': 744}","{'id': 41145, 'rank': 13, 'fitness': 0.44367723156374217, 'generation': 744}","{'id': 41183, 'rank': 14, 'fitness': 0.3952285982874862, 'generation': 744}","{'id': 40545, 'rank': 15, 'fitness': 0.37039510246685686, 'generation': 744}","{'id': 40985, 'rank': 16, 'fitness': 0.31178000542605344, 'generation': 744}","{'id': 41158, 'rank': 17, 'fitness': 0.14857878657641643, 'generation': 744}","{'id': 41069, 'rank': 18, 'fitness': 0.14390261268318455, 'generation': 744}","{'id': 40983, 'rank': 19, 'fitness': 0.1165834568482903, 'generation': 744}","{'id': 41177, 'rank': 20, 'fitness': 0.10346033238941243, 'generation': 744}","{'id': 41174, 'rank': 21, 'fitness': 0.09313190660124832, 'generation': 744}","{'id': 41163, 'rank': 22, 'fitness': 0.07718468933295791, 'generation': 744}","{'id': 41163, 'rank': 23, 'fitness': 0.07718468933295791, 'generation': 744}","{'id': 41143, 'rank': 24, 'fitness': 0.06325619449485431, 'generation': 744}","{'id': 41178, 'rank': 25, 'fitness': 0.05309328939273583, 'generation': 744}","{'id': 41178, 'rank': 26, 'fitness': 0.05309328939273583, 'generation': 744}","{'id': 41037, 'rank': 27, 'fitness': 0.032390301057991344, 'generation': 744}","{'id': 41154, 'rank': 28, 'fitness': 0.027769213913099444, 'generation': 744}","{'id': 41175, 'rank': 29, 'fitness': 0.027711861319118403, 'generation': 744}","{'id': 41151, 'rank': 30, 'fitness': 0.01798620996209155, 'generation': 744}"
"{'id': 41196, 'rank': 1, 'fitness': 0.9820137900379085, 'generation': 745}","{'id': 41238, 'rank': 2, 'fitness': 0.9400237316629716, 'generation': 745}","{'id': 41238, 'rank': 3, 'fitness': 0.9400237316629716, 'generation': 745}","{'id': 41238, 'rank': 4, 'fitness': 0.9400237316629716, 'generation': 745}","{'id': 41166, 'rank': 5, 'fitness': 0.9066713383969929, 'generation': 745}","{'id': 41221, 'rank': 6, 'fitness': 0.8968048512047128, 'generation': 745}","{'id': 41233, 'rank': 7, 'fitness': 0.8655657395253082, 'generation': 745}","{'id': 41190, 'rank': 8, 'fitness': 0.8502901945320349, 'generation': 745}","{'id': 41215, 'rank': 9, 'fitness': 0.834538139920287, 'generation': 745}","{'id': 41140, 'rank': 10, 'fitness': 0.8079859492406877, 'generation': 745}","{'id': 41204, 'rank': 11, 'fitness': 0.7323564483745643, 'generation': 745}","{'id': 41195, 'rank': 12, 'fitness': 0.5991783235088591, 'generation': 745}","{'id': 41195, 'rank': 13, 'fitness': 0.5991783235088591, 'generation': 745}","{'id': 41225, 'rank': 14, 'fitness': 0.5752111866644847, 'generation': 745}","{'id': 40545, 'rank': 15, 'fitness': 0.5007099058516576, 'generation': 745}","{'id': 40985, 'rank': 16, 'fitness': 0.4433225560282374, 'generation': 745}","{'id': 40985, 'rank': 17, 'fitness': 0.4433225560282374, 'generation': 745}","{'id': 41246, 'rank': 18, 'fitness': 0.33970635534968213, 'generation': 745}","{'id': 41217, 'rank': 19, 'fitness': 0.28772010104370566, 'generation': 745}","{'id': 41158, 'rank': 20, 'fitness': 0.25552470786681547, 'generation': 745}","{'id': 41069, 'rank': 21, 'fitness': 0.2492892056481329, 'generation': 745}","{'id': 41069, 'rank': 22, 'fitness': 0.2492892056481329, 'generation': 745}","{'id': 41213, 'rank': 23, 'fitness': 0.22030116413720718, 'generation': 745}","{'id': 41208, 'rank': 24, 'fitness': 0.12881893480145507, 'generation': 745}","{'id': 41208, 'rank': 25, 'fitness': 0.12881893480145507, 'generation': 745}","{'id': 41229, 'rank': 26, 'fitness': 0.10383464509791901, 'generation': 745}","{'id': 41216, 'rank': 27, 'fitness': 0.0925636678247076, 'generation': 745}","{'id': 41226, 'rank': 28, 'fitness': 0.08159928678548312, 'generation': 745}","{'id': 41227, 'rank': 29, 'fitness': 0.07931367079966767, 'generation': 745}","{'id': 41223, 'rank': 30, 'fitness': 0.01798620996209155, 'generation': 745}"
"{'id': 41196, 'rank': 1, 'fitness': 0.9820137900379085, 'generation': 746}","{'id': 41298, 'rank': 2, 'fitness': 0.9796884569761088, 'generation': 746}","{'id': 41238, 'rank': 3, 'fitness': 0.9443902209198438, 'generation': 746}","{'id': 41238, 'rank': 4, 'fitness': 0.9443902209198438, 'generation': 746}","{'id': 41286, 'rank': 5, 'fitness': 0.928770758094018, 'generation': 746}","{'id': 41297, 'rank': 6, 'fitness': 0.9180513612100876, 'generation': 746}","{'id': 41221, 'rank': 7, 'fitness': 0.9072364311329113, 'generation': 746}","{'id': 41233, 'rank': 8, 'fitness': 0.8807675493407392, 'generation': 746}","{'id': 41190, 'rank': 9, 'fitness': 0.8678810778715994, 'generation': 746}","{'id': 41215, 'rank': 10, 'fitness': 0.8546122764318824, 'generation': 746}","{'id': 41140, 'rank': 11, 'fitness': 0.8322596480404212, 'generation': 746}","{'id': 41287, 'rank': 12, 'fitness': 0.772052069667509, 'generation': 746}","{'id': 41195, 'rank': 13, 'fitness': 0.6532417007170517, 'generation': 746}","{'id': 41195, 'rank': 14, 'fitness': 0.6532417007170517, 'generation': 746}","{'id': 41195, 'rank': 15, 'fitness': 0.6532417007170517, 'generation': 746}","{'id': 41195, 'rank': 16, 'fitness': 0.6532417007170517, 'generation': 746}","{'id': 41262, 'rank': 17, 'fitness': 0.46725969491426833, 'generation': 746}","{'id': 41305, 'rank': 18, 'fitness': 0.358777682083279, 'generation': 746}","{'id': 41281, 'rank': 19, 'fitness': 0.33922496750418485, 'generation': 746}","{'id': 41069, 'rank': 20, 'fitness': 0.3155228297923743, 'generation': 746}","{'id': 41263, 'rank': 21, 'fitness': 0.26457505345008286, 'generation': 746}","{'id': 41263, 'rank': 22, 'fitness': 0.26457505345008286, 'generation': 746}","{'id': 41251, 'rank': 23, 'fitness': 0.2020764103604984, 'generation': 746}","{'id': 41268, 'rank': 24, 'fitness': 0.15351382356392523, 'generation': 746}","{'id': 41259, 'rank': 25, 'fitness': 0.12096735786894475, 'generation': 746}","{'id': 41290, 'rank': 26, 'fitness': 0.10012149607308662, 'generation': 746}","{'id': 41265, 'rank': 27, 'fitness': 0.0820505271741061, 'generation': 746}","{'id': 41279, 'rank': 28, 'fitness': 0.036955086264061465, 'generation': 746}","{'id': 41279, 'rank': 29, 'fitness': 0.036955086264061465, 'generation': 746}","{'id': 41303, 'rank': 30, 'fitness': 0.01798620996209155, 'generation': 746}"
"{'id': 41196, 'rank': 1, 'fitness': 0.9820137900379085, 'generation': 747}","{'id': 41363, 'rank': 2, 'fitness': 0.9809038227154425, 'generation': 747}","{'id': 41363, 'rank': 3, 'fitness': 0.9809038227154425, 'generation': 747}","{'id': 41221, 'rank': 4, 'fitness': 0.8994547210950417, 'generation': 747}","{'id': 41316, 'rank': 5, 'fitness': 0.8490653690140646, 'generation': 747}","{'id': 41316, 'rank': 6, 'fitness': 0.8490653690140646, 'generation': 747}","{'id': 41309, 'rank': 7, 'fitness': 0.7620862775445523, 'generation': 747}","{'id': 41287, 'rank': 8, 'fitness': 0.7456947208659966, 'generation': 747}","{'id': 41333, 'rank': 9, 'fitness': 0.7135026869647293, 'generation': 747}","{'id': 41370, 'rank': 10, 'fitness': 0.6840930800573098, 'generation': 747}","{'id': 41195, 'rank': 11, 'fitness': 0.6127170530739737, 'generation': 747}","{'id': 41349, 'rank': 12, 'fitness': 0.565967094649644, 'generation': 747}","{'id': 41360, 'rank': 13, 'fitness': 0.5530063127241551, 'generation': 747}","{'id': 41332, 'rank': 14, 'fitness': 0.5165307270193398, 'generation': 747}","{'id': 41332, 'rank': 15, 'fitness': 0.5165307270193398, 'generation': 747}","{'id': 41322, 'rank': 16, 'fitness': 0.45156362680401574, 'generation': 747}","{'id': 41359, 'rank': 17, 'fitness': 0.3532123439186363, 'generation': 747}","{'id': 41281, 'rank': 18, 'fitness': 0.2872590637604687, 'generation': 747}","{'id': 41328, 'rank': 19, 'fitness': 0.2777187263021099, 'generation': 747}","{'id': 41318, 'rank': 20, 'fitness': 0.18864044054870527, 'generation': 747}","{'id': 41365, 'rank': 21, 'fitness': 0.1451092975533237, 'generation': 747}","{'id': 41365, 'rank': 22, 'fitness': 0.1451092975533237, 'generation': 747}","{'id': 41354, 'rank': 23, 'fitness': 0.1285363773322472, 'generation': 747}","{'id': 41336, 'rank': 24, 'fitness': 0.11679249096281674, 'generation': 747}","{'id': 41336, 'rank': 25, 'fitness': 0.11679249096281674, 'generation': 747}","{'id': 41364, 'rank': 26, 'fitness': 0.09515988606159026, 'generation': 747}","{'id': 41317, 'rank': 27, 'fitness': 0.073537424387628, 'generation': 747}","{'id': 41330, 'rank': 28, 'fitness': 0.03734948016718903, 'generation': 747}","{'id': 41279, 'rank': 29, 'fitness': 0.02565897449906579, 'generation': 747}","{'id': 41326, 'rank': 30, 'fitness': 0.01798620996209155, 'generation': 747}"
"{'id': 41363, 'rank': 1, 'fitness': 0.9820137900379085, 'generation': 748}","{'id': 41363, 'rank': 2, 'fitness': 0.9820137900379085, 'generation': 748}","{'id': 41363, 'rank': 3, 'fitness': 0.9820137900379085, 'generation': 748}","{'id': 41410, 'rank': 4, 'fitness': 0.949005070012394, 'generation': 748}","{'id': 41380, 'rank': 5, 'fitness': 0.9384061866006203, 'generation': 748}","{'id': 41409, 'rank': 6, 'fitness': 0.8245430555020472, 'generation': 748}","{'id': 41309, 'rank': 7, 'fitness': 0.6741557442435269, 'generation': 748}","{'id': 41287, 'rank': 8, 'fitness': 0.650856676995173, 'generation': 748}","{'id': 41385, 'rank': 9, 'fitness': 0.5762518244633109, 'generation': 748}","{'id': 41408, 'rank': 10, 'fitness': 0.542987895891891, 'generation': 748}","{'id': 41405, 'rank': 11, 'fitness': 0.4389762191184256, 'generation': 748}","{'id': 41405, 'rank': 12, 'fitness': 0.4389762191184256, 'generation': 748}","{'id': 41349, 'rank': 13, 'fitness': 0.4175033518461104, 'generation': 748}","{'id': 41332, 'rank': 14, 'fitness': 0.36168203083861084, 'generation': 748}","{'id': 41332, 'rank': 15, 'fitness': 0.36168203083861084, 'generation': 748}","{'id': 41394, 'rank': 16, 'fitness': 0.16062263215965672, 'generation': 748}","{'id': 41394, 'rank': 17, 'fitness': 0.16062263215965672, 'generation': 748}","{'id': 41394, 'rank': 18, 'fitness': 0.16062263215965672, 'generation': 748}","{'id': 41374, 'rank': 19, 'fitness': 0.16050215583644778, 'generation': 748}","{'id': 41281, 'rank': 20, 'fitness': 0.15213448848341926, 'generation': 748}","{'id': 41328, 'rank': 21, 'fitness': 0.14511014688624152, 'generation': 748}","{'id': 41382, 'rank': 22, 'fitness': 0.12589211182412902, 'generation': 748}","{'id': 41382, 'rank': 23, 'fitness': 0.12589211182412902, 'generation': 748}","{'id': 41406, 'rank': 24, 'fitness': 0.11855884894724206, 'generation': 748}","{'id': 41421, 'rank': 25, 'fitness': 0.11834471374760669, 'generation': 748}","{'id': 41421, 'rank': 26, 'fitness': 0.11834471374760669, 'generation': 748}","{'id': 41365, 'rank': 27, 'fitness': 0.06077104304447789, 'generation': 748}","{'id': 41336, 'rank': 28, 'fitness': 0.04598161811819068, 'generation': 748}","{'id': 41336, 'rank': 29, 'fitness': 0.04598161811819068, 'generation': 748}","{'id': 41400, 'rank': 30, 'fitness': 0.01798620996209155, 'generation': 748}"
"{'id': 41448, 'rank': 1, 'fitness': 0.9820137900379085, 'generation': 749}","{'id': 41448, 'rank': 2, 'fitness': 0.9820137900379085, 'generation': 749}","{'id': 41363, 'rank': 3, 'fitness': 0.9742907178945898, 'generation': 749}","{'id': 41363, 'rank': 4, 'fitness': 0.9742907178945898, 'generation': 749}","{'id': 41363, 'rank': 5, 'fitness': 0.9742907178945898, 'generation': 749}","{'id': 41363, 'rank': 6, 'fitness': 0.9742907178945898, 'generation': 749}","{'id': 41410, 'rank': 7, 'fitness': 0.9336304317593976, 'generation': 749}","{'id': 41464, 'rank': 8, 'fitness': 0.9113465402992985, 'generation': 749}","{'id': 41462, 'rank': 9, 'fitness': 0.863913585728282, 'generation': 749}","{'id': 41409, 'rank': 10, 'fitness': 0.7984534287673506, 'generation': 749}","{'id': 41454, 'rank': 11, 'fitness': 0.7396533095785714, 'generation': 749}","{'id': 41477, 'rank': 12, 'fitness': 0.669721626482014, 'generation': 749}","{'id': 41430, 'rank': 13, 'fitness': 0.6538482587419452, 'generation': 749}","{'id': 41309, 'rank': 14, 'fitness': 0.6505090146482273, 'generation': 749}","{'id': 41447, 'rank': 15, 'fitness': 0.5669788227120202, 'generation': 749}","{'id': 41436, 'rank': 16, 'fitness': 0.5543445673291243, 'generation': 749}","{'id': 41408, 'rank': 17, 'fitness': 0.5276142260856144, 'generation': 749}","{'id': 41349, 'rank': 18, 'fitness': 0.4122224078116073, 'generation': 749}","{'id': 41463, 'rank': 19, 'fitness': 0.3400467748196764, 'generation': 749}","{'id': 41394, 'rank': 20, 'fitness': 0.17211610391744664, 'generation': 749}","{'id': 41394, 'rank': 21, 'fitness': 0.17211610391744664, 'generation': 749}","{'id': 41394, 'rank': 22, 'fitness': 0.17211610391744664, 'generation': 749}","{'id': 41374, 'rank': 23, 'fitness': 0.1719988613062618, 'generation': 749}","{'id': 41452, 'rank': 24, 'fitness': 0.1606959255796137, 'generation': 749}","{'id': 41443, 'rank': 25, 'fitness': 0.15083099812234724, 'generation': 749}","{'id': 41382, 'rank': 26, 'fitness': 0.13795750097290077, 'generation': 749}","{'id': 41469, 'rank': 27, 'fitness': 0.0839224667525238, 'generation': 749}","{'id': 41478, 'rank': 28, 'fitness': 0.03354765072511817, 'generation': 749}","{'id': 41478, 'rank': 29, 'fitness': 0.03354765072511817, 'generation': 749}","{'id': 41465, 'rank': 30, 'fitness': 0.01798620996209155, 'generation': 749}"
"{'id': 41448, 'rank': 1, 'fitness': 0.9820137900379085, 'generation': 750}","{'id': 41448, 'rank': 2, 'fitness': 0.9820137900379085, 'generation': 750}","{'id': 41448, 'rank': 3, 'fitness': 0.9820137900379085, 'generation': 750}","{'id': 41500, 'rank': 4, 'fitness': 0.8723893971430654, 'generation': 750}","{'id': 41409, 'rank': 5, 'fitness': 0.8388386494141212, 'generation': 750}","{'id': 41409, 'rank': 6, 'fitness': 0.8388386494141212, 'generation': 750}","{'id': 41526, 'rank': 7, 'fitness': 0.7992238940018986, 'generation': 750}","{'id': 41518, 'rank': 8, 'fitness': 0.7518759009660364, 'generation': 750}","{'id': 41477, 'rank': 9, 'fitness': 0.7406917709127117, 'generation': 750}","{'id': 41309, 'rank': 10, 'fitness': 0.72568320231265, 'generation': 750}","{'id': 41309, 'rank': 11, 'fitness': 0.72568320231265, 'generation': 750}","{'id': 41436, 'rank': 12, 'fitness': 0.6483349930973314, 'generation': 750}","{'id': 41408, 'rank': 13, 'fitness': 0.626038865224325, 'generation': 750}","{'id': 41530, 'rank': 14, 'fitness': 0.5858380135456559, 'generation': 750}","{'id': 41520, 'rank': 15, 'fitness': 0.5345695404157232, 'generation': 750}","{'id': 41463, 'rank': 16, 'fitness': 0.4556427688598031, 'generation': 750}","{'id': 41490, 'rank': 17, 'fitness': 0.31237207324110583, 'generation': 750}","{'id': 41490, 'rank': 18, 'fitness': 0.31237207324110583, 'generation': 750}","{'id': 41394, 'rank': 19, 'fitness': 0.2706992465318021, 'generation': 750}","{'id': 41394, 'rank': 20, 'fitness': 0.2706992465318021, 'generation': 750}","{'id': 41483, 'rank': 21, 'fitness': 0.2706645564756464, 'generation': 750}","{'id': 41492, 'rank': 22, 'fitness': 0.2273947568568193, 'generation': 750}","{'id': 41382, 'rank': 23, 'fitness': 0.22696858289681576, 'generation': 750}","{'id': 41382, 'rank': 24, 'fitness': 0.22696858289681576, 'generation': 750}","{'id': 41509, 'rank': 25, 'fitness': 0.1640524551875714, 'generation': 750}","{'id': 41509, 'rank': 26, 'fitness': 0.1640524551875714, 'generation': 750}","{'id': 41510, 'rank': 27, 'fitness': 0.12685915409951165, 'generation': 750}","{'id': 41514, 'rank': 28, 'fitness': 0.09343893780720475, 'generation': 750}","{'id': 41465, 'rank': 29, 'fitness': 0.04040303713863197, 'generation': 750}","{'id': 41493, 'rank': 30, 'fitness': 0.01798620996209155, 'generation': 750}"
"{'id': 41448, 'rank': 1, 'fitness': 0.9820137900379085, 'generation': 751}","{'id': 41587, 'rank': 2, 'fitness': 0.9629396282392716, 'generation': 751}","{'id': 41537, 'rank': 3, 'fitness': 0.918714284231267, 'generation': 751}","{'id': 41562, 'rank': 4, 'fitness': 0.8749664886856844, 'generation': 751}","{'id': 41409, 'rank': 5, 'fitness': 0.8338177287054351, 'generation': 751}","{'id': 41409, 'rank': 6, 'fitness': 0.8338177287054351, 'generation': 751}","{'id': 41409, 'rank': 7, 'fitness': 0.8338177287054351, 'generation': 751}","{'id': 41526, 'rank': 8, 'fitness': 0.7925857668399838, 'generation': 751}","{'id': 41569, 'rank': 9, 'fitness': 0.7271581924436958, 'generation': 751}","{'id': 41436, 'rank': 10, 'fitness': 0.6361858160748394, 'generation': 751}","{'id': 41436, 'rank': 11, 'fitness': 0.6361858160748394, 'generation': 751}","{'id': 41436, 'rank': 12, 'fitness': 0.6361858160748394, 'generation': 751}","{'id': 41536, 'rank': 13, 'fitness': 0.6266700424171089, 'generation': 751}","{'id': 41586, 'rank': 14, 'fitness': 0.5707399588960004, 'generation': 751}","{'id': 41547, 'rank': 15, 'fitness': 0.5579732720464741, 'generation': 751}","{'id': 41551, 'rank': 16, 'fitness': 0.49389321989191504, 'generation': 751}","{'id': 41463, 'rank': 17, 'fitness': 0.4395221979809986, 'generation': 751}","{'id': 41463, 'rank': 18, 'fitness': 0.4395221979809986, 'generation': 751}","{'id': 41490, 'rank': 19, 'fitness': 0.29654685306239537, 'generation': 751}","{'id': 41490, 'rank': 20, 'fitness': 0.29654685306239537, 'generation': 751}","{'id': 41490, 'rank': 21, 'fitness': 0.29654685306239537, 'generation': 751}","{'id': 41382, 'rank': 22, 'fitness': 0.21297871537334395, 'generation': 751}","{'id': 41589, 'rank': 23, 'fitness': 0.20353303312152193, 'generation': 751}","{'id': 41549, 'rank': 24, 'fitness': 0.1752549542741591, 'generation': 751}","{'id': 41538, 'rank': 25, 'fitness': 0.13772574800403903, 'generation': 751}","{'id': 41510, 'rank': 26, 'fitness': 0.11695838184919832, 'generation': 751}","{'id': 41590, 'rank': 27, 'fitness': 0.11275332305175145, 'generation': 751}","{'id': 41590, 'rank': 28, 'fitness': 0.11275332305175145, 'generation': 751}","{'id': 41514, 'rank': 29, 'fitness': 0.08547011426921847, 'generation': 751}","{'id': 41561, 'rank': 30, 'fitness': 0.01798620996209155, 'generation': 751}"
"{'id': 41644, 'rank': 1, 'fitness': 0.9820137900379085, 'generation': 752}","{'id': 41644, 'rank': 2, 'fitness': 0.9820137900379085, 'generation': 752}","{'id': 41448, 'rank': 3, 'fitness': 0.9675298515665154, 'generation': 752}","{'id': 41605, 'rank': 4, 'fitness': 0.9487361323144072, 'generation': 752}","{'id': 41537, 'rank': 5, 'fitness': 0.8463735839338923, 'generation': 752}","{'id': 41537, 'rank': 6, 'fitness': 0.8463735839338923, 'generation': 752}","{'id': 41562, 'rank': 7, 'fitness': 0.7672134131980419, 'generation': 752}","{'id': 41526, 'rank': 8, 'fitness': 0.632792770313346, 'generation': 752}","{'id': 41526, 'rank': 9, 'fitness': 0.632792770313346, 'generation': 752}","{'id': 41643, 'rank': 10, 'fitness': 0.5511508899203532, 'generation': 752}","{'id': 41569, 'rank': 11, 'fitness': 0.5394267141008896, 'generation': 752}","{'id': 41612, 'rank': 12, 'fitness': 0.44326859129129, 'generation': 752}","{'id': 41612, 'rank': 13, 'fitness': 0.44326859129129, 'generation': 752}","{'id': 41436, 'rank': 14, 'fitness': 0.4271223157766728, 'generation': 752}","{'id': 41536, 'rank': 15, 'fitness': 0.4164350555326939, 'generation': 752}","{'id': 41547, 'rank': 16, 'fitness': 0.3445936236228508, 'generation': 752}","{'id': 41634, 'rank': 17, 'fitness': 0.3082594719174109, 'generation': 752}","{'id': 41648, 'rank': 18, 'fitness': 0.27383719237080684, 'generation': 752}","{'id': 41647, 'rank': 19, 'fitness': 0.23761182873247255, 'generation': 752}","{'id': 41490, 'rank': 20, 'fitness': 0.13963699540540836, 'generation': 752}","{'id': 41639, 'rank': 21, 'fitness': 0.13265947596186517, 'generation': 752}","{'id': 41639, 'rank': 22, 'fitness': 0.13265947596186517, 'generation': 752}","{'id': 41596, 'rank': 23, 'fitness': 0.11395929946603905, 'generation': 752}","{'id': 41613, 'rank': 24, 'fitness': 0.09761666343435854, 'generation': 752}","{'id': 41646, 'rank': 25, 'fitness': 0.09559222526740868, 'generation': 752}","{'id': 41382, 'rank': 26, 'fitness': 0.09167304541977506, 'generation': 752}","{'id': 41611, 'rank': 27, 'fitness': 0.06244689828293176, 'generation': 752}","{'id': 41611, 'rank': 28, 'fitness': 0.06244689828293176, 'generation': 752}","{'id': 41637, 'rank': 29, 'fitness': 0.024357480005358034, 'generation': 752}","{'id': 41629, 'rank': 30, 'fitness': 0.01798620996209155, 'generation': 752}"
"{'id': 41662, 'rank': 1, 'fitness': 0.9820137900379085, 'generation': 753}","{'id': 41644, 'rank': 2, 'fitness': 0.9303252237452869, 'generation': 753}","{'id': 41448, 'rank': 3, 'fitness': 0.8882141612644645, 'generation': 753}","{'id': 41448, 'rank': 4, 'fitness': 0.8882141612644645, 'generation': 753}","{'id': 41605, 'rank': 5, 'fitness': 0.8408257064540257, 'generation': 753}","{'id': 41537, 'rank': 6, 'fitness': 0.6515298922438066, 'generation': 753}","{'id': 41537, 'rank': 7, 'fitness': 0.6515298922438066, 'generation': 753}","{'id': 41569, 'rank': 8, 'fitness': 0.3314929478118908, 'generation': 753}","{'id': 41612, 'rank': 9, 'fitness': 0.2626480955680018, 'generation': 753}","{'id': 41436, 'rank': 10, 'fitness': 0.2518894666460922, 'generation': 753}","{'id': 41673, 'rank': 11, 'fitness': 0.18690545611384873, 'generation': 753}","{'id': 41673, 'rank': 12, 'fitness': 0.18690545611384873, 'generation': 753}","{'id': 41673, 'rank': 13, 'fitness': 0.18690545611384873, 'generation': 753}","{'id': 41660, 'rank': 14, 'fitness': 0.18323946461096813, 'generation': 753}","{'id': 41660, 'rank': 15, 'fitness': 0.18323946461096813, 'generation': 753}","{'id': 41680, 'rank': 16, 'fitness': 0.17267049945075302, 'generation': 753}","{'id': 41693, 'rank': 17, 'fitness': 0.1720443721246826, 'generation': 753}","{'id': 41693, 'rank': 18, 'fitness': 0.1720443721246826, 'generation': 753}","{'id': 41693, 'rank': 19, 'fitness': 0.1720443721246826, 'generation': 753}","{'id': 41693, 'rank': 20, 'fitness': 0.1720443721246826, 'generation': 753}","{'id': 41694, 'rank': 21, 'fitness': 0.12661784254768538, 'generation': 753}","{'id': 41686, 'rank': 22, 'fitness': 0.10367102678432427, 'generation': 753}","{'id': 41490, 'rank': 23, 'fitness': 0.08351948302783818, 'generation': 753}","{'id': 41639, 'rank': 24, 'fitness': 0.07970790824448021, 'generation': 753}","{'id': 41655, 'rank': 25, 'fitness': 0.06631091947300743, 'generation': 753}","{'id': 41613, 'rank': 26, 'fitness': 0.06047231646037149, 'generation': 753}","{'id': 41611, 'rank': 27, 'fitness': 0.04074282821403624, 'generation': 753}","{'id': 41669, 'rank': 28, 'fitness': 0.0189909478420634, 'generation': 753}","{'id': 41669, 'rank': 29, 'fitness': 0.0189909478420634, 'generation': 753}","{'id': 41637, 'rank': 30, 'fitness': 0.01798620996209155, 'generation': 753}"
"{'id': 41662, 'rank': 1, 'fitness': 0.9820137900379085, 'generation': 754}","{'id': 41448, 'rank': 2, 'fitness': 0.8702880293330244, 'generation': 754}","{'id': 41448, 'rank': 3, 'fitness': 0.8702880293330244, 'generation': 754}","{'id': 41716, 'rank': 4, 'fitness': 0.8467015748855733, 'generation': 754}","{'id': 41702, 'rank': 5, 'fitness': 0.6485402891147474, 'generation': 754}","{'id': 41736, 'rank': 6, 'fitness': 0.49742327454963914, 'generation': 754}","{'id': 41707, 'rank': 7, 'fitness': 0.4210062855345591, 'generation': 754}","{'id': 41705, 'rank': 8, 'fitness': 0.38753637930898677, 'generation': 754}","{'id': 41721, 'rank': 9, 'fitness': 0.26209607330589246, 'generation': 754}","{'id': 41703, 'rank': 10, 'fitness': 0.25698804194230973, 'generation': 754}","{'id': 41703, 'rank': 11, 'fitness': 0.25698804194230973, 'generation': 754}","{'id': 41612, 'rank': 12, 'fitness': 0.18636381996500412, 'generation': 754}","{'id': 41723, 'rank': 13, 'fitness': 0.1713303218809752, 'generation': 754}","{'id': 41723, 'rank': 14, 'fitness': 0.1713303218809752, 'generation': 754}","{'id': 41722, 'rank': 15, 'fitness': 0.13339362978333397, 'generation': 754}","{'id': 41660, 'rank': 16, 'fitness': 0.12167321344487281, 'generation': 754}","{'id': 41693, 'rank': 17, 'fitness': 0.11303970413818776, 'generation': 754}","{'id': 41693, 'rank': 18, 'fitness': 0.11303970413818776, 'generation': 754}","{'id': 41693, 'rank': 19, 'fitness': 0.11303970413818776, 'generation': 754}","{'id': 41697, 'rank': 20, 'fitness': 0.11047701327708237, 'generation': 754}","{'id': 41726, 'rank': 21, 'fitness': 0.06664660707545056, 'generation': 754}","{'id': 41726, 'rank': 22, 'fitness': 0.06664660707545056, 'generation': 754}","{'id': 41728, 'rank': 23, 'fitness': 0.05640658467823195, 'generation': 754}","{'id': 41728, 'rank': 24, 'fitness': 0.05640658467823195, 'generation': 754}","{'id': 41720, 'rank': 25, 'fitness': 0.05612080733604874, 'generation': 754}","{'id': 41715, 'rank': 26, 'fitness': 0.05239456700639317, 'generation': 754}","{'id': 41700, 'rank': 27, 'fitness': 0.05173088873771353, 'generation': 754}","{'id': 41613, 'rank': 28, 'fitness': 0.03439368959279032, 'generation': 754}","{'id': 41730, 'rank': 29, 'fitness': 0.031189052089777902, 'generation': 754}","{'id': 41735, 'rank': 30, 'fitness': 0.01798620996209155, 'generation': 754}"
"{'id': 41662, 'rank': 1, 'fitness': 0.9820137900379085, 'generation': 755}","{'id': 41739, 'rank': 2, 'fitness': 0.9263670222428004, 'generation': 755}","{'id': 41716, 'rank': 3, 'fitness': 0.8775607546787344, 'generation': 755}","{'id': 41716, 'rank': 4, 'fitness': 0.8775607546787344, 'generation': 755}","{'id': 41779, 'rank': 5, 'fitness': 0.7509357600979224, 'generation': 755}","{'id': 41779, 'rank': 6, 'fitness': 0.7509357600979224, 'generation': 755}","{'id': 41767, 'rank': 7, 'fitness': 0.6435722791138399, 'generation': 755}","{'id': 41768, 'rank': 8, 'fitness': 0.6310348483638276, 'generation': 755}","{'id': 41736, 'rank': 9, 'fitness': 0.6096406966804421, 'generation': 755}","{'id': 41707, 'rank': 10, 'fitness': 0.5430267544932899, 'generation': 755}","{'id': 41705, 'rank': 11, 'fitness': 0.5123252352857095, 'generation': 755}","{'id': 41753, 'rank': 12, 'fitness': 0.4650033099376064, 'generation': 755}","{'id': 41721, 'rank': 13, 'fitness': 0.3864073763877506, 'generation': 755}","{'id': 41703, 'rank': 14, 'fitness': 0.3808372486592885, 'generation': 755}","{'id': 41703, 'rank': 15, 'fitness': 0.3808372486592885, 'generation': 755}","{'id': 41703, 'rank': 16, 'fitness': 0.3808372486592885, 'generation': 755}","{'id': 41754, 'rank': 17, 'fitness': 0.32419170999992886, 'generation': 755}","{'id': 41612, 'rank': 18, 'fitness': 0.299170138151442, 'generation': 755}","{'id': 41743, 'rank': 19, 'fitness': 0.2914844718253363, 'generation': 755}","{'id': 41758, 'rank': 20, 'fitness': 0.2691441944801559, 'generation': 755}","{'id': 41755, 'rank': 21, 'fitness': 0.25505652075231866, 'generation': 755}","{'id': 41755, 'rank': 22, 'fitness': 0.25505652075231866, 'generation': 755}","{'id': 41660, 'rank': 23, 'fitness': 0.21468268438338217, 'generation': 755}","{'id': 41660, 'rank': 24, 'fitness': 0.21468268438338217, 'generation': 755}","{'id': 41740, 'rank': 25, 'fitness': 0.17835488100219687, 'generation': 755}","{'id': 41781, 'rank': 26, 'fitness': 0.11753239739447918, 'generation': 755}","{'id': 41720, 'rank': 27, 'fitness': 0.11440238421134924, 'generation': 755}","{'id': 41763, 'rank': 28, 'fitness': 0.05340353880324822, 'generation': 755}","{'id': 41751, 'rank': 29, 'fitness': 0.026334391412070335, 'generation': 755}","{'id': 41772, 'rank': 30, 'fitness': 0.01798620996209155, 'generation': 755}"
"{'id': 41662, 'rank': 1, 'fitness': 0.9820137900379085, 'generation': 756}","{'id': 41739, 'rank': 2, 'fitness': 0.930314019969962, 'generation': 756}","{'id': 41716, 'rank': 3, 'fitness': 0.8861117235676756, 'generation': 756}","{'id': 41779, 'rank': 4, 'fitness': 0.7721890359612387, 'generation': 756}","{'id': 41827, 'rank': 5, 'fitness': 0.6986285853598178, 'generation': 756}","{'id': 41827, 'rank': 6, 'fitness': 0.6986285853598178, 'generation': 756}","{'id': 41827, 'rank': 7, 'fitness': 0.6986285853598178, 'generation': 756}","{'id': 41707, 'rank': 8, 'fitness': 0.5810978996018168, 'generation': 756}","{'id': 41705, 'rank': 9, 'fitness': 0.5520708232819564, 'generation': 756}","{'id': 41753, 'rank': 10, 'fitness': 0.506793833140317, 'generation': 756}","{'id': 41807, 'rank': 11, 'fitness': 0.4305585562139489, 'generation': 756}","{'id': 41703, 'rank': 12, 'fitness': 0.42442779723613383, 'generation': 756}","{'id': 41828, 'rank': 13, 'fitness': 0.3459110586113681, 'generation': 756}","{'id': 41790, 'rank': 14, 'fitness': 0.336885023601439, 'generation': 756}","{'id': 41790, 'rank': 15, 'fitness': 0.336885023601439, 'generation': 756}","{'id': 41825, 'rank': 16, 'fitness': 0.31609615180103856, 'generation': 756}","{'id': 41755, 'rank': 17, 'fitness': 0.29592802218837255, 'generation': 756}","{'id': 41755, 'rank': 18, 'fitness': 0.29592802218837255, 'generation': 756}","{'id': 41660, 'rank': 19, 'fitness': 0.252982782070449, 'generation': 756}","{'id': 41660, 'rank': 20, 'fitness': 0.252982782070449, 'generation': 756}","{'id': 41801, 'rank': 21, 'fitness': 0.2167496874412092, 'generation': 756}","{'id': 41781, 'rank': 22, 'fitness': 0.14519758417536993, 'generation': 756}","{'id': 41809, 'rank': 23, 'fitness': 0.14136999472626882, 'generation': 756}","{'id': 41805, 'rank': 24, 'fitness': 0.09497585990925234, 'generation': 756}","{'id': 41805, 'rank': 25, 'fitness': 0.09497585990925234, 'generation': 756}","{'id': 41793, 'rank': 26, 'fitness': 0.0801718053125316, 'generation': 756}","{'id': 41763, 'rank': 27, 'fitness': 0.06932961811044952, 'generation': 756}","{'id': 41785, 'rank': 28, 'fitness': 0.05454618180136539, 'generation': 756}","{'id': 41785, 'rank': 29, 'fitness': 0.05454618180136539, 'generation': 756}","{'id': 41806, 'rank': 30, 'fitness': 0.01798620996209155, 'generation': 756}"
"{'id': 41716, 'rank': 1, 'fitness': 0.9820137900379085, 'generation': 757}","{'id': 41716, 'rank': 2, 'fitness': 0.9820137900379085, 'generation': 757}","{'id': 41839, 'rank': 3, 'fitness': 0.9369868533097445, 'generation': 757}","{'id': 41779, 'rank': 4, 'fitness': 0.9246950899493931, 'generation': 757}","{'id': 41779, 'rank': 5, 'fitness': 0.9246950899493931, 'generation': 757}","{'id': 41827, 'rank': 6, 'fitness': 0.8612438113329652, 'generation': 757}","{'id': 41705, 'rank': 7, 'fitness': 0.6662435445708683, 'generation': 757}","{'id': 41753, 'rank': 8, 'fitness': 0.5901698048408704, 'generation': 757}","{'id': 41753, 'rank': 9, 'fitness': 0.5901698048408704, 'generation': 757}","{'id': 41753, 'rank': 10, 'fitness': 0.5901698048408704, 'generation': 757}","{'id': 41807, 'rank': 11, 'fitness': 0.45359204668366404, 'generation': 757}","{'id': 41807, 'rank': 12, 'fitness': 0.45359204668366404, 'generation': 757}","{'id': 41703, 'rank': 13, 'fitness': 0.4424682862111316, 'generation': 757}","{'id': 41703, 'rank': 14, 'fitness': 0.4424682862111316, 'generation': 757}","{'id': 41841, 'rank': 15, 'fitness': 0.35706521385475526, 'generation': 757}","{'id': 41825, 'rank': 16, 'fitness': 0.2554001082264833, 'generation': 757}","{'id': 41755, 'rank': 17, 'fitness': 0.22433211386726137, 'generation': 757}","{'id': 41660, 'rank': 18, 'fitness': 0.16403926872186825, 'generation': 757}","{'id': 41660, 'rank': 19, 'fitness': 0.16403926872186825, 'generation': 757}","{'id': 41660, 'rank': 20, 'fitness': 0.16403926872186825, 'generation': 757}","{'id': 41845, 'rank': 21, 'fitness': 0.11044144607672612, 'generation': 757}","{'id': 41875, 'rank': 22, 'fitness': 0.07562776025944595, 'generation': 757}","{'id': 41835, 'rank': 23, 'fitness': 0.06057522354721351, 'generation': 757}","{'id': 41809, 'rank': 24, 'fitness': 0.05100261373629317, 'generation': 757}","{'id': 41809, 'rank': 25, 'fitness': 0.05100261373629317, 'generation': 757}","{'id': 41871, 'rank': 26, 'fitness': 0.04081382173562076, 'generation': 757}","{'id': 41805, 'rank': 27, 'fitness': 0.023378422092510343, 'generation': 757}","{'id': 41805, 'rank': 28, 'fitness': 0.023378422092510343, 'generation': 757}","{'id': 41861, 'rank': 29, 'fitness': 0.022950734414685425, 'generation': 757}","{'id': 41852, 'rank': 30, 'fitness': 0.01798620996209155, 'generation': 757}"
"{'id': 41920, 'rank': 1, 'fitness': 0.9820137900379085, 'generation': 758}","{'id': 41779, 'rank': 2, 'fitness': 0.9737531444274339, 'generation': 758}","{'id': 41779, 'rank': 3, 'fitness': 0.9737531444274339, 'generation': 758}","{'id': 41919, 'rank': 4, 'fitness': 0.9265811386851902, 'generation': 758}","{'id': 41919, 'rank': 5, 'fitness': 0.9265811386851902, 'generation': 758}","{'id': 41883, 'rank': 6, 'fitness': 0.8894746220795201, 'generation': 758}","{'id': 41883, 'rank': 7, 'fitness': 0.8894746220795201, 'generation': 758}","{'id': 41883, 'rank': 8, 'fitness': 0.8894746220795201, 'generation': 758}","{'id': 41883, 'rank': 9, 'fitness': 0.8894746220795201, 'generation': 758}","{'id': 41753, 'rank': 10, 'fitness': 0.8480294495543591, 'generation': 758}","{'id': 41903, 'rank': 11, 'fitness': 0.836218698246817, 'generation': 758}","{'id': 41807, 'rank': 12, 'fitness': 0.7742304867024271, 'generation': 758}","{'id': 41703, 'rank': 13, 'fitness': 0.7672049161283365, 'generation': 758}","{'id': 41890, 'rank': 14, 'fitness': 0.7609558471495041, 'generation': 758}","{'id': 41890, 'rank': 15, 'fitness': 0.7609558471495041, 'generation': 758}","{'id': 41905, 'rank': 16, 'fitness': 0.6987687486356937, 'generation': 758}","{'id': 41905, 'rank': 17, 'fitness': 0.6987687486356937, 'generation': 758}","{'id': 41925, 'rank': 18, 'fitness': 0.6471108669185777, 'generation': 758}","{'id': 41755, 'rank': 19, 'fitness': 0.5745312868792144, 'generation': 758}","{'id': 41660, 'rank': 20, 'fitness': 0.48938249510278165, 'generation': 758}","{'id': 41660, 'rank': 21, 'fitness': 0.48938249510278165, 'generation': 758}","{'id': 41660, 'rank': 22, 'fitness': 0.48938249510278165, 'generation': 758}","{'id': 41898, 'rank': 23, 'fitness': 0.4073031917743084, 'generation': 758}","{'id': 41884, 'rank': 24, 'fitness': 0.320926719571847, 'generation': 758}","{'id': 41835, 'rank': 25, 'fitness': 0.26383023745235823, 'generation': 758}","{'id': 41835, 'rank': 26, 'fitness': 0.26383023745235823, 'generation': 758}","{'id': 41906, 'rank': 27, 'fitness': 0.24379469105781504, 'generation': 758}","{'id': 41871, 'rank': 28, 'fitness': 0.1988385004803479, 'generation': 758}","{'id': 41887, 'rank': 29, 'fitness': 0.021839565100929048, 'generation': 758}","{'id': 41914, 'rank': 30, 'fitness': 0.01798620996209155, 'generation': 758}"
"{'id': 41920, 'rank': 1, 'fitness': 0.9820137900379085, 'generation': 759}","{'id': 41779, 'rank': 2, 'fitness': 0.9747199271266633, 'generation': 759}","{'id': 41779, 'rank': 3, 'fitness': 0.9747199271266633, 'generation': 759}","{'id': 41919, 'rank': 4, 'fitness': 0.935916906956017, 'generation': 759}","{'id': 41919, 'rank': 5, 'fitness': 0.935916906956017, 'generation': 759}","{'id': 41919, 'rank': 6, 'fitness': 0.935916906956017, 'generation': 759}","{'id': 41919, 'rank': 7, 'fitness': 0.935916906956017, 'generation': 759}","{'id': 41919, 'rank': 8, 'fitness': 0.935916906956017, 'generation': 759}","{'id': 41919, 'rank': 9, 'fitness': 0.935916906956017, 'generation': 759}","{'id': 41883, 'rank': 10, 'fitness': 0.9068924630897239, 'generation': 759}","{'id': 41883, 'rank': 11, 'fitness': 0.9068924630897239, 'generation': 759}","{'id': 41753, 'rank': 12, 'fitness': 0.8750772501503989, 'generation': 759}","{'id': 41903, 'rank': 13, 'fitness': 0.8660651181959445, 'generation': 759}","{'id': 41966, 'rank': 14, 'fitness': 0.8601118203176349, 'generation': 759}","{'id': 41905, 'rank': 15, 'fitness': 0.7606676030151429, 'generation': 759}","{'id': 41755, 'rank': 16, 'fitness': 0.6613260179461493, 'generation': 759}","{'id': 41755, 'rank': 17, 'fitness': 0.6613260179461493, 'generation': 759}","{'id': 41927, 'rank': 18, 'fitness': 0.6597800438391345, 'generation': 759}","{'id': 41939, 'rank': 19, 'fitness': 0.5417038388324075, 'generation': 759}","{'id': 41835, 'rank': 20, 'fitness': 0.3716702594869661, 'generation': 759}","{'id': 41871, 'rank': 21, 'fitness': 0.298208741755961, 'generation': 759}","{'id': 41871, 'rank': 22, 'fitness': 0.298208741755961, 'generation': 759}","{'id': 41936, 'rank': 23, 'fitness': 0.24803739715566708, 'generation': 759}","{'id': 41928, 'rank': 24, 'fitness': 0.09632686220989428, 'generation': 759}","{'id': 41944, 'rank': 25, 'fitness': 0.06843357482777429, 'generation': 759}","{'id': 41980, 'rank': 26, 'fitness': 0.03810815511223875, 'generation': 759}","{'id': 41952, 'rank': 27, 'fitness': 0.037070225753121855, 'generation': 759}","{'id': 41970, 'rank': 28, 'fitness': 0.02629167245994407, 'generation': 759}","{'id': 41969, 'rank': 29, 'fitness': 0.01798620996209155, 'generation': 759}","{'id': 41969, 'rank': 30, 'fitness': 0.01798620996209155, 'generation': 759}"
"{'id': 41779, 'rank': 1, 'fitness': 0.9820137900379085, 'generation': 760}","{'id': 41919, 'rank': 2, 'fitness': 0.9589002987433908, 'generation': 760}","{'id': 41919, 'rank': 3, 'fitness': 0.9589002987433908, 'generation': 760}","{'id': 41919, 'rank': 4, 'fitness': 0.9589002987433908, 'generation': 760}","{'id': 41753, 'rank': 5, 'fitness': 0.9245831099912232, 'generation': 760}","{'id': 41903, 'rank': 6, 'fitness': 0.9195492849122207, 'generation': 760}","{'id': 42008, 'rank': 7, 'fitness': 0.8821191571609961, 'generation': 760}","{'id': 42008, 'rank': 8, 'fitness': 0.8821191571609961, 'generation': 760}","{'id': 41994, 'rank': 9, 'fitness': 0.810411020080281, 'generation': 760}","{'id': 41994, 'rank': 10, 'fitness': 0.810411020080281, 'generation': 760}","{'id': 41755, 'rank': 11, 'fitness': 0.8002025469118923, 'generation': 760}","{'id': 41755, 'rank': 12, 'fitness': 0.8002025469118923, 'generation': 760}","{'id': 41927, 'rank': 13, 'fitness': 0.7992353751645864, 'generation': 760}","{'id': 41927, 'rank': 14, 'fitness': 0.7992353751645864, 'generation': 760}","{'id': 41927, 'rank': 15, 'fitness': 0.7992353751645864, 'generation': 760}","{'id': 42024, 'rank': 16, 'fitness': 0.7838467097541251, 'generation': 760}","{'id': 42012, 'rank': 17, 'fitness': 0.58398387206821, 'generation': 760}","{'id': 42009, 'rank': 18, 'fitness': 0.5305596405121418, 'generation': 760}","{'id': 41871, 'rank': 19, 'fitness': 0.5129780919176936, 'generation': 760}","{'id': 41936, 'rank': 20, 'fitness': 0.4576306701525394, 'generation': 760}","{'id': 42017, 'rank': 21, 'fitness': 0.4240838115568925, 'generation': 760}","{'id': 42004, 'rank': 22, 'fitness': 0.3800051451660058, 'generation': 760}","{'id': 41928, 'rank': 23, 'fitness': 0.23881307706163973, 'generation': 760}","{'id': 41998, 'rank': 24, 'fitness': 0.1500408694654186, 'generation': 760}","{'id': 41980, 'rank': 25, 'fitness': 0.11649777767806002, 'generation': 760}","{'id': 42014, 'rank': 26, 'fitness': 0.11574991948514829, 'generation': 760}","{'id': 41999, 'rank': 27, 'fitness': 0.07976045482939237, 'generation': 760}","{'id': 42045, 'rank': 28, 'fitness': 0.05496754892138739, 'generation': 760}","{'id': 42044, 'rank': 29, 'fitness': 0.026223360577429355, 'generation': 760}","{'id': 42020, 'rank': 30, 'fitness': 0.01798620996209155, 'generation': 760}"
"{'id': 42057, 'rank': 1, 'fitness': 0.9820137900379085, 'generation': 761}","{'id': 41779, 'rank': 2, 'fitness': 0.9648660832986328, 'generation': 761}","{'id': 41919, 'rank': 3, 'fitness': 0.916122736880225, 'generation': 761}","{'id': 42061, 'rank': 4, 'fitness': 0.8389502097516506, 'generation': 761}","{'id': 42061, 'rank': 5, 'fitness': 0.8389502097516506, 'generation': 761}","{'id': 41903, 'rank': 6, 'fitness': 0.8343780757865176, 'generation': 761}","{'id': 41903, 'rank': 7, 'fitness': 0.8343780757865176, 'generation': 761}","{'id': 42083, 'rank': 8, 'fitness': 0.7536717692128094, 'generation': 761}","{'id': 42070, 'rank': 9, 'fitness': 0.662816249591133, 'generation': 761}","{'id': 41755, 'rank': 10, 'fitness': 0.6176828993499908, 'generation': 761}","{'id': 42024, 'rank': 11, 'fitness': 0.5919420262126988, 'generation': 761}","{'id': 42024, 'rank': 12, 'fitness': 0.5919420262126988, 'generation': 761}","{'id': 42047, 'rank': 13, 'fitness': 0.45174575098532505, 'generation': 761}","{'id': 42090, 'rank': 14, 'fitness': 0.4496522849172626, 'generation': 761}","{'id': 42078, 'rank': 15, 'fitness': 0.3669223580458928, 'generation': 761}","{'id': 42089, 'rank': 16, 'fitness': 0.32542270698698594, 'generation': 761}","{'id': 42009, 'rank': 17, 'fitness': 0.29063404022026085, 'generation': 761}","{'id': 42009, 'rank': 18, 'fitness': 0.29063404022026085, 'generation': 761}","{'id': 42082, 'rank': 19, 'fitness': 0.15506643652783092, 'generation': 761}","{'id': 42075, 'rank': 20, 'fitness': 0.09945066129053082, 'generation': 761}","{'id': 41928, 'rank': 21, 'fitness': 0.09261259623493506, 'generation': 761}","{'id': 41928, 'rank': 22, 'fitness': 0.09261259623493506, 'generation': 761}","{'id': 41928, 'rank': 23, 'fitness': 0.09261259623493506, 'generation': 761}","{'id': 42086, 'rank': 24, 'fitness': 0.07714665858157188, 'generation': 761}","{'id': 41980, 'rank': 25, 'fitness': 0.038339384005611155, 'generation': 761}","{'id': 42014, 'rank': 26, 'fitness': 0.03804911117184362, 'generation': 761}","{'id': 42014, 'rank': 27, 'fitness': 0.03804911117184362, 'generation': 761}","{'id': 42049, 'rank': 28, 'fitness': 0.02693186705326789, 'generation': 761}","{'id': 42055, 'rank': 29, 'fitness': 0.026917965049917725, 'generation': 761}","{'id': 42052, 'rank': 30, 'fitness': 0.01798620996209155, 'generation': 761}"
"{'id': 42057, 'rank': 1, 'fitness': 0.9820137900379085, 'generation': 762}","{'id': 41779, 'rank': 2, 'fitness': 0.9622690938673277, 'generation': 762}","{'id': 42061, 'rank': 3, 'fitness': 0.8017700633910123, 'generation': 762}","{'id': 41903, 'rank': 4, 'fitness': 0.7958136470824034, 'generation': 762}","{'id': 41903, 'rank': 5, 'fitness': 0.7958136470824034, 'generation': 762}","{'id': 42083, 'rank': 6, 'fitness': 0.691669787665582, 'generation': 762}","{'id': 42070, 'rank': 7, 'fitness': 0.5788043327163359, 'generation': 762}","{'id': 42070, 'rank': 8, 'fitness': 0.5788043327163359, 'generation': 762}","{'id': 41755, 'rank': 9, 'fitness': 0.5251282164552801, 'generation': 762}","{'id': 41755, 'rank': 10, 'fitness': 0.5251282164552801, 'generation': 762}","{'id': 42119, 'rank': 11, 'fitness': 0.41041623968225, 'generation': 762}","{'id': 42119, 'rank': 12, 'fitness': 0.41041623968225, 'generation': 762}","{'id': 42119, 'rank': 13, 'fitness': 0.41041623968225, 'generation': 762}","{'id': 42119, 'rank': 14, 'fitness': 0.41041623968225, 'generation': 762}","{'id': 42090, 'rank': 15, 'fitness': 0.3419465740379902, 'generation': 762}","{'id': 42140, 'rank': 16, 'fitness': 0.31207046778212455, 'generation': 762}","{'id': 42078, 'rank': 17, 'fitness': 0.26212001330248424, 'generation': 762}","{'id': 42109, 'rank': 18, 'fitness': 0.2210379794325144, 'generation': 762}","{'id': 42009, 'rank': 19, 'fitness': 0.1947871537032635, 'generation': 762}","{'id': 42009, 'rank': 20, 'fitness': 0.1947871537032635, 'generation': 762}","{'id': 42129, 'rank': 21, 'fitness': 0.17647422295586518, 'generation': 762}","{'id': 42113, 'rank': 22, 'fitness': 0.17211520949234044, 'generation': 762}","{'id': 42112, 'rank': 23, 'fitness': 0.11549450259183947, 'generation': 762}","{'id': 42098, 'rank': 24, 'fitness': 0.06075422460336849, 'generation': 762}","{'id': 42100, 'rank': 25, 'fitness': 0.05794476254142655, 'generation': 762}","{'id': 42100, 'rank': 26, 'fitness': 0.05794476254142655, 'generation': 762}","{'id': 42075, 'rank': 27, 'fitness': 0.05358398042502638, 'generation': 762}","{'id': 42132, 'rank': 28, 'fitness': 0.0464685394875321, 'generation': 762}","{'id': 42086, 'rank': 29, 'fitness': 0.03993161901439479, 'generation': 762}","{'id': 41980, 'rank': 30, 'fitness': 0.01798620996209155, 'generation': 762}"
"{'id': 42168, 'rank': 1, 'fitness': 0.9820137900379085, 'generation': 763}","{'id': 42061, 'rank': 2, 'fitness': 0.8532983984068281, 'generation': 763}","{'id': 42173, 'rank': 3, 'fitness': 0.8507509705766538, 'generation': 763}","{'id': 41903, 'rank': 4, 'fitness': 0.8486179238074651, 'generation': 763}","{'id': 41903, 'rank': 5, 'fitness': 0.8486179238074651, 'generation': 763}","{'id': 42186, 'rank': 6, 'fitness': 0.8327682236294712, 'generation': 763}","{'id': 42186, 'rank': 7, 'fitness': 0.8327682236294712, 'generation': 763}","{'id': 42158, 'rank': 8, 'fitness': 0.6810838429374938, 'generation': 763}","{'id': 42070, 'rank': 9, 'fitness': 0.6650129756822267, 'generation': 763}","{'id': 42070, 'rank': 10, 'fitness': 0.6650129756822267, 'generation': 763}","{'id': 42070, 'rank': 11, 'fitness': 0.6650129756822267, 'generation': 763}","{'id': 42156, 'rank': 12, 'fitness': 0.6229695762787903, 'generation': 763}","{'id': 41755, 'rank': 13, 'fitness': 0.6152317370993049, 'generation': 763}","{'id': 41755, 'rank': 14, 'fitness': 0.6152317370993049, 'generation': 763}","{'id': 41755, 'rank': 15, 'fitness': 0.6152317370993049, 'generation': 763}","{'id': 41755, 'rank': 16, 'fitness': 0.6152317370993049, 'generation': 763}","{'id': 42170, 'rank': 17, 'fitness': 0.5945075535489812, 'generation': 763}","{'id': 42170, 'rank': 18, 'fitness': 0.5945075535489812, 'generation': 763}","{'id': 42119, 'rank': 19, 'fitness': 0.5021146966914561, 'generation': 763}","{'id': 42119, 'rank': 20, 'fitness': 0.5021146966914561, 'generation': 763}","{'id': 42119, 'rank': 21, 'fitness': 0.5021146966914561, 'generation': 763}","{'id': 42119, 'rank': 22, 'fitness': 0.5021146966914561, 'generation': 763}","{'id': 42090, 'rank': 23, 'fitness': 0.42979195481388116, 'generation': 763}","{'id': 42078, 'rank': 24, 'fitness': 0.34041397862227174, 'generation': 763}","{'id': 42179, 'rank': 25, 'fitness': 0.2958636618331026, 'generation': 763}","{'id': 42109, 'rank': 26, 'fitness': 0.2921105543858265, 'generation': 763}","{'id': 42192, 'rank': 27, 'fitness': 0.28964396980142165, 'generation': 763}","{'id': 42129, 'rank': 28, 'fitness': 0.23780186134032866, 'generation': 763}","{'id': 41980, 'rank': 29, 'fitness': 0.026236416474816282, 'generation': 763}","{'id': 42152, 'rank': 30, 'fitness': 0.01798620996209155, 'generation': 763}"
"{'id': 42198, 'rank': 1, 'fitness': 0.9820137900379085, 'generation': 764}","{'id': 42198, 'rank': 2, 'fitness': 0.9820137900379085, 'generation': 764}","{'id': 42198, 'rank': 3, 'fitness': 0.9820137900379085, 'generation': 764}","{'id': 42061, 'rank': 4, 'fitness': 0.766099103563615, 'generation': 764}","{'id': 42061, 'rank': 5, 'fitness': 0.766099103563615, 'generation': 764}","{'id': 42186, 'rank': 6, 'fitness': 0.7401148297190081, 'generation': 764}","{'id': 42208, 'rank': 7, 'fitness': 0.6348192782462001, 'generation': 764}","{'id': 42158, 'rank': 8, 'fitness': 0.5706120482200655, 'generation': 764}","{'id': 42070, 'rank': 9, 'fitness': 0.5544304513867423, 'generation': 764}","{'id': 42070, 'rank': 10, 'fitness': 0.5544304513867423, 'generation': 764}","{'id': 41755, 'rank': 11, 'fitness': 0.5059497256192451, 'generation': 764}","{'id': 41755, 'rank': 12, 'fitness': 0.5059497256192451, 'generation': 764}","{'id': 42170, 'rank': 13, 'fitness': 0.4864331694427652, 'generation': 764}","{'id': 42119, 'rank': 14, 'fitness': 0.40344022287015546, 'generation': 764}","{'id': 42119, 'rank': 15, 'fitness': 0.40344022287015546, 'generation': 764}","{'id': 42119, 'rank': 16, 'fitness': 0.40344022287015546, 'generation': 764}","{'id': 42078, 'rank': 17, 'fitness': 0.2700684004083096, 'generation': 764}","{'id': 42179, 'rank': 18, 'fitness': 0.2351601033523123, 'generation': 764}","{'id': 42192, 'rank': 19, 'fitness': 0.2303305433928043, 'generation': 764}","{'id': 42211, 'rank': 20, 'fitness': 0.1612124386585232, 'generation': 764}","{'id': 42205, 'rank': 21, 'fitness': 0.14784342543735862, 'generation': 764}","{'id': 42221, 'rank': 22, 'fitness': 0.13938677996112825, 'generation': 764}","{'id': 42230, 'rank': 23, 'fitness': 0.13837778689497204, 'generation': 764}","{'id': 42209, 'rank': 24, 'fitness': 0.13344350572427638, 'generation': 764}","{'id': 42239, 'rank': 25, 'fitness': 0.11368590798081002, 'generation': 764}","{'id': 42248, 'rank': 26, 'fitness': 0.04009507705930904, 'generation': 764}","{'id': 42202, 'rank': 27, 'fitness': 0.037960127911976504, 'generation': 764}","{'id': 42245, 'rank': 28, 'fitness': 0.02716813314224309, 'generation': 764}","{'id': 42152, 'rank': 29, 'fitness': 0.01798620996209155, 'generation': 764}","{'id': 42152, 'rank': 30, 'fitness': 0.01798620996209155, 'generation': 764}"
"{'id': 42283, 'rank': 1, 'fitness': 0.9820137900379085, 'generation': 765}","{'id': 42198, 'rank': 2, 'fitness': 0.972731498074014, 'generation': 765}","{'id': 42198, 'rank': 3, 'fitness': 0.972731498074014, 'generation': 765}","{'id': 42061, 'rank': 4, 'fitness': 0.7404375103838946, 'generation': 765}","{'id': 42061, 'rank': 5, 'fitness': 0.7404375103838946, 'generation': 765}","{'id': 42186, 'rank': 6, 'fitness': 0.7155884734701892, 'generation': 765}","{'id': 42263, 'rank': 7, 'fitness': 0.5529430379652451, 'generation': 765}","{'id': 42263, 'rank': 8, 'fitness': 0.5529430379652451, 'generation': 765}","{'id': 42119, 'rank': 9, 'fitness': 0.4089887822584169, 'generation': 765}","{'id': 42119, 'rank': 10, 'fitness': 0.4089887822584169, 'generation': 765}","{'id': 42119, 'rank': 11, 'fitness': 0.4089887822584169, 'generation': 765}","{'id': 42119, 'rank': 12, 'fitness': 0.4089887822584169, 'generation': 765}","{'id': 42265, 'rank': 13, 'fitness': 0.4056047486195271, 'generation': 765}","{'id': 42290, 'rank': 14, 'fitness': 0.37079679260892723, 'generation': 765}","{'id': 42179, 'rank': 15, 'fitness': 0.2542895948946927, 'generation': 765}","{'id': 42192, 'rank': 16, 'fitness': 0.24971250675370849, 'generation': 765}","{'id': 42297, 'rank': 17, 'fitness': 0.22733486079862525, 'generation': 765}","{'id': 42292, 'rank': 18, 'fitness': 0.21915860563825335, 'generation': 765}","{'id': 42282, 'rank': 19, 'fitness': 0.2156789215794615, 'generation': 765}","{'id': 42282, 'rank': 20, 'fitness': 0.2156789215794615, 'generation': 765}","{'id': 42282, 'rank': 21, 'fitness': 0.2156789215794615, 'generation': 765}","{'id': 42272, 'rank': 22, 'fitness': 0.2067699023620817, 'generation': 765}","{'id': 42300, 'rank': 23, 'fitness': 0.20516063505610804, 'generation': 765}","{'id': 42221, 'rank': 24, 'fitness': 0.1609241122097207, 'generation': 765}","{'id': 42239, 'rank': 25, 'fitness': 0.13461234401268574, 'generation': 765}","{'id': 42304, 'rank': 26, 'fitness': 0.1219659710595502, 'generation': 765}","{'id': 42308, 'rank': 27, 'fitness': 0.10148916708434019, 'generation': 765}","{'id': 42277, 'rank': 28, 'fitness': 0.02941359251353315, 'generation': 765}","{'id': 42277, 'rank': 29, 'fitness': 0.02941359251353315, 'generation': 765}","{'id': 42276, 'rank': 30, 'fitness': 0.01798620996209155, 'generation': 765}"
"{'id': 42347, 'rank': 1, 'fitness': 0.9820137900379085, 'generation': 766}","{'id': 42348, 'rank': 2, 'fitness': 0.9054273889888067, 'generation': 766}","{'id': 42338, 'rank': 3, 'fitness': 0.771059602074141, 'generation': 766}","{'id': 42356, 'rank': 4, 'fitness': 0.7448058391964562, 'generation': 766}","{'id': 42342, 'rank': 5, 'fitness': 0.7338547581991687, 'generation': 766}","{'id': 42355, 'rank': 6, 'fitness': 0.698104056169603, 'generation': 766}","{'id': 42061, 'rank': 7, 'fitness': 0.611556737247811, 'generation': 766}","{'id': 42186, 'rank': 8, 'fitness': 0.5832364493655223, 'generation': 766}","{'id': 42186, 'rank': 9, 'fitness': 0.5832364493655223, 'generation': 766}","{'id': 42351, 'rank': 10, 'fitness': 0.47683402467623476, 'generation': 766}","{'id': 42351, 'rank': 11, 'fitness': 0.47683402467623476, 'generation': 766}","{'id': 42263, 'rank': 12, 'fitness': 0.4182222436716023, 'generation': 766}","{'id': 42319, 'rank': 13, 'fitness': 0.3904542987249662, 'generation': 766}","{'id': 42119, 'rank': 14, 'fitness': 0.2942485624335428, 'generation': 766}","{'id': 42119, 'rank': 15, 'fitness': 0.2942485624335428, 'generation': 766}","{'id': 42119, 'rank': 16, 'fitness': 0.2942485624335428, 'generation': 766}","{'id': 42119, 'rank': 17, 'fitness': 0.2942485624335428, 'generation': 766}","{'id': 42119, 'rank': 18, 'fitness': 0.2942485624335428, 'generation': 766}","{'id': 42119, 'rank': 19, 'fitness': 0.2942485624335428, 'generation': 766}","{'id': 42119, 'rank': 20, 'fitness': 0.2942485624335428, 'generation': 766}","{'id': 42265, 'rank': 21, 'fitness': 0.29152512013311094, 'generation': 766}","{'id': 42290, 'rank': 22, 'fitness': 0.26394877656555504, 'generation': 766}","{'id': 42290, 'rank': 23, 'fitness': 0.26394877656555504, 'generation': 766}","{'id': 42317, 'rank': 24, 'fitness': 0.20667106951152436, 'generation': 766}","{'id': 42327, 'rank': 25, 'fitness': 0.1940912431498194, 'generation': 766}","{'id': 42292, 'rank': 26, 'fitness': 0.15169146611186846, 'generation': 766}","{'id': 42323, 'rank': 27, 'fitness': 0.13506111661550835, 'generation': 766}","{'id': 42326, 'rank': 28, 'fitness': 0.08211686425098319, 'generation': 766}","{'id': 42326, 'rank': 29, 'fitness': 0.08211686425098319, 'generation': 766}","{'id': 42354, 'rank': 30, 'fitness': 0.01798620996209155, 'generation': 766}"
"{'id': 42348, 'rank': 1, 'fitness': 0.9820137900379085, 'generation': 767}","{'id': 42366, 'rank': 2, 'fitness': 0.8858738085851467, 'generation': 767}","{'id': 42356, 'rank': 3, 'fitness': 0.8791878643412115, 'generation': 767}","{'id': 42355, 'rank': 4, 'fitness': 0.830590000738374, 'generation': 767}","{'id': 42355, 'rank': 5, 'fitness': 0.830590000738374, 'generation': 767}","{'id': 42186, 'rank': 6, 'fitness': 0.6765266177082135, 'generation': 767}","{'id': 42363, 'rank': 7, 'fitness': 0.4948899120915572, 'generation': 767}","{'id': 42363, 'rank': 8, 'fitness': 0.4948899120915572, 'generation': 767}","{'id': 42402, 'rank': 9, 'fitness': 0.4065618168413168, 'generation': 767}","{'id': 42263, 'rank': 10, 'fitness': 0.4031854934407104, 'generation': 767}","{'id': 42403, 'rank': 11, 'fitness': 0.3995723259455015, 'generation': 767}","{'id': 42319, 'rank': 12, 'fitness': 0.35712769645178233, 'generation': 767}","{'id': 42397, 'rank': 13, 'fitness': 0.21150404078740254, 'generation': 767}","{'id': 42397, 'rank': 14, 'fitness': 0.21150404078740254, 'generation': 767}","{'id': 42397, 'rank': 15, 'fitness': 0.21150404078740254, 'generation': 767}","{'id': 42119, 'rank': 16, 'fitness': 0.21142577856573824, 'generation': 767}","{'id': 42119, 'rank': 17, 'fitness': 0.21142577856573824, 'generation': 767}","{'id': 42119, 'rank': 18, 'fitness': 0.21142577856573824, 'generation': 767}","{'id': 42119, 'rank': 19, 'fitness': 0.21142577856573824, 'generation': 767}","{'id': 42119, 'rank': 20, 'fitness': 0.21142577856573824, 'generation': 767}","{'id': 42265, 'rank': 21, 'fitness': 0.20773039672976057, 'generation': 767}","{'id': 42396, 'rank': 22, 'fitness': 0.11903763441993875, 'generation': 767}","{'id': 42327, 'rank': 23, 'fitness': 0.0955782080768065, 'generation': 767}","{'id': 42386, 'rank': 24, 'fitness': 0.08191939332409964, 'generation': 767}","{'id': 42383, 'rank': 25, 'fitness': 0.07814864910425406, 'generation': 767}","{'id': 42365, 'rank': 26, 'fitness': 0.07419158272028353, 'generation': 767}","{'id': 42292, 'rank': 27, 'fitness': 0.05994762630344175, 'generation': 767}","{'id': 42292, 'rank': 28, 'fitness': 0.05994762630344175, 'generation': 767}","{'id': 42357, 'rank': 29, 'fitness': 0.03909242542282121, 'generation': 767}","{'id': 42374, 'rank': 30, 'fitness': 0.01798620996209155, 'generation': 767}"
"{'id': 42432, 'rank': 1, 'fitness': 0.9820137900379085, 'generation': 768}","{'id': 42418, 'rank': 2, 'fitness': 0.9791681385050253, 'generation': 768}","{'id': 42423, 'rank': 3, 'fitness': 0.9510672001869518, 'generation': 768}","{'id': 42417, 'rank': 4, 'fitness': 0.9240711135520479, 'generation': 768}","{'id': 42186, 'rank': 5, 'fitness': 0.836172898245291, 'generation': 768}","{'id': 42186, 'rank': 6, 'fitness': 0.836172898245291, 'generation': 768}","{'id': 42186, 'rank': 7, 'fitness': 0.836172898245291, 'generation': 768}","{'id': 42415, 'rank': 8, 'fitness': 0.791389935366388, 'generation': 768}","{'id': 42415, 'rank': 9, 'fitness': 0.791389935366388, 'generation': 768}","{'id': 42415, 'rank': 10, 'fitness': 0.791389935366388, 'generation': 768}","{'id': 42408, 'rank': 11, 'fitness': 0.751513867846447, 'generation': 768}","{'id': 42363, 'rank': 12, 'fitness': 0.7198012031232436, 'generation': 768}","{'id': 42420, 'rank': 13, 'fitness': 0.6566658523164286, 'generation': 768}","{'id': 42402, 'rank': 14, 'fitness': 0.6501206660475645, 'generation': 768}","{'id': 42263, 'rank': 15, 'fitness': 0.6472294281459917, 'generation': 768}","{'id': 42435, 'rank': 16, 'fitness': 0.6378171031009382, 'generation': 768}","{'id': 42319, 'rank': 17, 'fitness': 0.6058142261661927, 'generation': 768}","{'id': 42397, 'rank': 18, 'fitness': 0.44290139575637977, 'generation': 768}","{'id': 42397, 'rank': 19, 'fitness': 0.44290139575637977, 'generation': 768}","{'id': 42119, 'rank': 20, 'fitness': 0.44279654934159696, 'generation': 768}","{'id': 42119, 'rank': 21, 'fitness': 0.44279654934159696, 'generation': 768}","{'id': 42424, 'rank': 22, 'fitness': 0.31510297564551704, 'generation': 768}","{'id': 42419, 'rank': 23, 'fitness': 0.24683123466314905, 'generation': 768}","{'id': 42386, 'rank': 24, 'fitness': 0.22689645461763075, 'generation': 768}","{'id': 42383, 'rank': 25, 'fitness': 0.2188647186958338, 'generation': 768}","{'id': 42292, 'rank': 26, 'fitness': 0.17798626524335093, 'generation': 768}","{'id': 42292, 'rank': 27, 'fitness': 0.17798626524335093, 'generation': 768}","{'id': 42433, 'rank': 28, 'fitness': 0.13658372909719407, 'generation': 768}","{'id': 42434, 'rank': 29, 'fitness': 0.06424755575586028, 'generation': 768}","{'id': 42421, 'rank': 30, 'fitness': 0.01798620996209155, 'generation': 768}"
"{'id': 42423, 'rank': 1, 'fitness': 0.9820137900379085, 'generation': 769}","{'id': 42186, 'rank': 2, 'fitness': 0.9397013038898363, 'generation': 769}","{'id': 42186, 'rank': 3, 'fitness': 0.9397013038898363, 'generation': 769}","{'id': 42480, 'rank': 4, 'fitness': 0.9232749333355812, 'generation': 769}","{'id': 42480, 'rank': 5, 'fitness': 0.9232749333355812, 'generation': 769}","{'id': 42415, 'rank': 6, 'fitness': 0.9218714371487264, 'generation': 769}","{'id': 42415, 'rank': 7, 'fitness': 0.9218714371487264, 'generation': 769}","{'id': 42408, 'rank': 8, 'fitness': 0.9051288593947002, 'generation': 769}","{'id': 42402, 'rank': 9, 'fitness': 0.8580023005485105, 'generation': 769}","{'id': 42263, 'rank': 10, 'fitness': 0.856546808402104, 'generation': 769}","{'id': 42435, 'rank': 11, 'fitness': 0.8517602891421113, 'generation': 769}","{'id': 42494, 'rank': 12, 'fitness': 0.8134656969622514, 'generation': 769}","{'id': 42494, 'rank': 13, 'fitness': 0.8134656969622514, 'generation': 769}","{'id': 42448, 'rank': 14, 'fitness': 0.8055140682130653, 'generation': 769}","{'id': 42488, 'rank': 15, 'fitness': 0.7824502526324033, 'generation': 769}","{'id': 42397, 'rank': 16, 'fitness': 0.7316011438700755, 'generation': 769}","{'id': 42119, 'rank': 17, 'fitness': 0.7315228978236044, 'generation': 769}","{'id': 42119, 'rank': 18, 'fitness': 0.7315228978236044, 'generation': 769}","{'id': 42386, 'rank': 19, 'fitness': 0.5170851443929161, 'generation': 769}","{'id': 42483, 'rank': 20, 'fitness': 0.44807775672416356, 'generation': 769}","{'id': 42493, 'rank': 21, 'fitness': 0.43967630630861315, 'generation': 769}","{'id': 42460, 'rank': 22, 'fitness': 0.3401948088168191, 'generation': 769}","{'id': 42465, 'rank': 23, 'fitness': 0.29485971366795083, 'generation': 769}","{'id': 42481, 'rank': 24, 'fitness': 0.24195093018859626, 'generation': 769}","{'id': 42467, 'rank': 25, 'fitness': 0.16727801471428283, 'generation': 769}","{'id': 42452, 'rank': 26, 'fitness': 0.10330216397306413, 'generation': 769}","{'id': 42421, 'rank': 27, 'fitness': 0.0735933382315842, 'generation': 769}","{'id': 42476, 'rank': 28, 'fitness': 0.023974525385696832, 'generation': 769}","{'id': 42457, 'rank': 29, 'fitness': 0.02108937134738259, 'generation': 769}","{'id': 42504, 'rank': 30, 'fitness': 0.01798620996209155, 'generation': 769}"
"{'id': 42549, 'rank': 1, 'fitness': 0.9820137900379085, 'generation': 770}","{'id': 42520, 'rank': 2, 'fitness': 0.9742285745537436, 'generation': 770}","{'id': 42520, 'rank': 3, 'fitness': 0.9742285745537436, 'generation': 770}","{'id': 42423, 'rank': 4, 'fitness': 0.9616908856362258, 'generation': 770}","{'id': 42514, 'rank': 5, 'fitness': 0.9050262081405951, 'generation': 770}","{'id': 42560, 'rank': 6, 'fitness': 0.9048403344522842, 'generation': 770}","{'id': 42480, 'rank': 7, 'fitness': 0.8616789593724786, 'generation': 770}","{'id': 42480, 'rank': 8, 'fitness': 0.8616789593724786, 'generation': 770}","{'id': 42415, 'rank': 9, 'fitness': 0.859506576922653, 'generation': 770}","{'id': 42415, 'rank': 10, 'fitness': 0.859506576922653, 'generation': 770}","{'id': 42415, 'rank': 11, 'fitness': 0.859506576922653, 'generation': 770}","{'id': 42408, 'rank': 12, 'fitness': 0.834155622067618, 'generation': 770}","{'id': 42562, 'rank': 13, 'fitness': 0.75172953421146, 'generation': 770}","{'id': 42494, 'rank': 14, 'fitness': 0.7096937480557862, 'generation': 770}","{'id': 42494, 'rank': 15, 'fitness': 0.7096937480557862, 'generation': 770}","{'id': 42545, 'rank': 16, 'fitness': 0.638243387734761, 'generation': 770}","{'id': 42119, 'rank': 17, 'fitness': 0.6131224660677143, 'generation': 770}","{'id': 42483, 'rank': 18, 'fitness': 0.34177592916255173, 'generation': 770}","{'id': 42493, 'rank': 19, 'fitness': 0.3347550369002724, 'generation': 770}","{'id': 42531, 'rank': 20, 'fitness': 0.12764141845042448, 'generation': 770}","{'id': 42467, 'rank': 21, 'fitness': 0.12537736621922196, 'generation': 770}","{'id': 42512, 'rank': 22, 'fitness': 0.07965659891867849, 'generation': 770}","{'id': 42512, 'rank': 23, 'fitness': 0.07965659891867849, 'generation': 770}","{'id': 42421, 'rank': 24, 'fitness': 0.057463493206343474, 'generation': 770}","{'id': 42530, 'rank': 25, 'fitness': 0.04392902474463556, 'generation': 770}","{'id': 42522, 'rank': 26, 'fitness': 0.0346333315774453, 'generation': 770}","{'id': 42522, 'rank': 27, 'fitness': 0.0346333315774453, 'generation': 770}","{'id': 42537, 'rank': 28, 'fitness': 0.026134988701158823, 'generation': 770}","{'id': 42513, 'rank': 29, 'fitness': 0.024740582529654942, 'generation': 770}","{'id': 42457, 'rank': 30, 'fitness': 0.01798620996209155, 'generation': 770}"
"{'id': 42520, 'rank': 1, 'fitness': 0.9820137900379085, 'generation': 771}","{'id': 42520, 'rank': 2, 'fitness': 0.9820137900379085, 'generation': 771}","{'id': 42571, 'rank': 3, 'fitness': 0.9780326951661902, 'generation': 771}","{'id': 42560, 'rank': 4, 'fitness': 0.936343873749881, 'generation': 771}","{'id': 42480, 'rank': 5, 'fitness': 0.9077636403987772, 'generation': 771}","{'id': 42480, 'rank': 6, 'fitness': 0.9077636403987772, 'generation': 771}","{'id': 42415, 'rank': 7, 'fitness': 0.9063127969462117, 'generation': 771}","{'id': 42408, 'rank': 8, 'fitness': 0.8892731151157217, 'generation': 771}","{'id': 42573, 'rank': 9, 'fitness': 0.8709725091806941, 'generation': 771}","{'id': 42562, 'rank': 10, 'fitness': 0.8321685024324024, 'generation': 771}","{'id': 42494, 'rank': 11, 'fitness': 0.8018279374292543, 'generation': 771}","{'id': 42494, 'rank': 12, 'fitness': 0.8018279374292543, 'generation': 771}","{'id': 42545, 'rank': 13, 'fitness': 0.7479738921876355, 'generation': 771}","{'id': 42119, 'rank': 14, 'fitness': 0.7282737039956612, 'generation': 771}","{'id': 42605, 'rank': 15, 'fitness': 0.49706231272941265, 'generation': 771}","{'id': 42493, 'rank': 16, 'fitness': 0.4739593952406808, 'generation': 771}","{'id': 42606, 'rank': 17, 'fitness': 0.4358534670487368, 'generation': 771}","{'id': 42578, 'rank': 18, 'fitness': 0.39920449043520756, 'generation': 771}","{'id': 42603, 'rank': 19, 'fitness': 0.1802905188218214, 'generation': 771}","{'id': 42570, 'rank': 20, 'fitness': 0.0945719507890802, 'generation': 771}","{'id': 42622, 'rank': 21, 'fitness': 0.0766601331334511, 'generation': 771}","{'id': 42537, 'rank': 22, 'fitness': 0.05266670833166359, 'generation': 771}","{'id': 42513, 'rank': 23, 'fitness': 0.05006224624216782, 'generation': 771}","{'id': 42626, 'rank': 24, 'fitness': 0.04172326615417632, 'generation': 771}","{'id': 42596, 'rank': 25, 'fitness': 0.04029732102723527, 'generation': 771}","{'id': 42595, 'rank': 26, 'fitness': 0.03276000197071005, 'generation': 771}","{'id': 42604, 'rank': 27, 'fitness': 0.029145826202545133, 'generation': 771}","{'id': 42604, 'rank': 28, 'fitness': 0.029145826202545133, 'generation': 771}","{'id': 42610, 'rank': 29, 'fitness': 0.0231639856045453, 'generation': 771}","{'id': 42627, 'rank': 30, 'fitness': 0.01798620996209155, 'generation': 771}"
"{'id': 42670, 'rank': 1, 'fitness': 0.9820137900379085, 'generation': 772}","{'id': 42520, 'rank': 2, 'fitness': 0.9458518870376094, 'generation': 772}","{'id': 42571, 'rank': 3, 'fitness': 0.9366141995987561, 'generation': 772}","{'id': 42678, 'rank': 4, 'fitness': 0.8882042741381795, 'generation': 772}","{'id': 42671, 'rank': 5, 'fitness': 0.8332498400294592, 'generation': 772}","{'id': 42415, 'rank': 6, 'fitness': 0.8085999994934346, 'generation': 772}","{'id': 42669, 'rank': 7, 'fitness': 0.7649852425217071, 'generation': 772}","{'id': 42669, 'rank': 8, 'fitness': 0.7649852425217071, 'generation': 772}","{'id': 42573, 'rank': 9, 'fitness': 0.758742716016904, 'generation': 772}","{'id': 42648, 'rank': 10, 'fitness': 0.7448928390067362, 'generation': 772}","{'id': 42562, 'rank': 11, 'fitness': 0.7094589370138996, 'generation': 772}","{'id': 42494, 'rank': 12, 'fitness': 0.6739262958452786, 'generation': 772}","{'id': 42494, 'rank': 13, 'fitness': 0.6739262958452786, 'generation': 772}","{'id': 42494, 'rank': 14, 'fitness': 0.6739262958452786, 'generation': 772}","{'id': 42545, 'rank': 15, 'fitness': 0.61580914415877, 'generation': 772}","{'id': 42668, 'rank': 16, 'fitness': 0.5900566719521703, 'generation': 772}","{'id': 42646, 'rank': 17, 'fitness': 0.5362296455786749, 'generation': 772}","{'id': 42493, 'rank': 18, 'fitness': 0.37614118074904723, 'generation': 772}","{'id': 42664, 'rank': 19, 'fitness': 0.2891352114917771, 'generation': 772}","{'id': 42653, 'rank': 20, 'fitness': 0.2617973138135804, 'generation': 772}","{'id': 42657, 'rank': 21, 'fitness': 0.1628397141251713, 'generation': 772}","{'id': 42603, 'rank': 22, 'fitness': 0.15942041892375064, 'generation': 772}","{'id': 42637, 'rank': 23, 'fitness': 0.08977625266363232, 'generation': 772}","{'id': 42635, 'rank': 24, 'fitness': 0.056842290851249255, 'generation': 772}","{'id': 42656, 'rank': 25, 'fitness': 0.04802322720467028, 'generation': 772}","{'id': 42681, 'rank': 26, 'fitness': 0.04024089598410047, 'generation': 772}","{'id': 42595, 'rank': 27, 'fitness': 0.03927766346581818, 'generation': 772}","{'id': 42627, 'rank': 28, 'fitness': 0.024097405388367965, 'generation': 772}","{'id': 42647, 'rank': 29, 'fitness': 0.02167600719815327, 'generation': 772}","{'id': 42652, 'rank': 30, 'fitness': 0.01798620996209155, 'generation': 772}"
"{'id': 42693, 'rank': 1, 'fitness': 0.9820137900379085, 'generation': 773}","{'id': 42670, 'rank': 2, 'fitness': 0.9804158856462482, 'generation': 773}","{'id': 42719, 'rank': 3, 'fitness': 0.9421706099477897, 'generation': 773}","{'id': 42520, 'rank': 4, 'fitness': 0.9300837620243385, 'generation': 773}","{'id': 42520, 'rank': 5, 'fitness': 0.9300837620243385, 'generation': 773}","{'id': 42726, 'rank': 6, 'fitness': 0.8572508373976584, 'generation': 773}","{'id': 42678, 'rank': 7, 'fitness': 0.841816443108875, 'generation': 773}","{'id': 42727, 'rank': 8, 'fitness': 0.7596524387493206, 'generation': 773}","{'id': 42727, 'rank': 9, 'fitness': 0.7596524387493206, 'generation': 773}","{'id': 42671, 'rank': 10, 'fitness': 0.7563147248093134, 'generation': 773}","{'id': 42705, 'rank': 11, 'fitness': 0.7099361077615488, 'generation': 773}","{'id': 42669, 'rank': 12, 'fitness': 0.6534250630469024, 'generation': 773}","{'id': 42669, 'rank': 13, 'fitness': 0.6534250630469024, 'generation': 773}","{'id': 42573, 'rank': 14, 'fitness': 0.6443085660009019, 'generation': 773}","{'id': 42694, 'rank': 15, 'fitness': 0.5400107988241699, 'generation': 773}","{'id': 42494, 'rank': 16, 'fitness': 0.526457255899186, 'generation': 773}","{'id': 42734, 'rank': 17, 'fitness': 0.4555542267093692, 'generation': 773}","{'id': 42646, 'rank': 18, 'fitness': 0.36134960377555175, 'generation': 773}","{'id': 42689, 'rank': 19, 'fitness': 0.26335502170556924, 'generation': 773}","{'id': 42689, 'rank': 20, 'fitness': 0.26335502170556924, 'generation': 773}","{'id': 42690, 'rank': 21, 'fitness': 0.26071257442459517, 'generation': 773}","{'id': 42724, 'rank': 22, 'fitness': 0.17955454473031596, 'generation': 773}","{'id': 42715, 'rank': 23, 'fitness': 0.08797766042684718, 'generation': 773}","{'id': 42733, 'rank': 24, 'fitness': 0.07630344555555624, 'generation': 773}","{'id': 42703, 'rank': 25, 'fitness': 0.066654118242361, 'generation': 773}","{'id': 42697, 'rank': 26, 'fitness': 0.05286807704096241, 'generation': 773}","{'id': 42712, 'rank': 27, 'fitness': 0.04098100128687526, 'generation': 773}","{'id': 42722, 'rank': 28, 'fitness': 0.018981893180869958, 'generation': 773}","{'id': 42722, 'rank': 29, 'fitness': 0.018981893180869958, 'generation': 773}","{'id': 42686, 'rank': 30, 'fitness': 0.01798620996209155, 'generation': 773}"
"{'id': 42670, 'rank': 1, 'fitness': 0.9820137900379085, 'generation': 774}","{'id': 42782, 'rank': 2, 'fitness': 0.9528958554775118, 'generation': 774}","{'id': 42782, 'rank': 3, 'fitness': 0.9528958554775118, 'generation': 774}","{'id': 42520, 'rank': 4, 'fitness': 0.9384185362583797, 'generation': 774}","{'id': 42520, 'rank': 5, 'fitness': 0.9384185362583797, 'generation': 774}","{'id': 42779, 'rank': 6, 'fitness': 0.8911509553550478, 'generation': 774}","{'id': 42678, 'rank': 7, 'fitness': 0.8631400343006567, 'generation': 774}","{'id': 42735, 'rank': 8, 'fitness': 0.8515889730540476, 'generation': 774}","{'id': 42727, 'rank': 9, 'fitness': 0.7924731351759309, 'generation': 774}","{'id': 42671, 'rank': 10, 'fitness': 0.789576942571537, 'generation': 774}","{'id': 42747, 'rank': 11, 'fitness': 0.7349876349842376, 'generation': 774}","{'id': 42669, 'rank': 12, 'fitness': 0.6989702670344329, 'generation': 774}","{'id': 42573, 'rank': 13, 'fitness': 0.6908011720500866, 'generation': 774}","{'id': 42776, 'rank': 14, 'fitness': 0.6905118621666053, 'generation': 774}","{'id': 42776, 'rank': 15, 'fitness': 0.6905118621666053, 'generation': 774}","{'id': 42759, 'rank': 16, 'fitness': 0.5756392192008135, 'generation': 774}","{'id': 42753, 'rank': 17, 'fitness': 0.5679759690525145, 'generation': 774}","{'id': 42758, 'rank': 18, 'fitness': 0.5243145496448925, 'generation': 774}","{'id': 42781, 'rank': 19, 'fitness': 0.4317560564703672, 'generation': 774}","{'id': 42781, 'rank': 20, 'fitness': 0.4317560564703672, 'generation': 774}","{'id': 42787, 'rank': 21, 'fitness': 0.41420110755611883, 'generation': 774}","{'id': 42689, 'rank': 22, 'fitness': 0.31892644071215775, 'generation': 774}","{'id': 42786, 'rank': 23, 'fitness': 0.23930042928053574, 'generation': 774}","{'id': 42761, 'rank': 24, 'fitness': 0.1279810323510011, 'generation': 774}","{'id': 42757, 'rank': 25, 'fitness': 0.10389866519475016, 'generation': 774}","{'id': 42777, 'rank': 26, 'fitness': 0.10264537231753051, 'generation': 774}","{'id': 42697, 'rank': 27, 'fitness': 0.07263357423552569, 'generation': 774}","{'id': 42751, 'rank': 28, 'fitness': 0.05099032445834517, 'generation': 774}","{'id': 42736, 'rank': 29, 'fitness': 0.027876120547037364, 'generation': 774}","{'id': 42742, 'rank': 30, 'fitness': 0.01798620996209155, 'generation': 774}"
"{'id': 42806, 'rank': 1, 'fitness': 0.9820137900379085, 'generation': 775}","{'id': 42782, 'rank': 2, 'fitness': 0.9340517445361378, 'generation': 775}","{'id': 42822, 'rank': 3, 'fitness': 0.9237407621933121, 'generation': 775}","{'id': 42818, 'rank': 4, 'fitness': 0.918231981729608, 'generation': 775}","{'id': 42520, 'rank': 5, 'fitness': 0.9180413157876606, 'generation': 775}","{'id': 42520, 'rank': 6, 'fitness': 0.9180413157876606, 'generation': 775}","{'id': 42779, 'rank': 7, 'fitness': 0.8700596258973646, 'generation': 775}","{'id': 42678, 'rank': 8, 'fitness': 0.8436161012524024, 'generation': 775}","{'id': 42678, 'rank': 9, 'fitness': 0.8436161012524024, 'generation': 775}","{'id': 42735, 'rank': 10, 'fitness': 0.8330110633179348, 'generation': 775}","{'id': 42671, 'rank': 11, 'fitness': 0.7782250646604424, 'generation': 775}","{'id': 42817, 'rank': 12, 'fitness': 0.7680289382618395, 'generation': 775}","{'id': 42776, 'rank': 13, 'fitness': 0.6952556324460875, 'generation': 775}","{'id': 42813, 'rank': 14, 'fitness': 0.5758091863682332, 'generation': 775}","{'id': 42810, 'rank': 15, 'fitness': 0.5198477886009929, 'generation': 775}","{'id': 42787, 'rank': 16, 'fitness': 0.46831766512469075, 'generation': 775}","{'id': 42787, 'rank': 17, 'fitness': 0.46831766512469075, 'generation': 775}","{'id': 42831, 'rank': 18, 'fitness': 0.44739064828515446, 'generation': 775}","{'id': 42831, 'rank': 19, 'fitness': 0.44739064828515446, 'generation': 775}","{'id': 42815, 'rank': 20, 'fitness': 0.4097118131567029, 'generation': 775}","{'id': 42846, 'rank': 21, 'fitness': 0.3784239435668287, 'generation': 775}","{'id': 42824, 'rank': 22, 'fitness': 0.23089679770593663, 'generation': 775}","{'id': 42842, 'rank': 23, 'fitness': 0.2059378246879343, 'generation': 775}","{'id': 42807, 'rank': 24, 'fitness': 0.15705432657559704, 'generation': 775}","{'id': 42697, 'rank': 25, 'fitness': 0.12464448558612545, 'generation': 775}","{'id': 42805, 'rank': 26, 'fitness': 0.12046208266517677, 'generation': 775}","{'id': 42837, 'rank': 27, 'fitness': 0.09793983796437739, 'generation': 775}","{'id': 42848, 'rank': 28, 'fitness': 0.08038684032143684, 'generation': 775}","{'id': 42742, 'rank': 29, 'fitness': 0.04098932077643602, 'generation': 775}","{'id': 42825, 'rank': 30, 'fitness': 0.01798620996209155, 'generation': 775}"
"{'id': 42806, 'rank': 1, 'fitness': 0.9820137900379085, 'generation': 776}","{'id': 42869, 'rank': 2, 'fitness': 0.9648666668625074, 'generation': 776}","{'id': 42869, 'rank': 3, 'fitness': 0.9648666668625074, 'generation': 776}","{'id': 42520, 'rank': 4, 'fitness': 0.903119271093647, 'generation': 776}","{'id': 42520, 'rank': 5, 'fitness': 0.903119271093647, 'generation': 776}","{'id': 42735, 'rank': 6, 'fitness': 0.7907873243363043, 'generation': 776}","{'id': 42877, 'rank': 7, 'fitness': 0.7361901171785334, 'generation': 776}","{'id': 42877, 'rank': 8, 'fitness': 0.7361901171785334, 'generation': 776}","{'id': 42905, 'rank': 9, 'fitness': 0.7358634720254539, 'generation': 776}","{'id': 42671, 'rank': 10, 'fitness': 0.7185186840488823, 'generation': 776}","{'id': 42671, 'rank': 11, 'fitness': 0.7185186840488823, 'generation': 776}","{'id': 42817, 'rank': 12, 'fitness': 0.7052130232411113, 'generation': 776}","{'id': 42776, 'rank': 13, 'fitness': 0.6122214666893712, 'generation': 776}","{'id': 42884, 'rank': 14, 'fitness': 0.43168517732219236, 'generation': 776}","{'id': 42884, 'rank': 15, 'fitness': 0.43168517732219236, 'generation': 776}","{'id': 42894, 'rank': 16, 'fitness': 0.41423803880860754, 'generation': 776}","{'id': 42894, 'rank': 17, 'fitness': 0.41423803880860754, 'generation': 776}","{'id': 42787, 'rank': 18, 'fitness': 0.3531112639693883, 'generation': 776}","{'id': 42908, 'rank': 19, 'fitness': 0.2608540118290051, 'generation': 776}","{'id': 42856, 'rank': 20, 'fitness': 0.17822438752872777, 'generation': 776}","{'id': 42912, 'rank': 21, 'fitness': 0.16104450009188515, 'generation': 776}","{'id': 42912, 'rank': 22, 'fitness': 0.16104450009188515, 'generation': 776}","{'id': 42912, 'rank': 23, 'fitness': 0.16104450009188515, 'generation': 776}","{'id': 42881, 'rank': 24, 'fitness': 0.11445938626293845, 'generation': 776}","{'id': 42807, 'rank': 25, 'fitness': 0.08795113702402663, 'generation': 776}","{'id': 42837, 'rank': 26, 'fitness': 0.050137818084671715, 'generation': 776}","{'id': 42887, 'rank': 27, 'fitness': 0.04920857213781821, 'generation': 776}","{'id': 42911, 'rank': 28, 'fitness': 0.030231906520865437, 'generation': 776}","{'id': 42903, 'rank': 29, 'fitness': 0.026084646571525205, 'generation': 776}","{'id': 42904, 'rank': 30, 'fitness': 0.01798620996209155, 'generation': 776}"
"{'id': 42806, 'rank': 1, 'fitness': 0.9820137900379085, 'generation': 777}","{'id': 42965, 'rank': 2, 'fitness': 0.9771279301275886, 'generation': 777}","{'id': 42869, 'rank': 3, 'fitness': 0.9648666668625074, 'generation': 777}","{'id': 42520, 'rank': 4, 'fitness': 0.903119271093647, 'generation': 777}","{'id': 42520, 'rank': 5, 'fitness': 0.903119271093647, 'generation': 777}","{'id': 42958, 'rank': 6, 'fitness': 0.8381378161565054, 'generation': 777}","{'id': 42877, 'rank': 7, 'fitness': 0.7361901171785334, 'generation': 777}","{'id': 42877, 'rank': 8, 'fitness': 0.7361901171785334, 'generation': 777}","{'id': 42905, 'rank': 9, 'fitness': 0.7358634720254539, 'generation': 777}","{'id': 42671, 'rank': 10, 'fitness': 0.7185186840488823, 'generation': 777}","{'id': 42671, 'rank': 11, 'fitness': 0.7185186840488823, 'generation': 777}","{'id': 42937, 'rank': 12, 'fitness': 0.7105128262118494, 'generation': 777}","{'id': 42937, 'rank': 13, 'fitness': 0.7105128262118494, 'generation': 777}","{'id': 42776, 'rank': 14, 'fitness': 0.6122214666893712, 'generation': 777}","{'id': 42923, 'rank': 15, 'fitness': 0.5917252592407009, 'generation': 777}","{'id': 42967, 'rank': 16, 'fitness': 0.49820438565636266, 'generation': 777}","{'id': 42935, 'rank': 17, 'fitness': 0.48557949487006363, 'generation': 777}","{'id': 42884, 'rank': 18, 'fitness': 0.43168517732219236, 'generation': 777}","{'id': 42884, 'rank': 19, 'fitness': 0.43168517732219236, 'generation': 777}","{'id': 42964, 'rank': 20, 'fitness': 0.242705061928714, 'generation': 777}","{'id': 42928, 'rank': 21, 'fitness': 0.2045179802828911, 'generation': 777}","{'id': 42925, 'rank': 22, 'fitness': 0.19695616137189448, 'generation': 777}","{'id': 42856, 'rank': 23, 'fitness': 0.17822438752872777, 'generation': 777}","{'id': 42856, 'rank': 24, 'fitness': 0.17822438752872777, 'generation': 777}","{'id': 42957, 'rank': 25, 'fitness': 0.05264420811383208, 'generation': 777}","{'id': 42887, 'rank': 26, 'fitness': 0.04920857213781821, 'generation': 777}","{'id': 42929, 'rank': 27, 'fitness': 0.04222588057312249, 'generation': 777}","{'id': 42956, 'rank': 28, 'fitness': 0.03973201917211039, 'generation': 777}","{'id': 42955, 'rank': 29, 'fitness': 0.03536392340084915, 'generation': 777}","{'id': 42904, 'rank': 30, 'fitness': 0.01798620996209155, 'generation': 777}"
"{'id': 42806, 'rank': 1, 'fitness': 0.9820137900379085, 'generation': 778}","{'id': 42520, 'rank': 2, 'fitness': 0.9050841801066655, 'generation': 778}","{'id': 42975, 'rank': 3, 'fitness': 0.8337820519395782, 'generation': 778}","{'id': 42975, 'rank': 4, 'fitness': 0.8337820519395782, 'generation': 778}","{'id': 42985, 'rank': 5, 'fitness': 0.755620607406879, 'generation': 778}","{'id': 42877, 'rank': 6, 'fitness': 0.7435280914990245, 'generation': 778}","{'id': 42877, 'rank': 7, 'fitness': 0.7435280914990245, 'generation': 778}","{'id': 42905, 'rank': 8, 'fitness': 0.7432114767488123, 'generation': 778}","{'id': 42905, 'rank': 9, 'fitness': 0.7432114767488123, 'generation': 778}","{'id': 42905, 'rank': 10, 'fitness': 0.7432114767488123, 'generation': 778}","{'id': 42937, 'rank': 11, 'fitness': 0.7186246815163727, 'generation': 778}","{'id': 42937, 'rank': 12, 'fitness': 0.7186246815163727, 'generation': 778}","{'id': 42776, 'rank': 13, 'fitness': 0.622950486686404, 'generation': 778}","{'id': 43009, 'rank': 14, 'fitness': 0.578624647129129, 'generation': 778}","{'id': 43009, 'rank': 15, 'fitness': 0.578624647129129, 'generation': 778}","{'id': 42967, 'rank': 16, 'fitness': 0.511047069644727, 'generation': 778}","{'id': 42967, 'rank': 17, 'fitness': 0.511047069644727, 'generation': 778}","{'id': 42972, 'rank': 18, 'fitness': 0.4363748734431356, 'generation': 778}","{'id': 42980, 'rank': 19, 'fitness': 0.4196944595213644, 'generation': 778}","{'id': 42974, 'rank': 20, 'fitness': 0.36221910752539777, 'generation': 778}","{'id': 42986, 'rank': 21, 'fitness': 0.26049461225648207, 'generation': 778}","{'id': 42986, 'rank': 22, 'fitness': 0.26049461225648207, 'generation': 778}","{'id': 42990, 'rank': 23, 'fitness': 0.15894265842608857, 'generation': 778}","{'id': 42993, 'rank': 24, 'fitness': 0.09738978399273679, 'generation': 778}","{'id': 43021, 'rank': 25, 'fitness': 0.06688321242561457, 'generation': 778}","{'id': 43005, 'rank': 26, 'fitness': 0.050679845440872395, 'generation': 778}","{'id': 42929, 'rank': 27, 'fitness': 0.046076977274562, 'generation': 778}","{'id': 42955, 'rank': 28, 'fitness': 0.038702329222018605, 'generation': 778}","{'id': 43008, 'rank': 29, 'fitness': 0.03109833288561753, 'generation': 778}","{'id': 42976, 'rank': 30, 'fitness': 0.01798620996209155, 'generation': 778}"
"{'id': 43038, 'rank': 1, 'fitness': 0.9820137900379085, 'generation': 779}","{'id': 43038, 'rank': 2, 'fitness': 0.9820137900379085, 'generation': 779}","{'id': 42975, 'rank': 3, 'fitness': 0.9688271145110028, 'generation': 779}","{'id': 42975, 'rank': 4, 'fitness': 0.9688271145110028, 'generation': 779}","{'id': 43078, 'rank': 5, 'fitness': 0.9563504695478964, 'generation': 779}","{'id': 43078, 'rank': 6, 'fitness': 0.9563504695478964, 'generation': 779}","{'id': 42985, 'rank': 7, 'fitness': 0.9402506683581693, 'generation': 779}","{'id': 42877, 'rank': 8, 'fitness': 0.93495180869747, 'generation': 779}","{'id': 42877, 'rank': 9, 'fitness': 0.93495180869747, 'generation': 779}","{'id': 42905, 'rank': 10, 'fitness': 0.9348096974694653, 'generation': 779}","{'id': 42905, 'rank': 11, 'fitness': 0.9348096974694653, 'generation': 779}","{'id': 42905, 'rank': 12, 'fitness': 0.9348096974694653, 'generation': 779}","{'id': 42937, 'rank': 13, 'fitness': 0.9232330994090756, 'generation': 779}","{'id': 43069, 'rank': 14, 'fitness': 0.9054005364567863, 'generation': 779}","{'id': 43009, 'rank': 15, 'fitness': 0.83401272768691, 'generation': 779}","{'id': 43009, 'rank': 16, 'fitness': 0.83401272768691, 'generation': 779}","{'id': 42967, 'rank': 17, 'fitness': 0.7738974964489171, 'generation': 779}","{'id': 43050, 'rank': 18, 'fitness': 0.7691980997484642, 'generation': 779}","{'id': 43071, 'rank': 19, 'fitness': 0.72099978198924, 'generation': 779}","{'id': 42980, 'rank': 20, 'fitness': 0.6709620127555886, 'generation': 779}","{'id': 43061, 'rank': 21, 'fitness': 0.6667297744487021, 'generation': 779}","{'id': 43074, 'rank': 22, 'fitness': 0.46726685717057886, 'generation': 779}","{'id': 43074, 'rank': 23, 'fitness': 0.46726685717057886, 'generation': 779}","{'id': 43075, 'rank': 24, 'fitness': 0.38207634540828117, 'generation': 779}","{'id': 43041, 'rank': 25, 'fitness': 0.3761093033456977, 'generation': 779}","{'id': 43030, 'rank': 26, 'fitness': 0.33860577884776155, 'generation': 779}","{'id': 43040, 'rank': 27, 'fitness': 0.09786426391296232, 'generation': 779}","{'id': 43043, 'rank': 28, 'fitness': 0.06751049299956785, 'generation': 779}","{'id': 43008, 'rank': 29, 'fitness': 0.024874344338474685, 'generation': 779}","{'id': 43049, 'rank': 30, 'fitness': 0.01798620996209155, 'generation': 779}"
"{'id': 43140, 'rank': 1, 'fitness': 0.9820137900379085, 'generation': 780}","{'id': 43038, 'rank': 2, 'fitness': 0.9551330917131343, 'generation': 780}","{'id': 43038, 'rank': 3, 'fitness': 0.9551330917131343, 'generation': 780}","{'id': 43038, 'rank': 4, 'fitness': 0.9551330917131343, 'generation': 780}","{'id': 42975, 'rank': 5, 'fitness': 0.9321481206987994, 'generation': 780}","{'id': 43078, 'rank': 6, 'fitness': 0.9128079540814538, 'generation': 780}","{'id': 43078, 'rank': 7, 'fitness': 0.9128079540814538, 'generation': 780}","{'id': 42877, 'rank': 8, 'fitness': 0.8829559620569698, 'generation': 780}","{'id': 42937, 'rank': 9, 'fitness': 0.8678593604391458, 'generation': 780}","{'id': 43123, 'rank': 10, 'fitness': 0.8327501695338226, 'generation': 780}","{'id': 43009, 'rank': 11, 'fitness': 0.7691909912725432, 'generation': 780}","{'id': 42967, 'rank': 12, 'fitness': 0.7120475880252506, 'generation': 780}","{'id': 43071, 'rank': 13, 'fitness': 0.6652782858167043, 'generation': 780}","{'id': 43097, 'rank': 14, 'fitness': 0.6468692258228744, 'generation': 780}","{'id': 43097, 'rank': 15, 'fitness': 0.6468692258228744, 'generation': 780}","{'id': 43135, 'rank': 16, 'fitness': 0.5985952720074911, 'generation': 780}","{'id': 43074, 'rank': 17, 'fitness': 0.46182082805516456, 'generation': 780}","{'id': 43074, 'rank': 18, 'fitness': 0.46182082805516456, 'generation': 780}","{'id': 43030, 'rank': 19, 'fitness': 0.3608876384913652, 'generation': 780}","{'id': 43136, 'rank': 20, 'fitness': 0.24579672199076935, 'generation': 780}","{'id': 43087, 'rank': 21, 'fitness': 0.21179122350330631, 'generation': 780}","{'id': 43111, 'rank': 22, 'fitness': 0.2103229166729833, 'generation': 780}","{'id': 43132, 'rank': 23, 'fitness': 0.09792905043263339, 'generation': 780}","{'id': 43094, 'rank': 24, 'fitness': 0.07857877042760697, 'generation': 780}","{'id': 43098, 'rank': 25, 'fitness': 0.06122445272924809, 'generation': 780}","{'id': 43131, 'rank': 26, 'fitness': 0.05808656962321601, 'generation': 780}","{'id': 43126, 'rank': 27, 'fitness': 0.04390860318098394, 'generation': 780}","{'id': 43125, 'rank': 28, 'fitness': 0.033996374329180346, 'generation': 780}","{'id': 43127, 'rank': 29, 'fitness': 0.026558060930092386, 'generation': 780}","{'id': 43099, 'rank': 30, 'fitness': 0.01798620996209155, 'generation': 780}"
"{'id': 43168, 'rank': 1, 'fitness': 0.9820137900379085, 'generation': 781}","{'id': 43168, 'rank': 2, 'fitness': 0.9820137900379085, 'generation': 781}","{'id': 43179, 'rank': 3, 'fitness': 0.9815190733526165, 'generation': 781}","{'id': 43140, 'rank': 4, 'fitness': 0.9114983065221492, 'generation': 781}","{'id': 43140, 'rank': 5, 'fitness': 0.9114983065221492, 'generation': 781}","{'id': 43038, 'rank': 6, 'fitness': 0.831800322075202, 'generation': 781}","{'id': 43038, 'rank': 7, 'fitness': 0.831800322075202, 'generation': 781}","{'id': 42975, 'rank': 8, 'fitness': 0.7785582178474831, 'generation': 781}","{'id': 43078, 'rank': 9, 'fitness': 0.7399310602813954, 'generation': 781}","{'id': 43078, 'rank': 10, 'fitness': 0.7399310602813954, 'generation': 781}","{'id': 43078, 'rank': 11, 'fitness': 0.7399310602813954, 'generation': 781}","{'id': 43175, 'rank': 12, 'fitness': 0.6966617171138397, 'generation': 781}","{'id': 42877, 'rank': 13, 'fitness': 0.687910218663184, 'generation': 781}","{'id': 42937, 'rank': 14, 'fitness': 0.6642826810885976, 'generation': 781}","{'id': 43186, 'rank': 15, 'fitness': 0.5633835266784958, 'generation': 781}","{'id': 43009, 'rank': 16, 'fitness': 0.5384257448197647, 'generation': 781}","{'id': 43171, 'rank': 17, 'fitness': 0.5009565643871011, 'generation': 781}","{'id': 43097, 'rank': 18, 'fitness': 0.4225940015515785, 'generation': 781}","{'id': 43176, 'rank': 19, 'fitness': 0.37855541658220626, 'generation': 781}","{'id': 43192, 'rank': 20, 'fitness': 0.349611909288574, 'generation': 781}","{'id': 43167, 'rank': 21, 'fitness': 0.29699209560818407, 'generation': 781}","{'id': 43161, 'rank': 22, 'fitness': 0.2690335571839131, 'generation': 781}","{'id': 43087, 'rank': 23, 'fitness': 0.14097091275690066, 'generation': 781}","{'id': 43196, 'rank': 24, 'fitness': 0.1066970330047547, 'generation': 781}","{'id': 43132, 'rank': 25, 'fitness': 0.07493958887906216, 'generation': 781}","{'id': 43131, 'rank': 26, 'fitness': 0.04956288943087067, 'generation': 781}","{'id': 43125, 'rank': 27, 'fitness': 0.03259040502079169, 'generation': 781}","{'id': 43125, 'rank': 28, 'fitness': 0.03259040502079169, 'generation': 781}","{'id': 43125, 'rank': 29, 'fitness': 0.03259040502079169, 'generation': 781}","{'id': 43184, 'rank': 30, 'fitness': 0.01798620996209155, 'generation': 781}"
"{'id': 43168, 'rank': 1, 'fitness': 0.9820137900379085, 'generation': 782}","{'id': 43168, 'rank': 2, 'fitness': 0.9820137900379085, 'generation': 782}","{'id': 43201, 'rank': 3, 'fitness': 0.9690264727960506, 'generation': 782}","{'id': 43201, 'rank': 4, 'fitness': 0.9690264727960506, 'generation': 782}","{'id': 43140, 'rank': 5, 'fitness': 0.8926468639565885, 'generation': 782}","{'id': 43038, 'rank': 6, 'fitness': 0.7842001998669491, 'generation': 782}","{'id': 43038, 'rank': 7, 'fitness': 0.7842001998669491, 'generation': 782}","{'id': 43242, 'rank': 8, 'fitness': 0.746862499400346, 'generation': 782}","{'id': 43205, 'rank': 9, 'fitness': 0.7411865107025779, 'generation': 782}","{'id': 42975, 'rank': 10, 'fitness': 0.7120549183565434, 'generation': 782}","{'id': 43078, 'rank': 11, 'fitness': 0.6607309116422982, 'generation': 782}","{'id': 43239, 'rank': 12, 'fitness': 0.6333887940444762, 'generation': 782}","{'id': 42877, 'rank': 13, 'fitness': 0.593526185477091, 'generation': 782}","{'id': 43199, 'rank': 14, 'fitness': 0.30783715204334594, 'generation': 782}","{'id': 43199, 'rank': 15, 'fitness': 0.30783715204334594, 'generation': 782}","{'id': 43176, 'rank': 16, 'fitness': 0.2549290444197909, 'generation': 782}","{'id': 43192, 'rank': 17, 'fitness': 0.22906447717636214, 'generation': 782}","{'id': 43212, 'rank': 18, 'fitness': 0.22576348202243468, 'generation': 782}","{'id': 43167, 'rank': 19, 'fitness': 0.18460884873832384, 'generation': 782}","{'id': 43219, 'rank': 20, 'fitness': 0.15814170809266181, 'generation': 782}","{'id': 43219, 'rank': 21, 'fitness': 0.15814170809266181, 'generation': 782}","{'id': 43219, 'rank': 22, 'fitness': 0.15814170809266181, 'generation': 782}","{'id': 43234, 'rank': 23, 'fitness': 0.08062749439533012, 'generation': 782}","{'id': 43208, 'rank': 24, 'fitness': 0.06319644058904939, 'generation': 782}","{'id': 43208, 'rank': 25, 'fitness': 0.06319644058904939, 'generation': 782}","{'id': 43196, 'rank': 26, 'fitness': 0.051623241181814716, 'generation': 782}","{'id': 43132, 'rank': 27, 'fitness': 0.033933265959073755, 'generation': 782}","{'id': 43244, 'rank': 28, 'fitness': 0.032146263945730114, 'generation': 782}","{'id': 43223, 'rank': 29, 'fitness': 0.031113619775411272, 'generation': 782}","{'id': 43213, 'rank': 30, 'fitness': 0.01798620996209155, 'generation': 782}"
"{'id': 43168, 'rank': 1, 'fitness': 0.9820137900379085, 'generation': 783}","{'id': 43201, 'rank': 2, 'fitness': 0.9663826893407708, 'generation': 783}","{'id': 43270, 'rank': 3, 'fitness': 0.8783944606969439, 'generation': 783}","{'id': 43038, 'rank': 4, 'fitness': 0.7064985672460002, 'generation': 783}","{'id': 43038, 'rank': 5, 'fitness': 0.7064985672460002, 'generation': 783}","{'id': 43038, 'rank': 6, 'fitness': 0.7064985672460002, 'generation': 783}","{'id': 43242, 'rank': 7, 'fitness': 0.6543921577377912, 'generation': 783}","{'id': 43273, 'rank': 8, 'fitness': 0.6369410281796948, 'generation': 783}","{'id': 42975, 'rank': 9, 'fitness': 0.6070673090701628, 'generation': 783}","{'id': 43296, 'rank': 10, 'fitness': 0.5962779303034376, 'generation': 783}","{'id': 43296, 'rank': 11, 'fitness': 0.5962779303034376, 'generation': 783}","{'id': 43259, 'rank': 12, 'fitness': 0.5922422130506536, 'generation': 783}","{'id': 43078, 'rank': 13, 'fitness': 0.5398817214771227, 'generation': 783}","{'id': 43274, 'rank': 14, 'fitness': 0.3377942579739553, 'generation': 783}","{'id': 43271, 'rank': 15, 'fitness': 0.30339339731863424, 'generation': 783}","{'id': 43271, 'rank': 16, 'fitness': 0.30339339731863424, 'generation': 783}","{'id': 43302, 'rank': 17, 'fitness': 0.26539999683008675, 'generation': 783}","{'id': 43302, 'rank': 18, 'fitness': 0.26539999683008675, 'generation': 783}","{'id': 43199, 'rank': 19, 'fitness': 0.1763300686187495, 'generation': 783}","{'id': 43167, 'rank': 20, 'fitness': 0.08954377213330417, 'generation': 783}","{'id': 43219, 'rank': 21, 'fitness': 0.07348921664064001, 'generation': 783}","{'id': 43219, 'rank': 22, 'fitness': 0.07348921664064001, 'generation': 783}","{'id': 43219, 'rank': 23, 'fitness': 0.07348921664064001, 'generation': 783}","{'id': 43219, 'rank': 24, 'fitness': 0.07348921664064001, 'generation': 783}","{'id': 43255, 'rank': 25, 'fitness': 0.06926605475015163, 'generation': 783}","{'id': 43299, 'rank': 26, 'fitness': 0.049640386427815486, 'generation': 783}","{'id': 43299, 'rank': 27, 'fitness': 0.049640386427815486, 'generation': 783}","{'id': 43293, 'rank': 28, 'fitness': 0.03292964174520191, 'generation': 783}","{'id': 43264, 'rank': 29, 'fitness': 0.032301711654065146, 'generation': 783}","{'id': 43272, 'rank': 30, 'fitness': 0.01798620996209155, 'generation': 783}"
"{'id': 43270, 'rank': 1, 'fitness': 0.9820137900379085, 'generation': 784}","{'id': 43314, 'rank': 2, 'fitness': 0.8882908183629648, 'generation': 784}","{'id': 43314, 'rank': 3, 'fitness': 0.8882908183629648, 'generation': 784}","{'id': 43296, 'rank': 4, 'fitness': 0.8136867364562705, 'generation': 784}","{'id': 43296, 'rank': 5, 'fitness': 0.8136867364562705, 'generation': 784}","{'id': 43296, 'rank': 6, 'fitness': 0.8136867364562705, 'generation': 784}","{'id': 43296, 'rank': 7, 'fitness': 0.8136867364562705, 'generation': 784}","{'id': 43259, 'rank': 8, 'fitness': 0.8096152009296462, 'generation': 784}","{'id': 43344, 'rank': 9, 'fitness': 0.5342036654366584, 'generation': 784}","{'id': 43274, 'rank': 10, 'fitness': 0.4458260448620814, 'generation': 784}","{'id': 43274, 'rank': 11, 'fitness': 0.4458260448620814, 'generation': 784}","{'id': 43274, 'rank': 12, 'fitness': 0.4458260448620814, 'generation': 784}","{'id': 43339, 'rank': 13, 'fitness': 0.3959626622109062, 'generation': 784}","{'id': 43339, 'rank': 14, 'fitness': 0.3959626622109062, 'generation': 784}","{'id': 43339, 'rank': 15, 'fitness': 0.3959626622109062, 'generation': 784}","{'id': 43271, 'rank': 16, 'fitness': 0.384841154134723, 'generation': 784}","{'id': 43302, 'rank': 17, 'fitness': 0.31724717176672224, 'generation': 784}","{'id': 43302, 'rank': 18, 'fitness': 0.31724717176672224, 'generation': 784}","{'id': 43336, 'rank': 19, 'fitness': 0.2987443932317938, 'generation': 784}","{'id': 43317, 'rank': 20, 'fitness': 0.25891757655990344, 'generation': 784}","{'id': 43329, 'rank': 21, 'fitness': 0.23736820474192266, 'generation': 784}","{'id': 43329, 'rank': 22, 'fitness': 0.23736820474192266, 'generation': 784}","{'id': 43327, 'rank': 23, 'fitness': 0.18419900089570995, 'generation': 784}","{'id': 43335, 'rank': 24, 'fitness': 0.16548597781602936, 'generation': 784}","{'id': 43335, 'rank': 25, 'fitness': 0.16548597781602936, 'generation': 784}","{'id': 43319, 'rank': 26, 'fitness': 0.1258074935667437, 'generation': 784}","{'id': 43315, 'rank': 27, 'fitness': 0.11440126829205233, 'generation': 784}","{'id': 43308, 'rank': 28, 'fitness': 0.07629843021411054, 'generation': 784}","{'id': 43299, 'rank': 29, 'fitness': 0.020962013810069846, 'generation': 784}","{'id': 43338, 'rank': 30, 'fitness': 0.01798620996209155, 'generation': 784}"
"{'id': 43270, 'rank': 1, 'fitness': 0.9820137900379085, 'generation': 785}","{'id': 43270, 'rank': 2, 'fitness': 0.9820137900379085, 'generation': 785}","{'id': 43314, 'rank': 3, 'fitness': 0.8101487968547465, 'generation': 785}","{'id': 43314, 'rank': 4, 'fitness': 0.8101487968547465, 'generation': 785}","{'id': 43365, 'rank': 5, 'fitness': 0.7021782593985946, 'generation': 785}","{'id': 43390, 'rank': 6, 'fitness': 0.6925655102541028, 'generation': 785}","{'id': 43390, 'rank': 7, 'fitness': 0.6925655102541028, 'generation': 785}","{'id': 43296, 'rank': 8, 'fitness': 0.6588386263285029, 'generation': 785}","{'id': 43296, 'rank': 9, 'fitness': 0.6588386263285029, 'generation': 785}","{'id': 43296, 'rank': 10, 'fitness': 0.6588386263285029, 'generation': 785}","{'id': 43259, 'rank': 11, 'fitness': 0.6508742265337446, 'generation': 785}","{'id': 43382, 'rank': 12, 'fitness': 0.6032343480727526, 'generation': 785}","{'id': 43371, 'rank': 13, 'fitness': 0.4034986045609307, 'generation': 785}","{'id': 43344, 'rank': 14, 'fitness': 0.24768929855091926, 'generation': 785}","{'id': 43358, 'rank': 15, 'fitness': 0.1413789403044482, 'generation': 785}","{'id': 43339, 'rank': 16, 'fitness': 0.13575253500537476, 'generation': 785}","{'id': 43339, 'rank': 17, 'fitness': 0.13575253500537476, 'generation': 785}","{'id': 43339, 'rank': 18, 'fitness': 0.13575253500537476, 'generation': 785}","{'id': 43271, 'rank': 19, 'fitness': 0.12866017083836567, 'generation': 785}","{'id': 43271, 'rank': 20, 'fitness': 0.12866017083836567, 'generation': 785}","{'id': 43271, 'rank': 21, 'fitness': 0.12866017083836567, 'generation': 785}","{'id': 43360, 'rank': 22, 'fitness': 0.1272187484910271, 'generation': 785}","{'id': 43360, 'rank': 23, 'fitness': 0.1272187484910271, 'generation': 785}","{'id': 43395, 'rank': 24, 'fitness': 0.0644398502661574, 'generation': 785}","{'id': 43395, 'rank': 25, 'fitness': 0.0644398502661574, 'generation': 785}","{'id': 43364, 'rank': 26, 'fitness': 0.03880488225426726, 'generation': 785}","{'id': 43327, 'rank': 27, 'fitness': 0.036926461808760025, 'generation': 785}","{'id': 43335, 'rank': 28, 'fitness': 0.03128147733077269, 'generation': 785}","{'id': 43372, 'rank': 29, 'fitness': 0.029057141658009933, 'generation': 785}","{'id': 43315, 'rank': 30, 'fitness': 0.01798620996209155, 'generation': 785}"
"{'id': 43270, 'rank': 1, 'fitness': 0.9820137900379085, 'generation': 786}","{'id': 43314, 'rank': 2, 'fitness': 0.8101487968547465, 'generation': 786}","{'id': 43314, 'rank': 3, 'fitness': 0.8101487968547465, 'generation': 786}","{'id': 43418, 'rank': 4, 'fitness': 0.7856608387830397, 'generation': 786}","{'id': 43365, 'rank': 5, 'fitness': 0.7021782593985946, 'generation': 786}","{'id': 43365, 'rank': 6, 'fitness': 0.7021782593985946, 'generation': 786}","{'id': 43390, 'rank': 7, 'fitness': 0.6925655102541028, 'generation': 786}","{'id': 43296, 'rank': 8, 'fitness': 0.6588386263285029, 'generation': 786}","{'id': 43296, 'rank': 9, 'fitness': 0.6588386263285029, 'generation': 786}","{'id': 43296, 'rank': 10, 'fitness': 0.6588386263285029, 'generation': 786}","{'id': 43259, 'rank': 11, 'fitness': 0.6508742265337446, 'generation': 786}","{'id': 43397, 'rank': 12, 'fitness': 0.5867009333541485, 'generation': 786}","{'id': 43371, 'rank': 13, 'fitness': 0.4034986045609307, 'generation': 786}","{'id': 43358, 'rank': 14, 'fitness': 0.1413789403044482, 'generation': 786}","{'id': 43339, 'rank': 15, 'fitness': 0.13575253500537476, 'generation': 786}","{'id': 43339, 'rank': 16, 'fitness': 0.13575253500537476, 'generation': 786}","{'id': 43271, 'rank': 17, 'fitness': 0.12866017083836567, 'generation': 786}","{'id': 43271, 'rank': 18, 'fitness': 0.12866017083836567, 'generation': 786}","{'id': 43271, 'rank': 19, 'fitness': 0.12866017083836567, 'generation': 786}","{'id': 43360, 'rank': 20, 'fitness': 0.1272187484910271, 'generation': 786}","{'id': 43360, 'rank': 21, 'fitness': 0.1272187484910271, 'generation': 786}","{'id': 43360, 'rank': 22, 'fitness': 0.1272187484910271, 'generation': 786}","{'id': 43400, 'rank': 23, 'fitness': 0.09467663634272211, 'generation': 786}","{'id': 43400, 'rank': 24, 'fitness': 0.09467663634272211, 'generation': 786}","{'id': 43434, 'rank': 25, 'fitness': 0.042039385310619404, 'generation': 786}","{'id': 43335, 'rank': 26, 'fitness': 0.03128147733077269, 'generation': 786}","{'id': 43372, 'rank': 27, 'fitness': 0.029057141658009933, 'generation': 786}","{'id': 43438, 'rank': 28, 'fitness': 0.020327251916301636, 'generation': 786}","{'id': 43438, 'rank': 29, 'fitness': 0.020327251916301636, 'generation': 786}","{'id': 43315, 'rank': 30, 'fitness': 0.01798620996209155, 'generation': 786}"
"{'id': 43449, 'rank': 1, 'fitness': 0.9820137900379085, 'generation': 787}","{'id': 43470, 'rank': 2, 'fitness': 0.8347155763688202, 'generation': 787}","{'id': 43463, 'rank': 3, 'fitness': 0.8272001400848903, 'generation': 787}","{'id': 43459, 'rank': 4, 'fitness': 0.7963283209827132, 'generation': 787}","{'id': 43484, 'rank': 5, 'fitness': 0.7069005345811412, 'generation': 787}","{'id': 43314, 'rank': 6, 'fitness': 0.5871744864959865, 'generation': 787}","{'id': 43314, 'rank': 7, 'fitness': 0.5871744864959865, 'generation': 787}","{'id': 43314, 'rank': 8, 'fitness': 0.5871744864959865, 'generation': 787}","{'id': 43365, 'rank': 9, 'fitness': 0.5211615021872511, 'generation': 787}","{'id': 43365, 'rank': 10, 'fitness': 0.5211615021872511, 'generation': 787}","{'id': 43365, 'rank': 11, 'fitness': 0.5211615021872511, 'generation': 787}","{'id': 43390, 'rank': 12, 'fitness': 0.5160321830052256, 'generation': 787}","{'id': 43296, 'rank': 13, 'fitness': 0.49867030871363865, 'generation': 787}","{'id': 43371, 'rank': 14, 'fitness': 0.3826104145254642, 'generation': 787}","{'id': 43447, 'rank': 15, 'fitness': 0.2781612949156931, 'generation': 787}","{'id': 43447, 'rank': 16, 'fitness': 0.2781612949156931, 'generation': 787}","{'id': 43447, 'rank': 17, 'fitness': 0.2781612949156931, 'generation': 787}","{'id': 43358, 'rank': 18, 'fitness': 0.24679052778565053, 'generation': 787}","{'id': 43400, 'rank': 19, 'fitness': 0.2107263163397171, 'generation': 787}","{'id': 43400, 'rank': 20, 'fitness': 0.2107263163397171, 'generation': 787}","{'id': 43335, 'rank': 21, 'fitness': 0.1358035837012337, 'generation': 787}","{'id': 43372, 'rank': 22, 'fitness': 0.1318276184337659, 'generation': 787}","{'id': 43372, 'rank': 23, 'fitness': 0.1318276184337659, 'generation': 787}","{'id': 43481, 'rank': 24, 'fitness': 0.11921995494257931, 'generation': 787}","{'id': 43475, 'rank': 25, 'fitness': 0.10901468248646745, 'generation': 787}","{'id': 43315, 'rank': 26, 'fitness': 0.1084803440734392, 'generation': 787}","{'id': 43453, 'rank': 27, 'fitness': 0.10168515238238257, 'generation': 787}","{'id': 43486, 'rank': 28, 'fitness': 0.10117408426375246, 'generation': 787}","{'id': 43486, 'rank': 29, 'fitness': 0.10117408426375246, 'generation': 787}","{'id': 43445, 'rank': 30, 'fitness': 0.01798620996209155, 'generation': 787}"
"{'id': 43495, 'rank': 1, 'fitness': 0.9820137900379085, 'generation': 788}","{'id': 43539, 'rank': 2, 'fitness': 0.9072830043914181, 'generation': 788}","{'id': 43484, 'rank': 3, 'fitness': 0.863644529276145, 'generation': 788}","{'id': 43517, 'rank': 4, 'fitness': 0.7813650771677032, 'generation': 788}","{'id': 43523, 'rank': 5, 'fitness': 0.7786118366162547, 'generation': 788}","{'id': 43523, 'rank': 6, 'fitness': 0.7786118366162547, 'generation': 788}","{'id': 43314, 'rank': 7, 'fitness': 0.7642675615000112, 'generation': 788}","{'id': 43314, 'rank': 8, 'fitness': 0.7642675615000112, 'generation': 788}","{'id': 43314, 'rank': 9, 'fitness': 0.7642675615000112, 'generation': 788}","{'id': 43314, 'rank': 10, 'fitness': 0.7642675615000112, 'generation': 788}","{'id': 43314, 'rank': 11, 'fitness': 0.7642675615000112, 'generation': 788}","{'id': 43314, 'rank': 12, 'fitness': 0.7642675615000112, 'generation': 788}","{'id': 43365, 'rank': 13, 'fitness': 0.6978052320834127, 'generation': 788}","{'id': 43390, 'rank': 14, 'fitness': 0.6922828149942577, 'generation': 788}","{'id': 43371, 'rank': 15, 'fitness': 0.5306323708239026, 'generation': 788}","{'id': 43371, 'rank': 16, 'fitness': 0.5306323708239026, 'generation': 788}","{'id': 43504, 'rank': 17, 'fitness': 0.42780670053780206, 'generation': 788}","{'id': 43504, 'rank': 18, 'fitness': 0.42780670053780206, 'generation': 788}","{'id': 43447, 'rank': 19, 'fitness': 0.38229274788931905, 'generation': 788}","{'id': 43447, 'rank': 20, 'fitness': 0.38229274788931905, 'generation': 788}","{'id': 43372, 'rank': 21, 'fitness': 0.159650479693139, 'generation': 788}","{'id': 43481, 'rank': 22, 'fitness': 0.14105036810896188, 'generation': 788}","{'id': 43475, 'rank': 23, 'fitness': 0.1262330335031363, 'generation': 788}","{'id': 43475, 'rank': 24, 'fitness': 0.1262330335031363, 'generation': 788}","{'id': 43499, 'rank': 25, 'fitness': 0.038248159985887875, 'generation': 788}","{'id': 43499, 'rank': 26, 'fitness': 0.038248159985887875, 'generation': 788}","{'id': 43534, 'rank': 27, 'fitness': 0.03703807226367628, 'generation': 788}","{'id': 43516, 'rank': 28, 'fitness': 0.03417233329887848, 'generation': 788}","{'id': 43511, 'rank': 29, 'fitness': 0.025710686026580443, 'generation': 788}","{'id': 43493, 'rank': 30, 'fitness': 0.01798620996209155, 'generation': 788}"
"{'id': 43495, 'rank': 1, 'fitness': 0.9820137900379085, 'generation': 789}","{'id': 43551, 'rank': 2, 'fitness': 0.9536802863957154, 'generation': 789}","{'id': 43484, 'rank': 3, 'fitness': 0.9290772011875966, 'generation': 789}","{'id': 43523, 'rank': 4, 'fitness': 0.8986912616459963, 'generation': 789}","{'id': 43314, 'rank': 5, 'fitness': 0.8936752782577425, 'generation': 789}","{'id': 43314, 'rank': 6, 'fitness': 0.8936752782577425, 'generation': 789}","{'id': 43314, 'rank': 7, 'fitness': 0.8936752782577425, 'generation': 789}","{'id': 43314, 'rank': 8, 'fitness': 0.8936752782577425, 'generation': 789}","{'id': 43314, 'rank': 9, 'fitness': 0.8936752782577425, 'generation': 789}","{'id': 43314, 'rank': 10, 'fitness': 0.8936752782577425, 'generation': 789}","{'id': 43314, 'rank': 11, 'fitness': 0.8936752782577425, 'generation': 789}","{'id': 43314, 'rank': 12, 'fitness': 0.8936752782577425, 'generation': 789}","{'id': 43581, 'rank': 13, 'fitness': 0.8765299465187312, 'generation': 789}","{'id': 43542, 'rank': 14, 'fitness': 0.840047098706171, 'generation': 789}","{'id': 43447, 'rank': 15, 'fitness': 0.7372021655345992, 'generation': 789}","{'id': 43557, 'rank': 16, 'fitness': 0.6275673024873435, 'generation': 789}","{'id': 43557, 'rank': 17, 'fitness': 0.6275673024873435, 'generation': 789}","{'id': 43570, 'rank': 18, 'fitness': 0.6095018692296947, 'generation': 789}","{'id': 43475, 'rank': 19, 'fitness': 0.5168506535787981, 'generation': 789}","{'id': 43475, 'rank': 20, 'fitness': 0.5168506535787981, 'generation': 789}","{'id': 43475, 'rank': 21, 'fitness': 0.5168506535787981, 'generation': 789}","{'id': 43558, 'rank': 22, 'fitness': 0.4821172698885524, 'generation': 789}","{'id': 43499, 'rank': 23, 'fitness': 0.3127347414732844, 'generation': 789}","{'id': 43569, 'rank': 24, 'fitness': 0.29362467516928104, 'generation': 789}","{'id': 43569, 'rank': 25, 'fitness': 0.29362467516928104, 'generation': 789}","{'id': 43568, 'rank': 26, 'fitness': 0.21540333536081757, 'generation': 789}","{'id': 43548, 'rank': 27, 'fitness': 0.08804995687740369, 'generation': 789}","{'id': 43587, 'rank': 28, 'fitness': 0.07120744480078728, 'generation': 789}","{'id': 43574, 'rank': 29, 'fitness': 0.05262509655848169, 'generation': 789}","{'id': 43545, 'rank': 30, 'fitness': 0.01798620996209155, 'generation': 789}"
"{'id': 43495, 'rank': 1, 'fitness': 0.9820137900379085, 'generation': 790}","{'id': 43551, 'rank': 2, 'fitness': 0.9485801758393728, 'generation': 790}","{'id': 43484, 'rank': 3, 'fitness': 0.9177276295023012, 'generation': 790}","{'id': 43523, 'rank': 4, 'fitness': 0.8784821643558612, 'generation': 790}","{'id': 43314, 'rank': 5, 'fitness': 0.8719309142590133, 'generation': 790}","{'id': 43314, 'rank': 6, 'fitness': 0.8719309142590133, 'generation': 790}","{'id': 43314, 'rank': 7, 'fitness': 0.8719309142590133, 'generation': 790}","{'id': 43314, 'rank': 8, 'fitness': 0.8719309142590133, 'generation': 790}","{'id': 43314, 'rank': 9, 'fitness': 0.8719309142590133, 'generation': 790}","{'id': 43314, 'rank': 10, 'fitness': 0.8719309142590133, 'generation': 790}","{'id': 43314, 'rank': 11, 'fitness': 0.8719309142590133, 'generation': 790}","{'id': 43314, 'rank': 12, 'fitness': 0.8719309142590133, 'generation': 790}","{'id': 43314, 'rank': 13, 'fitness': 0.8719309142590133, 'generation': 790}","{'id': 43475, 'rank': 14, 'fitness': 0.40723559811914745, 'generation': 790}","{'id': 43475, 'rank': 15, 'fitness': 0.40723559811914745, 'generation': 790}","{'id': 43620, 'rank': 16, 'fitness': 0.3756690387596966, 'generation': 790}","{'id': 43558, 'rank': 17, 'fitness': 0.3705061899957437, 'generation': 790}","{'id': 43605, 'rank': 18, 'fitness': 0.21929399907397978, 'generation': 790}","{'id': 43634, 'rank': 19, 'fitness': 0.2082994159077719, 'generation': 790}","{'id': 43569, 'rank': 20, 'fitness': 0.19354757895041008, 'generation': 790}","{'id': 43598, 'rank': 21, 'fitness': 0.17649954597106948, 'generation': 790}","{'id': 43568, 'rank': 22, 'fitness': 0.13139900209932204, 'generation': 790}","{'id': 43568, 'rank': 23, 'fitness': 0.13139900209932204, 'generation': 790}","{'id': 43639, 'rank': 24, 'fitness': 0.09249139707952792, 'generation': 790}","{'id': 43641, 'rank': 25, 'fitness': 0.08285684699506407, 'generation': 790}","{'id': 43640, 'rank': 26, 'fitness': 0.06085853988613765, 'generation': 790}","{'id': 43644, 'rank': 27, 'fitness': 0.047131885443338906, 'generation': 790}","{'id': 43644, 'rank': 28, 'fitness': 0.047131885443338906, 'generation': 790}","{'id': 43600, 'rank': 29, 'fitness': 0.026116731136135996, 'generation': 790}","{'id': 43614, 'rank': 30, 'fitness': 0.01798620996209155, 'generation': 790}"
"{'id': 43682, 'rank': 1, 'fitness': 0.9820137900379085, 'generation': 791}","{'id': 43495, 'rank': 2, 'fitness': 0.9623843493817729, 'generation': 791}","{'id': 43551, 'rank': 3, 'fitness': 0.9054879201447131, 'generation': 791}","{'id': 43551, 'rank': 4, 'fitness': 0.9054879201447131, 'generation': 791}","{'id': 43523, 'rank': 5, 'fitness': 0.8040341918428262, 'generation': 791}","{'id': 43523, 'rank': 6, 'fitness': 0.8040341918428262, 'generation': 791}","{'id': 43314, 'rank': 7, 'fitness': 0.7953354836062547, 'generation': 791}","{'id': 43314, 'rank': 8, 'fitness': 0.7953354836062547, 'generation': 791}","{'id': 43314, 'rank': 9, 'fitness': 0.7953354836062547, 'generation': 791}","{'id': 43314, 'rank': 10, 'fitness': 0.7953354836062547, 'generation': 791}","{'id': 43314, 'rank': 11, 'fitness': 0.7953354836062547, 'generation': 791}","{'id': 43314, 'rank': 12, 'fitness': 0.7953354836062547, 'generation': 791}","{'id': 43314, 'rank': 13, 'fitness': 0.7953354836062547, 'generation': 791}","{'id': 43678, 'rank': 14, 'fitness': 0.7051072433114749, 'generation': 791}","{'id': 43664, 'rank': 15, 'fitness': 0.5462475877286224, 'generation': 791}","{'id': 43692, 'rank': 16, 'fitness': 0.4333097398069511, 'generation': 791}","{'id': 43683, 'rank': 17, 'fitness': 0.34684061731417787, 'generation': 791}","{'id': 43669, 'rank': 18, 'fitness': 0.3418842494999159, 'generation': 791}","{'id': 43475, 'rank': 19, 'fitness': 0.3276488360657438, 'generation': 791}","{'id': 43693, 'rank': 20, 'fitness': 0.12411631064517908, 'generation': 791}","{'id': 43646, 'rank': 21, 'fitness': 0.10985717671711137, 'generation': 791}","{'id': 43639, 'rank': 22, 'fitness': 0.07971549707493975, 'generation': 791}","{'id': 43658, 'rank': 23, 'fitness': 0.0632077690202042, 'generation': 791}","{'id': 43663, 'rank': 24, 'fitness': 0.04941270422679245, 'generation': 791}","{'id': 43644, 'rank': 25, 'fitness': 0.043080074615596375, 'generation': 791}","{'id': 43665, 'rank': 26, 'fitness': 0.04056407567691567, 'generation': 791}","{'id': 43679, 'rank': 27, 'fitness': 0.028359755663856012, 'generation': 791}","{'id': 43647, 'rank': 28, 'fitness': 0.018636347267893538, 'generation': 791}","{'id': 43614, 'rank': 29, 'fitness': 0.01798620996209155, 'generation': 791}","{'id': 43614, 'rank': 30, 'fitness': 0.01798620996209155, 'generation': 791}"
"{'id': 43682, 'rank': 1, 'fitness': 0.9820137900379085, 'generation': 792}","{'id': 43495, 'rank': 2, 'fitness': 0.9596888877147065, 'generation': 792}","{'id': 43701, 'rank': 3, 'fitness': 0.9420428006369728, 'generation': 792}","{'id': 43551, 'rank': 4, 'fitness': 0.8903596112226098, 'generation': 792}","{'id': 43551, 'rank': 5, 'fitness': 0.8903596112226098, 'generation': 792}","{'id': 43523, 'rank': 6, 'fitness': 0.7623867188657808, 'generation': 792}","{'id': 43523, 'rank': 7, 'fitness': 0.7623867188657808, 'generation': 792}","{'id': 43314, 'rank': 8, 'fitness': 0.7514461879981887, 'generation': 792}","{'id': 43314, 'rank': 9, 'fitness': 0.7514461879981887, 'generation': 792}","{'id': 43314, 'rank': 10, 'fitness': 0.7514461879981887, 'generation': 792}","{'id': 43751, 'rank': 11, 'fitness': 0.5206689279800912, 'generation': 792}","{'id': 43740, 'rank': 12, 'fitness': 0.48291323533333874, 'generation': 792}","{'id': 43692, 'rank': 13, 'fitness': 0.33763293950263606, 'generation': 792}","{'id': 43692, 'rank': 14, 'fitness': 0.33763293950263606, 'generation': 792}","{'id': 43683, 'rank': 15, 'fitness': 0.2548152449754824, 'generation': 792}","{'id': 43738, 'rank': 16, 'fitness': 0.22471417194761195, 'generation': 792}","{'id': 43753, 'rank': 17, 'fitness': 0.16467045138311032, 'generation': 792}","{'id': 43728, 'rank': 18, 'fitness': 0.1547056646054495, 'generation': 792}","{'id': 43728, 'rank': 19, 'fitness': 0.1547056646054495, 'generation': 792}","{'id': 43708, 'rank': 20, 'fitness': 0.12477166545295965, 'generation': 792}","{'id': 43733, 'rank': 21, 'fitness': 0.06339169654011112, 'generation': 792}","{'id': 43734, 'rank': 22, 'fitness': 0.05604277970628846, 'generation': 792}","{'id': 43718, 'rank': 23, 'fitness': 0.054094144373627306, 'generation': 792}","{'id': 43724, 'rank': 24, 'fitness': 0.05334938313876275, 'generation': 792}","{'id': 43737, 'rank': 25, 'fitness': 0.047321609876671, 'generation': 792}","{'id': 43639, 'rank': 26, 'fitness': 0.04484681683151431, 'generation': 792}","{'id': 43741, 'rank': 27, 'fitness': 0.04476850734830656, 'generation': 792}","{'id': 43746, 'rank': 28, 'fitness': 0.042166316035863904, 'generation': 792}","{'id': 43658, 'rank': 29, 'fitness': 0.0344839943931301, 'generation': 792}","{'id': 43735, 'rank': 30, 'fitness': 0.01798620996209155, 'generation': 792}"
"{'id': 43701, 'rank': 1, 'fitness': 0.9820137900379085, 'generation': 793}","{'id': 43774, 'rank': 2, 'fitness': 0.974946120289298, 'generation': 793}","{'id': 43551, 'rank': 3, 'fitness': 0.9645958056006316, 'generation': 793}","{'id': 43766, 'rank': 4, 'fitness': 0.949481250628044, 'generation': 793}","{'id': 43523, 'rank': 5, 'fitness': 0.9148752388508011, 'generation': 793}","{'id': 43314, 'rank': 6, 'fitness': 0.9101197643171272, 'generation': 793}","{'id': 43789, 'rank': 7, 'fitness': 0.8866258888969755, 'generation': 793}","{'id': 43775, 'rank': 8, 'fitness': 0.8605701292273624, 'generation': 793}","{'id': 43775, 'rank': 9, 'fitness': 0.8605701292273624, 'generation': 793}","{'id': 43773, 'rank': 10, 'fitness': 0.8480476730852646, 'generation': 793}","{'id': 43773, 'rank': 11, 'fitness': 0.8480476730852646, 'generation': 793}","{'id': 43751, 'rank': 12, 'fitness': 0.784099491327304, 'generation': 793}","{'id': 43784, 'rank': 13, 'fitness': 0.7639516838063662, 'generation': 793}","{'id': 43740, 'rank': 14, 'fitness': 0.7573786845453465, 'generation': 793}","{'id': 43776, 'rank': 15, 'fitness': 0.7555786821043959, 'generation': 793}","{'id': 43776, 'rank': 16, 'fitness': 0.7555786821043959, 'generation': 793}","{'id': 43777, 'rank': 17, 'fitness': 0.6361614684168089, 'generation': 793}","{'id': 43692, 'rank': 18, 'fitness': 0.6299103156159677, 'generation': 793}","{'id': 43778, 'rank': 19, 'fitness': 0.5932913833533953, 'generation': 793}","{'id': 43778, 'rank': 20, 'fitness': 0.5932913833533953, 'generation': 793}","{'id': 43761, 'rank': 21, 'fitness': 0.5873810990498606, 'generation': 793}","{'id': 43761, 'rank': 22, 'fitness': 0.5873810990498606, 'generation': 793}","{'id': 43761, 'rank': 23, 'fitness': 0.5873810990498606, 'generation': 793}","{'id': 43738, 'rank': 24, 'fitness': 0.49158030699217664, 'generation': 793}","{'id': 43753, 'rank': 25, 'fitness': 0.3965590394001797, 'generation': 793}","{'id': 43797, 'rank': 26, 'fitness': 0.2769755096415843, 'generation': 793}","{'id': 43734, 'rank': 27, 'fitness': 0.16493266217642194, 'generation': 793}","{'id': 43718, 'rank': 28, 'fitness': 0.15983031618975957, 'generation': 793}","{'id': 43724, 'rank': 29, 'fitness': 0.15786940747087286, 'generation': 793}","{'id': 43755, 'rank': 30, 'fitness': 0.01798620996209155, 'generation': 793}"
"{'id': 43815, 'rank': 1, 'fitness': 0.9820137900379085, 'generation': 794}","{'id': 43774, 'rank': 2, 'fitness': 0.9551815529053577, 'generation': 794}","{'id': 43766, 'rank': 3, 'fitness': 0.9111742190258515, 'generation': 794}","{'id': 43766, 'rank': 4, 'fitness': 0.9111742190258515, 'generation': 794}","{'id': 43766, 'rank': 5, 'fitness': 0.9111742190258515, 'generation': 794}","{'id': 43523, 'rank': 6, 'fitness': 0.8540234029159564, 'generation': 794}","{'id': 43789, 'rank': 7, 'fitness': 0.8095469168145737, 'generation': 794}","{'id': 43773, 'rank': 8, 'fitness': 0.7517771898534693, 'generation': 794}","{'id': 43784, 'rank': 9, 'fitness': 0.6365992317251183, 'generation': 794}","{'id': 43740, 'rank': 10, 'fitness': 0.6281659548708438, 'generation': 794}","{'id': 43776, 'rank': 11, 'fitness': 0.625870033434315, 'generation': 794}","{'id': 43777, 'rank': 12, 'fitness': 0.4855030836667836, 'generation': 794}","{'id': 43778, 'rank': 13, 'fitness': 0.44028282619728965, 'generation': 794}","{'id': 43761, 'rank': 14, 'fitness': 0.4342408534372428, 'generation': 794}","{'id': 43761, 'rank': 15, 'fitness': 0.4342408534372428, 'generation': 794}","{'id': 43738, 'rank': 16, 'fitness': 0.34226201727677885, 'generation': 794}","{'id': 43842, 'rank': 17, 'fitness': 0.3183546387981764, 'generation': 794}","{'id': 43826, 'rank': 18, 'fitness': 0.27518413144248527, 'generation': 794}","{'id': 43753, 'rank': 19, 'fitness': 0.26091896193612196, 'generation': 794}","{'id': 43753, 'rank': 20, 'fitness': 0.26091896193612196, 'generation': 794}","{'id': 43810, 'rank': 21, 'fitness': 0.19853885419768397, 'generation': 794}","{'id': 43802, 'rank': 22, 'fitness': 0.13578576313598195, 'generation': 794}","{'id': 43852, 'rank': 23, 'fitness': 0.13398185414111657, 'generation': 794}","{'id': 43724, 'rank': 24, 'fitness': 0.09100096048841044, 'generation': 794}","{'id': 43800, 'rank': 25, 'fitness': 0.07710866694866808, 'generation': 794}","{'id': 43800, 'rank': 26, 'fitness': 0.07710866694866808, 'generation': 794}","{'id': 43833, 'rank': 27, 'fitness': 0.048823829814635955, 'generation': 794}","{'id': 43841, 'rank': 28, 'fitness': 0.0421097956509463, 'generation': 794}","{'id': 43841, 'rank': 29, 'fitness': 0.0421097956509463, 'generation': 794}","{'id': 43822, 'rank': 30, 'fitness': 0.01798620996209155, 'generation': 794}"
"{'id': 43774, 'rank': 1, 'fitness': 0.9820137900379085, 'generation': 795}","{'id': 43906, 'rank': 2, 'fitness': 0.9790578968196295, 'generation': 795}","{'id': 43902, 'rank': 3, 'fitness': 0.9652863022815743, 'generation': 795}","{'id': 43766, 'rank': 4, 'fitness': 0.9515425779665285, 'generation': 795}","{'id': 43766, 'rank': 5, 'fitness': 0.9515425779665285, 'generation': 795}","{'id': 43766, 'rank': 6, 'fitness': 0.9515425779665285, 'generation': 795}","{'id': 43886, 'rank': 7, 'fitness': 0.9455188772943655, 'generation': 795}","{'id': 43523, 'rank': 8, 'fitness': 0.8995370168944548, 'generation': 795}","{'id': 43789, 'rank': 9, 'fitness': 0.8513661430003292, 'generation': 795}","{'id': 43904, 'rank': 10, 'fitness': 0.8388829783552954, 'generation': 795}","{'id': 43773, 'rank': 11, 'fitness': 0.7809710963235352, 'generation': 795}","{'id': 43784, 'rank': 12, 'fitness': 0.6237972083510052, 'generation': 795}","{'id': 43784, 'rank': 13, 'fitness': 0.6237972083510052, 'generation': 795}","{'id': 43776, 'rank': 14, 'fitness': 0.6085532189907039, 'generation': 795}","{'id': 43901, 'rank': 15, 'fitness': 0.4556891632100626, 'generation': 795}","{'id': 43777, 'rank': 16, 'fitness': 0.4110916406667883, 'generation': 795}","{'id': 43873, 'rank': 17, 'fitness': 0.3712232633198316, 'generation': 795}","{'id': 43761, 'rank': 18, 'fitness': 0.3433656868509092, 'generation': 795}","{'id': 43890, 'rank': 19, 'fitness': 0.23815857549514546, 'generation': 795}","{'id': 43738, 'rank': 20, 'fitness': 0.232925557418651, 'generation': 795}","{'id': 43826, 'rank': 21, 'fitness': 0.16345657896574717, 'generation': 795}","{'id': 43753, 'rank': 22, 'fitness': 0.15002193272695657, 'generation': 795}","{'id': 43903, 'rank': 23, 'fitness': 0.13588411594002037, 'generation': 795}","{'id': 43889, 'rank': 24, 'fitness': 0.07731593884291088, 'generation': 795}","{'id': 43887, 'rank': 25, 'fitness': 0.0747552414551258, 'generation': 795}","{'id': 43802, 'rank': 26, 'fitness': 0.05383163754250875, 'generation': 795}","{'id': 43724, 'rank': 27, 'fitness': 0.02940063943419885, 'generation': 795}","{'id': 43893, 'rank': 28, 'fitness': 0.026166708944194872, 'generation': 795}","{'id': 43800, 'rank': 29, 'fitness': 0.0229824740498073, 'generation': 795}","{'id': 43895, 'rank': 30, 'fitness': 0.01798620996209155, 'generation': 795}"
"{'id': 43774, 'rank': 1, 'fitness': 0.9820137900379085, 'generation': 796}","{'id': 43906, 'rank': 2, 'fitness': 0.9797320909066023, 'generation': 796}","{'id': 43766, 'rank': 3, 'fitness': 0.9607432662534887, 'generation': 796}","{'id': 43766, 'rank': 4, 'fitness': 0.9607432662534887, 'generation': 796}","{'id': 43886, 'rank': 5, 'fitness': 0.9569199999791796, 'generation': 796}","{'id': 43523, 'rank': 6, 'fitness': 0.9296527756585848, 'generation': 796}","{'id': 43523, 'rank': 7, 'fitness': 0.9296527756585848, 'generation': 796}","{'id': 43773, 'rank': 8, 'fitness': 0.8651649068842446, 'generation': 796}","{'id': 43784, 'rank': 9, 'fitness': 0.7786965125322987, 'generation': 796}","{'id': 43935, 'rank': 10, 'fitness': 0.7458437978571041, 'generation': 796}","{'id': 43914, 'rank': 11, 'fitness': 0.7245614848325386, 'generation': 796}","{'id': 43914, 'rank': 12, 'fitness': 0.7245614848325386, 'generation': 796}","{'id': 43912, 'rank': 13, 'fitness': 0.6584828053193899, 'generation': 796}","{'id': 43964, 'rank': 14, 'fitness': 0.5719587339271117, 'generation': 796}","{'id': 43964, 'rank': 15, 'fitness': 0.5719587339271117, 'generation': 796}","{'id': 43963, 'rank': 16, 'fitness': 0.4807157812175262, 'generation': 796}","{'id': 43903, 'rank': 17, 'fitness': 0.356563817172088, 'generation': 796}","{'id': 43903, 'rank': 18, 'fitness': 0.356563817172088, 'generation': 796}","{'id': 43889, 'rank': 19, 'fitness': 0.25270211502026163, 'generation': 796}","{'id': 43802, 'rank': 20, 'fitness': 0.19971774505288187, 'generation': 796}","{'id': 43802, 'rank': 21, 'fitness': 0.19971774505288187, 'generation': 796}","{'id': 43925, 'rank': 22, 'fitness': 0.1619575670940911, 'generation': 796}","{'id': 43957, 'rank': 23, 'fitness': 0.15993718645589683, 'generation': 796}","{'id': 43948, 'rank': 24, 'fitness': 0.15253875399196204, 'generation': 796}","{'id': 43921, 'rank': 25, 'fitness': 0.12434425232117274, 'generation': 796}","{'id': 43921, 'rank': 26, 'fitness': 0.12434425232117274, 'generation': 796}","{'id': 43800, 'rank': 27, 'fitness': 0.11094738433540652, 'generation': 796}","{'id': 43928, 'rank': 28, 'fitness': 0.10818887563715729, 'generation': 796}","{'id': 43932, 'rank': 29, 'fitness': 0.0529961936282044, 'generation': 796}","{'id': 43962, 'rank': 30, 'fitness': 0.01798620996209155, 'generation': 796}"
"{'id': 43973, 'rank': 1, 'fitness': 0.9820137900379085, 'generation': 797}","{'id': 43973, 'rank': 2, 'fitness': 0.9820137900379085, 'generation': 797}","{'id': 43973, 'rank': 3, 'fitness': 0.9820137900379085, 'generation': 797}","{'id': 43995, 'rank': 4, 'fitness': 0.9709001260047445, 'generation': 797}","{'id': 43985, 'rank': 5, 'fitness': 0.9702730306110063, 'generation': 797}","{'id': 43766, 'rank': 6, 'fitness': 0.9443382075793243, 'generation': 797}","{'id': 43523, 'rank': 7, 'fitness': 0.8872402658366454, 'generation': 797}","{'id': 43991, 'rank': 8, 'fitness': 0.8755413584468589, 'generation': 797}","{'id': 43773, 'rank': 9, 'fitness': 0.7616962778257939, 'generation': 797}","{'id': 43773, 'rank': 10, 'fitness': 0.7616962778257939, 'generation': 797}","{'id': 44012, 'rank': 11, 'fitness': 0.7518474163159439, 'generation': 797}","{'id': 43784, 'rank': 12, 'fitness': 0.6017862534863618, 'generation': 797}","{'id': 43935, 'rank': 13, 'fitness': 0.5465113496411245, 'generation': 797}","{'id': 43935, 'rank': 14, 'fitness': 0.5465113496411245, 'generation': 797}","{'id': 44010, 'rank': 15, 'fitness': 0.5059279301746951, 'generation': 797}","{'id': 43963, 'rank': 16, 'fitness': 0.22235980175700704, 'generation': 797}","{'id': 43994, 'rank': 17, 'fitness': 0.14660619637004185, 'generation': 797}","{'id': 43999, 'rank': 18, 'fitness': 0.131857001359168, 'generation': 797}","{'id': 43889, 'rank': 19, 'fitness': 0.0753237034190628, 'generation': 797}","{'id': 43802, 'rank': 20, 'fitness': 0.05282733256308619, 'generation': 797}","{'id': 43978, 'rank': 21, 'fitness': 0.05172337988161313, 'generation': 797}","{'id': 43977, 'rank': 22, 'fitness': 0.04431596128191989, 'generation': 797}","{'id': 43974, 'rank': 23, 'fitness': 0.034660494533979125, 'generation': 797}","{'id': 43974, 'rank': 24, 'fitness': 0.034660494533979125, 'generation': 797}","{'id': 43990, 'rank': 25, 'fitness': 0.03258889642712498, 'generation': 797}","{'id': 43990, 'rank': 26, 'fitness': 0.03258889642712498, 'generation': 797}","{'id': 44013, 'rank': 27, 'fitness': 0.028175300042938722, 'generation': 797}","{'id': 43921, 'rank': 28, 'fitness': 0.02687005248316532, 'generation': 797}","{'id': 43928, 'rank': 29, 'fitness': 0.022186578880581287, 'generation': 797}","{'id': 44011, 'rank': 30, 'fitness': 0.01798620996209155, 'generation': 797}"
"{'id': 44038, 'rank': 1, 'fitness': 0.9820137900379085, 'generation': 798}","{'id': 43973, 'rank': 2, 'fitness': 0.9645500259599762, 'generation': 798}","{'id': 43973, 'rank': 3, 'fitness': 0.9645500259599762, 'generation': 798}","{'id': 43973, 'rank': 4, 'fitness': 0.9645500259599762, 'generation': 798}","{'id': 43995, 'rank': 5, 'fitness': 0.9514256163813242, 'generation': 798}","{'id': 43995, 'rank': 6, 'fitness': 0.9514256163813242, 'generation': 798}","{'id': 43985, 'rank': 7, 'fitness': 0.9507436268833989, 'generation': 798}","{'id': 44059, 'rank': 8, 'fitness': 0.9289128217833853, 'generation': 798}","{'id': 43766, 'rank': 9, 'fitness': 0.9257757133287807, 'generation': 798}","{'id': 43766, 'rank': 10, 'fitness': 0.9257757133287807, 'generation': 798}","{'id': 43991, 'rank': 11, 'fitness': 0.8739189765557402, 'generation': 798}","{'id': 44051, 'rank': 12, 'fitness': 0.850682241895615, 'generation': 798}","{'id': 44012, 'rank': 13, 'fitness': 0.7980104524419003, 'generation': 798}","{'id': 44020, 'rank': 14, 'fitness': 0.7891920708200806, 'generation': 798}","{'id': 44068, 'rank': 15, 'fitness': 0.7593835987944728, 'generation': 798}","{'id': 44046, 'rank': 16, 'fitness': 0.7205892739908861, 'generation': 798}","{'id': 44052, 'rank': 17, 'fitness': 0.6659360857824506, 'generation': 798}","{'id': 44010, 'rank': 18, 'fitness': 0.6570073068503335, 'generation': 798}","{'id': 44010, 'rank': 19, 'fitness': 0.6570073068503335, 'generation': 798}","{'id': 44035, 'rank': 20, 'fitness': 0.6188752006827171, 'generation': 798}","{'id': 44035, 'rank': 21, 'fitness': 0.6188752006827171, 'generation': 798}","{'id': 44019, 'rank': 22, 'fitness': 0.5731759005235647, 'generation': 798}","{'id': 44028, 'rank': 23, 'fitness': 0.37018557168078947, 'generation': 798}","{'id': 44026, 'rank': 24, 'fitness': 0.24740759549278074, 'generation': 798}","{'id': 43990, 'rank': 25, 'fitness': 0.16402616308824702, 'generation': 798}","{'id': 44013, 'rank': 26, 'fitness': 0.15075074244282527, 'generation': 798}","{'id': 44063, 'rank': 27, 'fitness': 0.055755341152390836, 'generation': 798}","{'id': 44025, 'rank': 28, 'fitness': 0.04437828739268734, 'generation': 798}","{'id': 44062, 'rank': 29, 'fitness': 0.02584087267349444, 'generation': 798}","{'id': 44044, 'rank': 30, 'fitness': 0.01798620996209155, 'generation': 798}"
"{'id': 43973, 'rank': 1, 'fitness': 0.9820137900379085, 'generation': 799}","{'id': 43973, 'rank': 2, 'fitness': 0.9820137900379085, 'generation': 799}","{'id': 44132, 'rank': 3, 'fitness': 0.9687291394888389, 'generation': 799}","{'id': 43766, 'rank': 4, 'fitness': 0.9571290816253497, 'generation': 799}","{'id': 44051, 'rank': 5, 'fitness': 0.9009107065066557, 'generation': 799}","{'id': 44012, 'rank': 6, 'fitness': 0.8566459547431285, 'generation': 799}","{'id': 44046, 'rank': 7, 'fitness': 0.7856178050520142, 'generation': 799}","{'id': 44052, 'rank': 8, 'fitness': 0.7317386598788393, 'generation': 799}","{'id': 44010, 'rank': 9, 'fitness': 0.7226701546769315, 'generation': 799}","{'id': 44010, 'rank': 10, 'fitness': 0.7226701546769315, 'generation': 799}","{'id': 44010, 'rank': 11, 'fitness': 0.7226701546769315, 'generation': 799}","{'id': 44010, 'rank': 12, 'fitness': 0.7226701546769315, 'generation': 799}","{'id': 44035, 'rank': 13, 'fitness': 0.6831607575537498, 'generation': 799}","{'id': 44035, 'rank': 14, 'fitness': 0.6831607575537498, 'generation': 799}","{'id': 44130, 'rank': 15, 'fitness': 0.6459645099590419, 'generation': 799}","{'id': 44019, 'rank': 16, 'fitness': 0.6342641537449918, 'generation': 799}","{'id': 44100, 'rank': 17, 'fitness': 0.3652999725953351, 'generation': 799}","{'id': 44135, 'rank': 18, 'fitness': 0.2550300732706816, 'generation': 799}","{'id': 44092, 'rank': 19, 'fitness': 0.2492769612043948, 'generation': 799}","{'id': 44072, 'rank': 20, 'fitness': 0.19028716908904547, 'generation': 799}","{'id': 44097, 'rank': 21, 'fitness': 0.18637308761560006, 'generation': 799}","{'id': 44073, 'rank': 22, 'fitness': 0.18298371352110077, 'generation': 799}","{'id': 44110, 'rank': 23, 'fitness': 0.16798895090409943, 'generation': 799}","{'id': 44122, 'rank': 24, 'fitness': 0.11795538190494859, 'generation': 799}","{'id': 44123, 'rank': 25, 'fitness': 0.09348679134815846, 'generation': 799}","{'id': 44123, 'rank': 26, 'fitness': 0.09348679134815846, 'generation': 799}","{'id': 44098, 'rank': 27, 'fitness': 0.059348064031711556, 'generation': 799}","{'id': 44063, 'rank': 28, 'fitness': 0.04603052865710261, 'generation': 799}","{'id': 44101, 'rank': 29, 'fitness': 0.04511467602816127, 'generation': 799}","{'id': 44125, 'rank': 30, 'fitness': 0.01798620996209155, 'generation': 799}"
"{'id': 43973, 'rank': 1, 'fitness': 0.9820137900379085, 'generation': 800}","{'id': 43973, 'rank': 2, 'fitness': 0.9820137900379085, 'generation': 800}","{'id': 44193, 'rank': 3, 'fitness': 0.9775794021742819, 'generation': 800}","{'id': 44193, 'rank': 4, 'fitness': 0.9775794021742819, 'generation': 800}","{'id': 44132, 'rank': 5, 'fitness': 0.9691779920474419, 'generation': 800}","{'id': 44132, 'rank': 6, 'fitness': 0.9691779920474419, 'generation': 800}","{'id': 43766, 'rank': 7, 'fitness': 0.9580848826232518, 'generation': 800}","{'id': 44167, 'rank': 8, 'fitness': 0.9176969597126012, 'generation': 800}","{'id': 44167, 'rank': 9, 'fitness': 0.9176969597126012, 'generation': 800}","{'id': 44051, 'rank': 10, 'fitness': 0.9050451513701523, 'generation': 800}","{'id': 44147, 'rank': 11, 'fitness': 0.8543913988399886, 'generation': 800}","{'id': 44148, 'rank': 12, 'fitness': 0.806544120023191, 'generation': 800}","{'id': 44156, 'rank': 13, 'fitness': 0.7415218304707135, 'generation': 800}","{'id': 44156, 'rank': 14, 'fitness': 0.7415218304707135, 'generation': 800}","{'id': 44010, 'rank': 15, 'fitness': 0.738434221586726, 'generation': 800}","{'id': 44010, 'rank': 16, 'fitness': 0.738434221586726, 'generation': 800}","{'id': 44010, 'rank': 17, 'fitness': 0.738434221586726, 'generation': 800}","{'id': 44010, 'rank': 18, 'fitness': 0.738434221586726, 'generation': 800}","{'id': 44010, 'rank': 19, 'fitness': 0.738434221586726, 'generation': 800}","{'id': 44035, 'rank': 20, 'fitness': 0.7012848352876069, 'generation': 800}","{'id': 44035, 'rank': 21, 'fitness': 0.7012848352876069, 'generation': 800}","{'id': 44150, 'rank': 22, 'fitness': 0.5686436420457923, 'generation': 800}","{'id': 44100, 'rank': 23, 'fitness': 0.3935126791470998, 'generation': 800}","{'id': 44190, 'rank': 24, 'fitness': 0.2996146105931755, 'generation': 800}","{'id': 44072, 'rank': 25, 'fitness': 0.2133753105477052, 'generation': 800}","{'id': 44160, 'rank': 26, 'fitness': 0.1998644781367342, 'generation': 800}","{'id': 44122, 'rank': 27, 'fitness': 0.13544547607548463, 'generation': 800}","{'id': 44178, 'rank': 28, 'fitness': 0.05771617457422651, 'generation': 800}","{'id': 44185, 'rank': 29, 'fitness': 0.03103817044680024, 'generation': 800}","{'id': 44187, 'rank': 30, 'fitness': 0.01798620996209155, 'generation': 800}"
"{'id': 44264, 'rank': 1, 'fitness': 0.9820137900379085, 'generation': 801}","{'id': 43973, 'rank': 2, 'fitness': 0.9578660266088026, 'generation': 801}","{'id': 44193, 'rank': 3, 'fitness': 0.9477835446151535, 'generation': 801}","{'id': 44132, 'rank': 4, 'fitness': 0.9290061445038651, 'generation': 801}","{'id': 44227, 'rank': 5, 'fitness': 0.9049316494910851, 'generation': 801}","{'id': 44167, 'rank': 6, 'fitness': 0.822550956752854, 'generation': 801}","{'id': 44167, 'rank': 7, 'fitness': 0.822550956752854, 'generation': 801}","{'id': 44147, 'rank': 8, 'fitness': 0.7091159027610787, 'generation': 801}","{'id': 44147, 'rank': 9, 'fitness': 0.7091159027610787, 'generation': 801}","{'id': 44148, 'rank': 10, 'fitness': 0.6339023596077351, 'generation': 801}","{'id': 44010, 'rank': 11, 'fitness': 0.5396025683702423, 'generation': 801}","{'id': 44010, 'rank': 12, 'fitness': 0.5396025683702423, 'generation': 801}","{'id': 44010, 'rank': 13, 'fitness': 0.5396025683702423, 'generation': 801}","{'id': 44010, 'rank': 14, 'fitness': 0.5396025683702423, 'generation': 801}","{'id': 44035, 'rank': 15, 'fitness': 0.4935343830582827, 'generation': 801}","{'id': 44100, 'rank': 16, 'fitness': 0.21196157686881933, 'generation': 801}","{'id': 44225, 'rank': 17, 'fitness': 0.1460567269589389, 'generation': 801}","{'id': 44229, 'rank': 18, 'fitness': 0.12868233762593362, 'generation': 801}","{'id': 44235, 'rank': 19, 'fitness': 0.12541107545882824, 'generation': 801}","{'id': 44235, 'rank': 20, 'fitness': 0.12541107545882824, 'generation': 801}","{'id': 44235, 'rank': 21, 'fitness': 0.12541107545882824, 'generation': 801}","{'id': 44215, 'rank': 22, 'fitness': 0.10281656299827951, 'generation': 801}","{'id': 44072, 'rank': 23, 'fitness': 0.10100199786803404, 'generation': 801}","{'id': 44240, 'rank': 24, 'fitness': 0.04617452128056421, 'generation': 801}","{'id': 44256, 'rank': 25, 'fitness': 0.035243175511583846, 'generation': 801}","{'id': 44268, 'rank': 26, 'fitness': 0.033017474161533056, 'generation': 801}","{'id': 44178, 'rank': 27, 'fitness': 0.024705912853754064, 'generation': 801}","{'id': 44263, 'rank': 28, 'fitness': 0.024394581029035245, 'generation': 801}","{'id': 44218, 'rank': 29, 'fitness': 0.01798620996209155, 'generation': 801}","{'id': 44218, 'rank': 30, 'fitness': 0.01798620996209155, 'generation': 801}"
"{'id': 44264, 'rank': 1, 'fitness': 0.9820137900379085, 'generation': 802}","{'id': 44264, 'rank': 2, 'fitness': 0.9820137900379085, 'generation': 802}","{'id': 44286, 'rank': 3, 'fitness': 0.9677352628158006, 'generation': 802}","{'id': 43973, 'rank': 4, 'fitness': 0.9613889873851609, 'generation': 802}","{'id': 44308, 'rank': 5, 'fitness': 0.9420973284446861, 'generation': 802}","{'id': 44282, 'rank': 6, 'fitness': 0.9408132969612528, 'generation': 802}","{'id': 44282, 'rank': 7, 'fitness': 0.9408132969612528, 'generation': 802}","{'id': 44132, 'rank': 8, 'fitness': 0.9381889845844937, 'generation': 802}","{'id': 44227, 'rank': 9, 'fitness': 0.9194325779260759, 'generation': 802}","{'id': 44167, 'rank': 10, 'fitness': 0.8569088867428656, 'generation': 802}","{'id': 44167, 'rank': 11, 'fitness': 0.8569088867428656, 'generation': 802}","{'id': 44296, 'rank': 12, 'fitness': 0.8089742268608715, 'generation': 802}","{'id': 44148, 'rank': 13, 'fitness': 0.7124642629048158, 'generation': 802}","{'id': 44010, 'rank': 14, 'fitness': 0.6359105426033935, 'generation': 802}","{'id': 44010, 'rank': 15, 'fitness': 0.6359105426033935, 'generation': 802}","{'id': 44010, 'rank': 16, 'fitness': 0.6359105426033935, 'generation': 802}","{'id': 44035, 'rank': 17, 'fitness': 0.5968177393878483, 'generation': 802}","{'id': 44272, 'rank': 18, 'fitness': 0.5843924220414639, 'generation': 802}","{'id': 44279, 'rank': 19, 'fitness': 0.32299143895108473, 'generation': 802}","{'id': 44100, 'rank': 20, 'fitness': 0.3183487380592752, 'generation': 802}","{'id': 44307, 'rank': 21, 'fitness': 0.25097168313840545, 'generation': 802}","{'id': 44284, 'rank': 22, 'fitness': 0.2502896873711513, 'generation': 802}","{'id': 44235, 'rank': 23, 'fitness': 0.20997724971128778, 'generation': 802}","{'id': 44302, 'rank': 24, 'fitness': 0.1951453071888471, 'generation': 802}","{'id': 44292, 'rank': 25, 'fitness': 0.14882213670625233, 'generation': 802}","{'id': 44274, 'rank': 26, 'fitness': 0.10147356264969049, 'generation': 802}","{'id': 44281, 'rank': 27, 'fitness': 0.09194401350793224, 'generation': 802}","{'id': 44240, 'rank': 28, 'fitness': 0.09127317753190645, 'generation': 802}","{'id': 44178, 'rank': 29, 'fitness': 0.0532229735316363, 'generation': 802}","{'id': 44285, 'rank': 30, 'fitness': 0.01798620996209155, 'generation': 802}"
"{'id': 44317, 'rank': 1, 'fitness': 0.9820137900379085, 'generation': 803}","{'id': 44317, 'rank': 2, 'fitness': 0.9820137900379085, 'generation': 803}","{'id': 44264, 'rank': 3, 'fitness': 0.9139263267446097, 'generation': 803}","{'id': 44264, 'rank': 4, 'fitness': 0.9139263267446097, 'generation': 803}","{'id': 44286, 'rank': 5, 'fitness': 0.863386996341892, 'generation': 803}","{'id': 43973, 'rank': 6, 'fitness': 0.8432332655786383, 'generation': 803}","{'id': 43973, 'rank': 7, 'fitness': 0.8432332655786383, 'generation': 803}","{'id': 44282, 'rank': 8, 'fitness': 0.7847835822765589, 'generation': 803}","{'id': 44282, 'rank': 9, 'fitness': 0.7847835822765589, 'generation': 803}","{'id': 44328, 'rank': 10, 'fitness': 0.6695005858121299, 'generation': 803}","{'id': 44328, 'rank': 11, 'fitness': 0.6695005858121299, 'generation': 803}","{'id': 44167, 'rank': 12, 'fitness': 0.610219333460987, 'generation': 803}","{'id': 44340, 'rank': 13, 'fitness': 0.4468552335783893, 'generation': 803}","{'id': 44353, 'rank': 14, 'fitness': 0.42216327994429265, 'generation': 803}","{'id': 44010, 'rank': 15, 'fitness': 0.35000359751283044, 'generation': 803}","{'id': 44010, 'rank': 16, 'fitness': 0.35000359751283044, 'generation': 803}","{'id': 44010, 'rank': 17, 'fitness': 0.35000359751283044, 'generation': 803}","{'id': 44316, 'rank': 18, 'fitness': 0.3305819331301597, 'generation': 803}","{'id': 44335, 'rank': 19, 'fitness': 0.27236936234173414, 'generation': 803}","{'id': 44351, 'rank': 20, 'fitness': 0.2534720851981696, 'generation': 803}","{'id': 44338, 'rank': 21, 'fitness': 0.11910629553247315, 'generation': 803}","{'id': 44344, 'rank': 22, 'fitness': 0.11704221604392484, 'generation': 803}","{'id': 44336, 'rank': 23, 'fitness': 0.05413335884364723, 'generation': 803}","{'id': 44363, 'rank': 24, 'fitness': 0.05369579426055077, 'generation': 803}","{'id': 44363, 'rank': 25, 'fitness': 0.05369579426055077, 'generation': 803}","{'id': 44354, 'rank': 26, 'fitness': 0.04830770322892125, 'generation': 803}","{'id': 44367, 'rank': 27, 'fitness': 0.04073624863024744, 'generation': 803}","{'id': 44345, 'rank': 28, 'fitness': 0.029570932779042103, 'generation': 803}","{'id': 44331, 'rank': 29, 'fitness': 0.02453297223578249, 'generation': 803}","{'id': 44318, 'rank': 30, 'fitness': 0.01798620996209155, 'generation': 803}"
"{'id': 44317, 'rank': 1, 'fitness': 0.9820137900379085, 'generation': 804}","{'id': 44264, 'rank': 2, 'fitness': 0.8847378157086941, 'generation': 804}","{'id': 44264, 'rank': 3, 'fitness': 0.8847378157086941, 'generation': 804}","{'id': 44417, 'rank': 4, 'fitness': 0.8720614129604272, 'generation': 804}","{'id': 44417, 'rank': 5, 'fitness': 0.8720614129604272, 'generation': 804}","{'id': 43973, 'rank': 6, 'fitness': 0.772637587014148, 'generation': 804}","{'id': 44282, 'rank': 7, 'fitness': 0.6808146787484233, 'generation': 804}","{'id': 44282, 'rank': 8, 'fitness': 0.6808146787484233, 'generation': 804}","{'id': 44328, 'rank': 9, 'fitness': 0.5132970201585588, 'generation': 804}","{'id': 44328, 'rank': 10, 'fitness': 0.5132970201585588, 'generation': 804}","{'id': 44328, 'rank': 11, 'fitness': 0.5132970201585588, 'generation': 804}","{'id': 44376, 'rank': 12, 'fitness': 0.26325655731164843, 'generation': 804}","{'id': 44340, 'rank': 13, 'fitness': 0.2595564877236274, 'generation': 804}","{'id': 44340, 'rank': 14, 'fitness': 0.2595564877236274, 'generation': 804}","{'id': 44372, 'rank': 15, 'fitness': 0.2390565751280908, 'generation': 804}","{'id': 44010, 'rank': 16, 'fitness': 0.1773666868436617, 'generation': 804}","{'id': 44010, 'rank': 17, 'fitness': 0.1773666868436617, 'generation': 804}","{'id': 44010, 'rank': 18, 'fitness': 0.1773666868436617, 'generation': 804}","{'id': 44010, 'rank': 19, 'fitness': 0.1773666868436617, 'generation': 804}","{'id': 44316, 'rank': 20, 'fitness': 0.16274169528741084, 'generation': 804}","{'id': 44351, 'rank': 21, 'fitness': 0.11038386524079441, 'generation': 804}","{'id': 44338, 'rank': 22, 'fitness': 0.03954324884059984, 'generation': 804}","{'id': 44418, 'rank': 23, 'fitness': 0.039422681851393304, 'generation': 804}","{'id': 44418, 'rank': 24, 'fitness': 0.039422681851393304, 'generation': 804}","{'id': 44418, 'rank': 25, 'fitness': 0.039422681851393304, 'generation': 804}","{'id': 44344, 'rank': 26, 'fitness': 0.038651038581682895, 'generation': 804}","{'id': 44410, 'rank': 27, 'fitness': 0.03451384886936626, 'generation': 804}","{'id': 44399, 'rank': 28, 'fitness': 0.022211507375959727, 'generation': 804}","{'id': 44421, 'rank': 29, 'fitness': 0.01995488579094401, 'generation': 804}","{'id': 44389, 'rank': 30, 'fitness': 0.01798620996209155, 'generation': 804}"
"{'id': 44317, 'rank': 1, 'fitness': 0.9820137900379085, 'generation': 805}","{'id': 44317, 'rank': 2, 'fitness': 0.9820137900379085, 'generation': 805}","{'id': 44264, 'rank': 3, 'fitness': 0.9053460432667799, 'generation': 805}","{'id': 44417, 'rank': 4, 'fitness': 0.8959148561129041, 'generation': 805}","{'id': 43973, 'rank': 5, 'fitness': 0.8226849519478548, 'generation': 805}","{'id': 44282, 'rank': 6, 'fitness': 0.7541977128947459, 'generation': 805}","{'id': 44424, 'rank': 7, 'fitness': 0.7434393427101611, 'generation': 805}","{'id': 44424, 'rank': 8, 'fitness': 0.7434393427101611, 'generation': 805}","{'id': 44460, 'rank': 9, 'fitness': 0.6241667906207726, 'generation': 805}","{'id': 44440, 'rank': 10, 'fitness': 0.5080398631074776, 'generation': 805}","{'id': 44440, 'rank': 11, 'fitness': 0.5080398631074776, 'generation': 805}","{'id': 44458, 'rank': 12, 'fitness': 0.4969488413465926, 'generation': 805}","{'id': 44458, 'rank': 13, 'fitness': 0.4969488413465926, 'generation': 805}","{'id': 44458, 'rank': 14, 'fitness': 0.4969488413465926, 'generation': 805}","{'id': 44441, 'rank': 15, 'fitness': 0.3917828955205873, 'generation': 805}","{'id': 44441, 'rank': 16, 'fitness': 0.3917828955205873, 'generation': 805}","{'id': 44441, 'rank': 17, 'fitness': 0.3917828955205873, 'generation': 805}","{'id': 44340, 'rank': 18, 'fitness': 0.38174072121955926, 'generation': 805}","{'id': 44423, 'rank': 19, 'fitness': 0.2991942412396551, 'generation': 805}","{'id': 44455, 'rank': 20, 'fitness': 0.22884238586246547, 'generation': 805}","{'id': 44435, 'rank': 21, 'fitness': 0.22817751315656942, 'generation': 805}","{'id': 44437, 'rank': 22, 'fitness': 0.14674511342858693, 'generation': 805}","{'id': 44437, 'rank': 23, 'fitness': 0.14674511342858693, 'generation': 805}","{'id': 44437, 'rank': 24, 'fitness': 0.14674511342858693, 'generation': 805}","{'id': 44439, 'rank': 25, 'fitness': 0.11173539221548517, 'generation': 805}","{'id': 44425, 'rank': 26, 'fitness': 0.10411697634400252, 'generation': 805}","{'id': 44466, 'rank': 27, 'fitness': 0.09079720795676338, 'generation': 805}","{'id': 44418, 'rank': 28, 'fitness': 0.08420367909034332, 'generation': 805}","{'id': 44438, 'rank': 29, 'fitness': 0.02363083594650378, 'generation': 805}","{'id': 44434, 'rank': 30, 'fitness': 0.01798620996209155, 'generation': 805}"
"{'id': 44317, 'rank': 1, 'fitness': 0.9820137900379085, 'generation': 806}","{'id': 44417, 'rank': 2, 'fitness': 0.9109644366610835, 'generation': 806}","{'id': 44282, 'rank': 3, 'fitness': 0.8006661004485498, 'generation': 806}","{'id': 44424, 'rank': 4, 'fitness': 0.7922611941368132, 'generation': 806}","{'id': 44424, 'rank': 5, 'fitness': 0.7922611941368132, 'generation': 806}","{'id': 44460, 'rank': 6, 'fitness': 0.6972079795245609, 'generation': 806}","{'id': 44460, 'rank': 7, 'fitness': 0.6972079795245609, 'generation': 806}","{'id': 44440, 'rank': 8, 'fitness': 0.5994987489559288, 'generation': 806}","{'id': 44498, 'rank': 9, 'fitness': 0.5641912772340536, 'generation': 806}","{'id': 44498, 'rank': 10, 'fitness': 0.5641912772340536, 'generation': 806}","{'id': 44489, 'rank': 11, 'fitness': 0.5485319919689522, 'generation': 806}","{'id': 44441, 'rank': 12, 'fitness': 0.4938872646942763, 'generation': 806}","{'id': 44499, 'rank': 13, 'fitness': 0.48594495056070397, 'generation': 806}","{'id': 44340, 'rank': 14, 'fitness': 0.4842969110021501, 'generation': 806}","{'id': 44482, 'rank': 15, 'fitness': 0.3879580774824526, 'generation': 806}","{'id': 44482, 'rank': 16, 'fitness': 0.3879580774824526, 'generation': 806}","{'id': 44516, 'rank': 17, 'fitness': 0.3661733669559952, 'generation': 806}","{'id': 44518, 'rank': 18, 'fitness': 0.36341471192974295, 'generation': 806}","{'id': 44509, 'rank': 19, 'fitness': 0.31573317656349853, 'generation': 806}","{'id': 44497, 'rank': 20, 'fitness': 0.28845912100467436, 'generation': 806}","{'id': 44497, 'rank': 21, 'fitness': 0.28845912100467436, 'generation': 806}","{'id': 44487, 'rank': 22, 'fitness': 0.24134857835819395, 'generation': 806}","{'id': 44515, 'rank': 23, 'fitness': 0.2333322160401229, 'generation': 806}","{'id': 44514, 'rank': 24, 'fitness': 0.23124575021148286, 'generation': 806}","{'id': 44514, 'rank': 25, 'fitness': 0.23124575021148286, 'generation': 806}","{'id': 44503, 'rank': 26, 'fitness': 0.11717355643136257, 'generation': 806}","{'id': 44471, 'rank': 27, 'fitness': 0.058176968892663605, 'generation': 806}","{'id': 44506, 'rank': 28, 'fitness': 0.041816987411282036, 'generation': 806}","{'id': 44434, 'rank': 29, 'fitness': 0.03727113977243396, 'generation': 806}","{'id': 44480, 'rank': 30, 'fitness': 0.01798620996209155, 'generation': 806}"
"{'id': 44417, 'rank': 1, 'fitness': 0.9820137900379085, 'generation': 807}","{'id': 44417, 'rank': 2, 'fitness': 0.9820137900379085, 'generation': 807}","{'id': 44417, 'rank': 3, 'fitness': 0.9820137900379085, 'generation': 807}","{'id': 44424, 'rank': 4, 'fitness': 0.9400201137366316, 'generation': 807}","{'id': 44460, 'rank': 5, 'fitness': 0.8922319972948038, 'generation': 807}","{'id': 44460, 'rank': 6, 'fitness': 0.8922319972948038, 'generation': 807}","{'id': 44460, 'rank': 7, 'fitness': 0.8922319972948038, 'generation': 807}","{'id': 44460, 'rank': 8, 'fitness': 0.8922319972948038, 'generation': 807}","{'id': 44564, 'rank': 9, 'fitness': 0.8367053586482823, 'generation': 807}","{'id': 44498, 'rank': 10, 'fitness': 0.7998655681100049, 'generation': 807}","{'id': 44498, 'rank': 11, 'fitness': 0.7998655681100049, 'generation': 807}","{'id': 44547, 'rank': 12, 'fitness': 0.7492180322158318, 'generation': 807}","{'id': 44441, 'rank': 13, 'fitness': 0.7365258142526858, 'generation': 807}","{'id': 44540, 'rank': 14, 'fitness': 0.6541708185885233, 'generation': 807}","{'id': 44482, 'rank': 15, 'fitness': 0.6182955740743583, 'generation': 807}","{'id': 44516, 'rank': 16, 'fitness': 0.5902496300265556, 'generation': 807}","{'id': 44518, 'rank': 17, 'fitness': 0.5866031704744751, 'generation': 807}","{'id': 44569, 'rank': 18, 'fitness': 0.5190381045178132, 'generation': 807}","{'id': 44569, 'rank': 19, 'fitness': 0.5190381045178132, 'generation': 807}","{'id': 44558, 'rank': 20, 'fitness': 0.5086945377620438, 'generation': 807}","{'id': 44536, 'rank': 21, 'fitness': 0.44818853616935395, 'generation': 807}","{'id': 44487, 'rank': 22, 'fitness': 0.403818516720853, 'generation': 807}","{'id': 44514, 'rank': 23, 'fitness': 0.38689284005467106, 'generation': 807}","{'id': 44565, 'rank': 24, 'fitness': 0.16307370795126397, 'generation': 807}","{'id': 44537, 'rank': 25, 'fitness': 0.11543359702693151, 'generation': 807}","{'id': 44539, 'rank': 26, 'fitness': 0.1115920570056032, 'generation': 807}","{'id': 44471, 'rank': 27, 'fitness': 0.07852890032156196, 'generation': 807}","{'id': 44534, 'rank': 28, 'fitness': 0.06888127180060122, 'generation': 807}","{'id': 44534, 'rank': 29, 'fitness': 0.06888127180060122, 'generation': 807}","{'id': 44480, 'rank': 30, 'fitness': 0.01798620996209155, 'generation': 807}"
"{'id': 44592, 'rank': 1, 'fitness': 0.9820137900379085, 'generation': 808}","{'id': 44417, 'rank': 2, 'fitness': 0.9656077252894197, 'generation': 808}","{'id': 44417, 'rank': 3, 'fitness': 0.9656077252894197, 'generation': 808}","{'id': 44417, 'rank': 4, 'fitness': 0.9656077252894197, 'generation': 808}","{'id': 44610, 'rank': 5, 'fitness': 0.7638822877671396, 'generation': 808}","{'id': 44619, 'rank': 6, 'fitness': 0.6736695442318372, 'generation': 808}","{'id': 44441, 'rank': 7, 'fitness': 0.5917707395381322, 'generation': 808}","{'id': 44621, 'rank': 8, 'fitness': 0.5208329195123433, 'generation': 808}","{'id': 44621, 'rank': 9, 'fitness': 0.5208329195123433, 'generation': 808}","{'id': 44621, 'rank': 10, 'fitness': 0.5208329195123433, 'generation': 808}","{'id': 44569, 'rank': 11, 'fitness': 0.3594327788543177, 'generation': 808}","{'id': 44569, 'rank': 12, 'fitness': 0.3594327788543177, 'generation': 808}","{'id': 44558, 'rank': 13, 'fitness': 0.34998212253622696, 'generation': 808}","{'id': 44487, 'rank': 14, 'fitness': 0.260709714624114, 'generation': 808}","{'id': 44631, 'rank': 15, 'fitness': 0.2481313652535282, 'generation': 808}","{'id': 44631, 'rank': 16, 'fitness': 0.2481313652535282, 'generation': 808}","{'id': 44581, 'rank': 17, 'fitness': 0.06649117507151564, 'generation': 808}","{'id': 44537, 'rank': 18, 'fitness': 0.06389631581000565, 'generation': 808}","{'id': 44537, 'rank': 19, 'fitness': 0.06389631581000565, 'generation': 808}","{'id': 44578, 'rank': 20, 'fitness': 0.060998075853697376, 'generation': 808}","{'id': 44618, 'rank': 21, 'fitness': 0.060625184844071256, 'generation': 808}","{'id': 44618, 'rank': 22, 'fitness': 0.060625184844071256, 'generation': 808}","{'id': 44585, 'rank': 23, 'fitness': 0.056682827138084424, 'generation': 808}","{'id': 44580, 'rank': 24, 'fitness': 0.055136002440099474, 'generation': 808}","{'id': 44629, 'rank': 25, 'fitness': 0.04298343576867436, 'generation': 808}","{'id': 44614, 'rank': 26, 'fitness': 0.03655031422449656, 'generation': 808}","{'id': 44611, 'rank': 27, 'fitness': 0.029129447013502507, 'generation': 808}","{'id': 44588, 'rank': 28, 'fitness': 0.02332819236306999, 'generation': 808}","{'id': 44584, 'rank': 29, 'fitness': 0.021619213907723034, 'generation': 808}","{'id': 44615, 'rank': 30, 'fitness': 0.01798620996209155, 'generation': 808}"
"{'id': 44654, 'rank': 1, 'fitness': 0.9820137900379085, 'generation': 809}","{'id': 44417, 'rank': 2, 'fitness': 0.9727760741604524, 'generation': 809}","{'id': 44417, 'rank': 3, 'fitness': 0.9727760741604524, 'generation': 809}","{'id': 44417, 'rank': 4, 'fitness': 0.9727760741604524, 'generation': 809}","{'id': 44664, 'rank': 5, 'fitness': 0.9659756918022187, 'generation': 809}","{'id': 44672, 'rank': 6, 'fitness': 0.8938033771741543, 'generation': 809}","{'id': 44637, 'rank': 7, 'fitness': 0.8400152447694712, 'generation': 809}","{'id': 44637, 'rank': 8, 'fitness': 0.8400152447694712, 'generation': 809}","{'id': 44659, 'rank': 9, 'fitness': 0.8133458827729697, 'generation': 809}","{'id': 44659, 'rank': 10, 'fitness': 0.8133458827729697, 'generation': 809}","{'id': 44610, 'rank': 11, 'fitness': 0.7833964976654211, 'generation': 809}","{'id': 44610, 'rank': 12, 'fitness': 0.7833964976654211, 'generation': 809}","{'id': 44644, 'rank': 13, 'fitness': 0.7783054101465547, 'generation': 809}","{'id': 44657, 'rank': 14, 'fitness': 0.7533089941375878, 'generation': 809}","{'id': 44635, 'rank': 15, 'fitness': 0.7153915964513584, 'generation': 809}","{'id': 44441, 'rank': 16, 'fitness': 0.6069744641461451, 'generation': 809}","{'id': 44670, 'rank': 17, 'fitness': 0.49687745916417664, 'generation': 809}","{'id': 44670, 'rank': 18, 'fitness': 0.49687745916417664, 'generation': 809}","{'id': 44569, 'rank': 19, 'fitness': 0.3609023970325574, 'generation': 809}","{'id': 44569, 'rank': 20, 'fitness': 0.3609023970325574, 'generation': 809}","{'id': 44558, 'rank': 21, 'fitness': 0.3508698506874964, 'generation': 809}","{'id': 44653, 'rank': 22, 'fitness': 0.1024947737598163, 'generation': 809}","{'id': 44646, 'rank': 23, 'fitness': 0.0617350861439388, 'generation': 809}","{'id': 44618, 'rank': 24, 'fitness': 0.05396817010745286, 'generation': 809}","{'id': 44675, 'rank': 25, 'fitness': 0.051354494977256304, 'generation': 809}","{'id': 44585, 'rank': 26, 'fitness': 0.05023062296576458, 'generation': 809}","{'id': 44674, 'rank': 27, 'fitness': 0.034241638400031194, 'generation': 809}","{'id': 44588, 'rank': 28, 'fitness': 0.019502793529015516, 'generation': 809}","{'id': 44649, 'rank': 29, 'fitness': 0.019491239632442703, 'generation': 809}","{'id': 44584, 'rank': 30, 'fitness': 0.01798620996209155, 'generation': 809}"
"{'id': 44417, 'rank': 1, 'fitness': 0.9820137900379085, 'generation': 810}","{'id': 44417, 'rank': 2, 'fitness': 0.9820137900379085, 'generation': 810}","{'id': 44417, 'rank': 3, 'fitness': 0.9820137900379085, 'generation': 810}","{'id': 44417, 'rank': 4, 'fitness': 0.9820137900379085, 'generation': 810}","{'id': 44417, 'rank': 5, 'fitness': 0.9820137900379085, 'generation': 810}","{'id': 44417, 'rank': 6, 'fitness': 0.9820137900379085, 'generation': 810}","{'id': 44728, 'rank': 7, 'fitness': 0.9499353520300742, 'generation': 810}","{'id': 44728, 'rank': 8, 'fitness': 0.9499353520300742, 'generation': 810}","{'id': 44709, 'rank': 9, 'fitness': 0.9100171711102965, 'generation': 810}","{'id': 44659, 'rank': 10, 'fitness': 0.8867145691465037, 'generation': 810}","{'id': 44721, 'rank': 11, 'fitness': 0.8846315467532971, 'generation': 810}","{'id': 44610, 'rank': 12, 'fitness': 0.8682540683668545, 'generation': 810}","{'id': 44682, 'rank': 13, 'fitness': 0.855575458590883, 'generation': 810}","{'id': 44657, 'rank': 14, 'fitness': 0.8493341658403248, 'generation': 810}","{'id': 44635, 'rank': 15, 'fitness': 0.8248744738896381, 'generation': 810}","{'id': 44670, 'rank': 16, 'fitness': 0.6653761127450009, 'generation': 810}","{'id': 44711, 'rank': 17, 'fitness': 0.6063878089670548, 'generation': 810}","{'id': 44715, 'rank': 18, 'fitness': 0.41464908850290866, 'generation': 810}","{'id': 44653, 'rank': 19, 'fitness': 0.21347352696740868, 'generation': 810}","{'id': 44653, 'rank': 20, 'fitness': 0.21347352696740868, 'generation': 810}","{'id': 44684, 'rank': 21, 'fitness': 0.15494398214259053, 'generation': 810}","{'id': 44646, 'rank': 22, 'fitness': 0.1402643739236143, 'generation': 810}","{'id': 44585, 'rank': 23, 'fitness': 0.1176662374022775, 'generation': 810}","{'id': 44674, 'rank': 24, 'fitness': 0.08441237742234942, 'generation': 810}","{'id': 44681, 'rank': 25, 'fitness': 0.07819876243132995, 'generation': 810}","{'id': 44588, 'rank': 26, 'fitness': 0.051298002593427316, 'generation': 810}","{'id': 44649, 'rank': 27, 'fitness': 0.05127085756086697, 'generation': 810}","{'id': 44695, 'rank': 28, 'fitness': 0.04681753309154979, 'generation': 810}","{'id': 44695, 'rank': 29, 'fitness': 0.04681753309154979, 'generation': 810}","{'id': 44686, 'rank': 30, 'fitness': 0.01798620996209155, 'generation': 810}"
"{'id': 44417, 'rank': 1, 'fitness': 0.9820137900379085, 'generation': 811}","{'id': 44417, 'rank': 2, 'fitness': 0.9820137900379085, 'generation': 811}","{'id': 44417, 'rank': 3, 'fitness': 0.9820137900379085, 'generation': 811}","{'id': 44417, 'rank': 4, 'fitness': 0.9820137900379085, 'generation': 811}","{'id': 44417, 'rank': 5, 'fitness': 0.9820137900379085, 'generation': 811}","{'id': 44728, 'rank': 6, 'fitness': 0.9501917332432278, 'generation': 811}","{'id': 44770, 'rank': 7, 'fitness': 0.9332858582357583, 'generation': 811}","{'id': 44659, 'rank': 8, 'fitness': 0.8877083704476846, 'generation': 811}","{'id': 44657, 'rank': 9, 'fitness': 0.8508137774145654, 'generation': 811}","{'id': 44744, 'rank': 10, 'fitness': 0.7703852611562141, 'generation': 811}","{'id': 44745, 'rank': 11, 'fitness': 0.5511268795695107, 'generation': 811}","{'id': 44741, 'rank': 12, 'fitness': 0.47639459604053963, 'generation': 811}","{'id': 44715, 'rank': 13, 'fitness': 0.42005097113363166, 'generation': 811}","{'id': 44739, 'rank': 14, 'fitness': 0.3121595248314563, 'generation': 811}","{'id': 44739, 'rank': 15, 'fitness': 0.3121595248314563, 'generation': 811}","{'id': 44739, 'rank': 16, 'fitness': 0.3121595248314563, 'generation': 811}","{'id': 44785, 'rank': 17, 'fitness': 0.22178933323218386, 'generation': 811}","{'id': 44753, 'rank': 18, 'fitness': 0.2109016545706508, 'generation': 811}","{'id': 44769, 'rank': 19, 'fitness': 0.2003133571329665, 'generation': 811}","{'id': 44769, 'rank': 20, 'fitness': 0.2003133571329665, 'generation': 811}","{'id': 44763, 'rank': 21, 'fitness': 0.1632201590915825, 'generation': 811}","{'id': 44684, 'rank': 22, 'fitness': 0.15879597823701597, 'generation': 811}","{'id': 44746, 'rank': 23, 'fitness': 0.126390490028632, 'generation': 811}","{'id': 44674, 'rank': 24, 'fitness': 0.08696952273765735, 'generation': 811}","{'id': 44774, 'rank': 25, 'fitness': 0.07911266055216676, 'generation': 811}","{'id': 44783, 'rank': 26, 'fitness': 0.07483073341165114, 'generation': 811}","{'id': 44588, 'rank': 27, 'fitness': 0.0530468483598876, 'generation': 811}","{'id': 44784, 'rank': 28, 'fitness': 0.03498993695664565, 'generation': 811}","{'id': 44767, 'rank': 29, 'fitness': 0.0273112292631284, 'generation': 811}","{'id': 44752, 'rank': 30, 'fitness': 0.01798620996209155, 'generation': 811}"
"{'id': 44417, 'rank': 1, 'fitness': 0.9820137900379085, 'generation': 812}","{'id': 44417, 'rank': 2, 'fitness': 0.9820137900379085, 'generation': 812}","{'id': 44417, 'rank': 3, 'fitness': 0.9820137900379085, 'generation': 812}","{'id': 44417, 'rank': 4, 'fitness': 0.9820137900379085, 'generation': 812}","{'id': 44417, 'rank': 5, 'fitness': 0.9820137900379085, 'generation': 812}","{'id': 44417, 'rank': 6, 'fitness': 0.9820137900379085, 'generation': 812}","{'id': 44816, 'rank': 7, 'fitness': 0.9763445361509118, 'generation': 812}","{'id': 44816, 'rank': 8, 'fitness': 0.9763445361509118, 'generation': 812}","{'id': 44728, 'rank': 9, 'fitness': 0.9395735060269932, 'generation': 812}","{'id': 44770, 'rank': 10, 'fitness': 0.914783245854282, 'generation': 812}","{'id': 44659, 'rank': 11, 'fitness': 0.8444537456538126, 'generation': 812}","{'id': 44814, 'rank': 12, 'fitness': 0.8418942073845438, 'generation': 812}","{'id': 44657, 'rank': 13, 'fitness': 0.7861207291564125, 'generation': 812}","{'id': 44811, 'rank': 14, 'fitness': 0.7515347553695108, 'generation': 812}","{'id': 44818, 'rank': 15, 'fitness': 0.6846068973174791, 'generation': 812}","{'id': 44813, 'rank': 16, 'fitness': 0.4783396077754575, 'generation': 812}","{'id': 44745, 'rank': 17, 'fitness': 0.3698803290902215, 'generation': 812}","{'id': 44834, 'rank': 18, 'fitness': 0.18327663162733882, 'generation': 812}","{'id': 44832, 'rank': 19, 'fitness': 0.16288931407322216, 'generation': 812}","{'id': 44753, 'rank': 20, 'fitness': 0.08675143758915682, 'generation': 812}","{'id': 44753, 'rank': 21, 'fitness': 0.08675143758915682, 'generation': 812}","{'id': 44763, 'rank': 22, 'fitness': 0.06121624612064819, 'generation': 812}","{'id': 44763, 'rank': 23, 'fitness': 0.06121624612064819, 'generation': 812}","{'id': 44805, 'rank': 24, 'fitness': 0.03296320622384513, 'generation': 812}","{'id': 44839, 'rank': 25, 'fitness': 0.026399786626346122, 'generation': 812}","{'id': 44839, 'rank': 26, 'fitness': 0.026399786626346122, 'generation': 812}","{'id': 44839, 'rank': 27, 'fitness': 0.026399786626346122, 'generation': 812}","{'id': 44774, 'rank': 28, 'fitness': 0.023901105554612334, 'generation': 812}","{'id': 44783, 'rank': 29, 'fitness': 0.02227756961719274, 'generation': 812}","{'id': 44845, 'rank': 30, 'fitness': 0.01798620996209155, 'generation': 812}"
"{'id': 44417, 'rank': 1, 'fitness': 0.9820137900379085, 'generation': 813}","{'id': 44417, 'rank': 2, 'fitness': 0.9820137900379085, 'generation': 813}","{'id': 44417, 'rank': 3, 'fitness': 0.9820137900379085, 'generation': 813}","{'id': 44417, 'rank': 4, 'fitness': 0.9820137900379085, 'generation': 813}","{'id': 44816, 'rank': 5, 'fitness': 0.9769397745160223, 'generation': 813}","{'id': 44816, 'rank': 6, 'fitness': 0.9769397745160223, 'generation': 813}","{'id': 44857, 'rank': 7, 'fitness': 0.9687810660531939, 'generation': 813}","{'id': 44868, 'rank': 8, 'fitness': 0.9633730515997053, 'generation': 813}","{'id': 44868, 'rank': 9, 'fitness': 0.9633730515997053, 'generation': 813}","{'id': 44728, 'rank': 10, 'fitness': 0.9458918162492194, 'generation': 813}","{'id': 44770, 'rank': 11, 'fitness': 0.9258889724033721, 'generation': 813}","{'id': 44659, 'rank': 12, 'fitness': 0.870685367848979, 'generation': 813}","{'id': 44870, 'rank': 13, 'fitness': 0.6559850153287635, 'generation': 813}","{'id': 44813, 'rank': 14, 'fitness': 0.573087859359315, 'generation': 813}","{'id': 44846, 'rank': 15, 'fitness': 0.5647595771032112, 'generation': 813}","{'id': 44855, 'rank': 16, 'fitness': 0.5599802672048576, 'generation': 813}","{'id': 44745, 'rank': 17, 'fitness': 0.47253442320629524, 'generation': 813}","{'id': 44906, 'rank': 18, 'fitness': 0.23004746951894633, 'generation': 813}","{'id': 44906, 'rank': 19, 'fitness': 0.23004746951894633, 'generation': 813}","{'id': 44869, 'rank': 20, 'fitness': 0.19244071057922651, 'generation': 813}","{'id': 44903, 'rank': 21, 'fitness': 0.18532327423746803, 'generation': 813}","{'id': 44903, 'rank': 22, 'fitness': 0.18532327423746803, 'generation': 813}","{'id': 44898, 'rank': 23, 'fitness': 0.08268814769117816, 'generation': 813}","{'id': 44898, 'rank': 24, 'fitness': 0.08268814769117816, 'generation': 813}","{'id': 44889, 'rank': 25, 'fitness': 0.07458104389471804, 'generation': 813}","{'id': 44874, 'rank': 26, 'fitness': 0.050625596196154865, 'generation': 813}","{'id': 44887, 'rank': 27, 'fitness': 0.026262484545736098, 'generation': 813}","{'id': 44901, 'rank': 28, 'fitness': 0.023049071607425087, 'generation': 813}","{'id': 44888, 'rank': 29, 'fitness': 0.02262668671783552, 'generation': 813}","{'id': 44847, 'rank': 30, 'fitness': 0.01798620996209155, 'generation': 813}"
"{'id': 44417, 'rank': 1, 'fitness': 0.9820137900379085, 'generation': 814}","{'id': 44816, 'rank': 2, 'fitness': 0.9777543546015349, 'generation': 814}","{'id': 44816, 'rank': 3, 'fitness': 0.9777543546015349, 'generation': 814}","{'id': 44816, 'rank': 4, 'fitness': 0.9777543546015349, 'generation': 814}","{'id': 44816, 'rank': 5, 'fitness': 0.9777543546015349, 'generation': 814}","{'id': 44950, 'rank': 6, 'fitness': 0.9736313431708614, 'generation': 814}","{'id': 44946, 'rank': 7, 'fitness': 0.9685011552607755, 'generation': 814}","{'id': 44868, 'rank': 8, 'fitness': 0.966932940898761, 'generation': 814}","{'id': 44728, 'rank': 9, 'fitness': 0.953749645128873, 'generation': 814}","{'id': 44959, 'rank': 10, 'fitness': 0.9374587541381774, 'generation': 814}","{'id': 44954, 'rank': 11, 'fitness': 0.7999873099998217, 'generation': 814}","{'id': 44919, 'rank': 12, 'fitness': 0.7787879520902057, 'generation': 814}","{'id': 44919, 'rank': 13, 'fitness': 0.7787879520902057, 'generation': 814}","{'id': 44745, 'rank': 14, 'fitness': 0.6192041502828484, 'generation': 814}","{'id': 44956, 'rank': 15, 'fitness': 0.4298342712266354, 'generation': 814}","{'id': 44917, 'rank': 16, 'fitness': 0.4177725265640849, 'generation': 814}","{'id': 44930, 'rank': 17, 'fitness': 0.41315180548746105, 'generation': 814}","{'id': 44930, 'rank': 18, 'fitness': 0.41315180548746105, 'generation': 814}","{'id': 44906, 'rank': 19, 'fitness': 0.38873675026297183, 'generation': 814}","{'id': 44906, 'rank': 20, 'fitness': 0.38873675026297183, 'generation': 814}","{'id': 44938, 'rank': 21, 'fitness': 0.33086534003268175, 'generation': 814}","{'id': 44915, 'rank': 22, 'fitness': 0.24713373922354626, 'generation': 814}","{'id': 44915, 'rank': 23, 'fitness': 0.24713373922354626, 'generation': 814}","{'id': 44915, 'rank': 24, 'fitness': 0.24713373922354626, 'generation': 814}","{'id': 44961, 'rank': 25, 'fitness': 0.11916374763007359, 'generation': 814}","{'id': 44909, 'rank': 26, 'fitness': 0.08622140534783962, 'generation': 814}","{'id': 44909, 'rank': 27, 'fitness': 0.08622140534783962, 'generation': 814}","{'id': 44923, 'rank': 28, 'fitness': 0.07820496367520025, 'generation': 814}","{'id': 44887, 'rank': 29, 'fitness': 0.07524721919343447, 'generation': 814}","{'id': 44952, 'rank': 30, 'fitness': 0.01798620996209155, 'generation': 814}"
"{'id': 44816, 'rank': 1, 'fitness': 0.9820137900379085, 'generation': 815}","{'id': 45015, 'rank': 2, 'fitness': 0.9590465934048105, 'generation': 815}","{'id': 44979, 'rank': 3, 'fitness': 0.8503567318503881, 'generation': 815}","{'id': 44967, 'rank': 4, 'fitness': 0.8080107089243299, 'generation': 815}","{'id': 44954, 'rank': 5, 'fitness': 0.7374203891187471, 'generation': 815}","{'id': 44919, 'rank': 6, 'fitness': 0.7057093373008843, 'generation': 815}","{'id': 44919, 'rank': 7, 'fitness': 0.7057093373008843, 'generation': 815}","{'id': 44973, 'rank': 8, 'fitness': 0.6648074796308312, 'generation': 815}","{'id': 44980, 'rank': 9, 'fitness': 0.5536092980667052, 'generation': 815}","{'id': 44993, 'rank': 10, 'fitness': 0.48695908647703834, 'generation': 815}","{'id': 44745, 'rank': 11, 'fitness': 0.4795953298268146, 'generation': 815}","{'id': 45023, 'rank': 12, 'fitness': 0.2570329985719856, 'generation': 815}","{'id': 44917, 'rank': 13, 'fitness': 0.2507757205821809, 'generation': 815}","{'id': 44917, 'rank': 14, 'fitness': 0.2507757205821809, 'generation': 815}","{'id': 44906, 'rank': 15, 'fitness': 0.2237562372772502, 'generation': 815}","{'id': 44975, 'rank': 16, 'fitness': 0.17559413478212954, 'generation': 815}","{'id': 44915, 'rank': 17, 'fitness': 0.11278044591427883, 'generation': 815}","{'id': 44915, 'rank': 18, 'fitness': 0.11278044591427883, 'generation': 815}","{'id': 45001, 'rank': 19, 'fitness': 0.10554929361467935, 'generation': 815}","{'id': 45013, 'rank': 20, 'fitness': 0.07507313200592969, 'generation': 815}","{'id': 45008, 'rank': 21, 'fitness': 0.04322786081144048, 'generation': 815}","{'id': 44974, 'rank': 22, 'fitness': 0.04231479184182335, 'generation': 815}","{'id': 44989, 'rank': 23, 'fitness': 0.03155136689022903, 'generation': 815}","{'id': 44989, 'rank': 24, 'fitness': 0.03155136689022903, 'generation': 815}","{'id': 44989, 'rank': 25, 'fitness': 0.03155136689022903, 'generation': 815}","{'id': 44995, 'rank': 26, 'fitness': 0.03023994442714978, 'generation': 815}","{'id': 45016, 'rank': 27, 'fitness': 0.024931086070228092, 'generation': 815}","{'id': 45016, 'rank': 28, 'fitness': 0.024931086070228092, 'generation': 815}","{'id': 44971, 'rank': 29, 'fitness': 0.0223892309252412, 'generation': 815}","{'id': 45017, 'rank': 30, 'fitness': 0.01798620996209155, 'generation': 815}"
"{'id': 45074, 'rank': 1, 'fitness': 0.9820137900379085, 'generation': 816}","{'id': 45074, 'rank': 2, 'fitness': 0.9820137900379085, 'generation': 816}","{'id': 44816, 'rank': 3, 'fitness': 0.9171572783388077, 'generation': 816}","{'id': 45015, 'rank': 4, 'fitness': 0.8349633058836443, 'generation': 816}","{'id': 45039, 'rank': 5, 'fitness': 0.5257835375019471, 'generation': 816}","{'id': 45039, 'rank': 6, 'fitness': 0.5257835375019471, 'generation': 816}","{'id': 45068, 'rank': 7, 'fitness': 0.5221235885191328, 'generation': 816}","{'id': 45050, 'rank': 8, 'fitness': 0.4345896882791762, 'generation': 816}","{'id': 45050, 'rank': 9, 'fitness': 0.4345896882791762, 'generation': 816}","{'id': 44954, 'rank': 10, 'fitness': 0.4155954118104373, 'generation': 816}","{'id': 44973, 'rank': 11, 'fitness': 0.3401444014278047, 'generation': 816}","{'id': 45044, 'rank': 12, 'fitness': 0.32267434714390947, 'generation': 816}","{'id': 45044, 'rank': 13, 'fitness': 0.32267434714390947, 'generation': 816}","{'id': 45026, 'rank': 14, 'fitness': 0.2695380769660427, 'generation': 816}","{'id': 45073, 'rank': 15, 'fitness': 0.2639663575913205, 'generation': 816}","{'id': 45073, 'rank': 16, 'fitness': 0.2639663575913205, 'generation': 816}","{'id': 44980, 'rank': 17, 'fitness': 0.25029804563307556, 'generation': 816}","{'id': 44745, 'rank': 18, 'fitness': 0.20234211866429336, 'generation': 816}","{'id': 45046, 'rank': 19, 'fitness': 0.16426039017517452, 'generation': 816}","{'id': 45047, 'rank': 20, 'fitness': 0.10620274032499827, 'generation': 816}","{'id': 45064, 'rank': 21, 'fitness': 0.1006993955747314, 'generation': 816}","{'id': 45023, 'rank': 22, 'fitness': 0.09294939441577377, 'generation': 816}","{'id': 45048, 'rank': 23, 'fitness': 0.09227448205624394, 'generation': 816}","{'id': 44917, 'rank': 24, 'fitness': 0.09040482267281302, 'generation': 816}","{'id': 45001, 'rank': 25, 'fitness': 0.036502306007503926, 'generation': 816}","{'id': 45067, 'rank': 26, 'fitness': 0.03231008032866117, 'generation': 816}","{'id': 45060, 'rank': 27, 'fitness': 0.0289942986956524, 'generation': 816}","{'id': 45053, 'rank': 28, 'fitness': 0.02545419968153717, 'generation': 816}","{'id': 45034, 'rank': 29, 'fitness': 0.01798620996209155, 'generation': 816}","{'id': 45034, 'rank': 30, 'fitness': 0.01798620996209155, 'generation': 816}"
"{'id': 45074, 'rank': 1, 'fitness': 0.9820137900379085, 'generation': 817}","{'id': 45074, 'rank': 2, 'fitness': 0.9820137900379085, 'generation': 817}","{'id': 45110, 'rank': 3, 'fitness': 0.8939503461061747, 'generation': 817}","{'id': 45107, 'rank': 4, 'fitness': 0.8896945029032173, 'generation': 817}","{'id': 45015, 'rank': 5, 'fitness': 0.8480811901385991, 'generation': 817}","{'id': 45015, 'rank': 6, 'fitness': 0.8480811901385991, 'generation': 817}","{'id': 45087, 'rank': 7, 'fitness': 0.7469465658727482, 'generation': 817}","{'id': 45103, 'rank': 8, 'fitness': 0.7084316409210889, 'generation': 817}","{'id': 45039, 'rank': 9, 'fitness': 0.5657262920285818, 'generation': 817}","{'id': 45068, 'rank': 10, 'fitness': 0.5622672939652482, 'generation': 817}","{'id': 45068, 'rank': 11, 'fitness': 0.5622672939652482, 'generation': 817}","{'id': 45068, 'rank': 12, 'fitness': 0.5622672939652482, 'generation': 817}","{'id': 45101, 'rank': 13, 'fitness': 0.4884434904213561, 'generation': 817}","{'id': 44954, 'rank': 14, 'fitness': 0.45976247049501323, 'generation': 817}","{'id': 44954, 'rank': 15, 'fitness': 0.45976247049501323, 'generation': 817}","{'id': 44954, 'rank': 16, 'fitness': 0.45976247049501323, 'generation': 817}","{'id': 45095, 'rank': 17, 'fitness': 0.41535990416141544, 'generation': 817}","{'id': 44973, 'rank': 18, 'fitness': 0.3846738111907893, 'generation': 817}","{'id': 44973, 'rank': 19, 'fitness': 0.3846738111907893, 'generation': 817}","{'id': 45044, 'rank': 20, 'fitness': 0.36694339779693164, 'generation': 817}","{'id': 44980, 'rank': 21, 'fitness': 0.29190304064261446, 'generation': 817}","{'id': 45106, 'rank': 22, 'fitness': 0.18999267070502235, 'generation': 817}","{'id': 45099, 'rank': 23, 'fitness': 0.18090619457671375, 'generation': 817}","{'id': 45064, 'rank': 24, 'fitness': 0.12637266549527626, 'generation': 817}","{'id': 45048, 'rank': 25, 'fitness': 0.11648814674471358, 'generation': 817}","{'id': 45083, 'rank': 26, 'fitness': 0.1071188710866609, 'generation': 817}","{'id': 45083, 'rank': 27, 'fitness': 0.1071188710866609, 'generation': 817}","{'id': 45083, 'rank': 28, 'fitness': 0.1071188710866609, 'generation': 817}","{'id': 45081, 'rank': 29, 'fitness': 0.07553997693440062, 'generation': 817}","{'id': 45115, 'rank': 30, 'fitness': 0.01798620996209155, 'generation': 817}"
"{'id': 45074, 'rank': 1, 'fitness': 0.9820137900379085, 'generation': 818}","{'id': 45074, 'rank': 2, 'fitness': 0.9820137900379085, 'generation': 818}","{'id': 45015, 'rank': 3, 'fitness': 0.8465326063262644, 'generation': 818}","{'id': 45015, 'rank': 4, 'fitness': 0.8465326063262644, 'generation': 818}","{'id': 45103, 'rank': 5, 'fitness': 0.7050459074646467, 'generation': 818}","{'id': 45103, 'rank': 6, 'fitness': 0.7050459074646467, 'generation': 818}","{'id': 45068, 'rank': 7, 'fitness': 0.5574174102313935, 'generation': 818}","{'id': 45068, 'rank': 8, 'fitness': 0.5574174102313935, 'generation': 818}","{'id': 45101, 'rank': 9, 'fitness': 0.4831382080934298, 'generation': 818}","{'id': 44954, 'rank': 10, 'fitness': 0.4543422014964325, 'generation': 818}","{'id': 44954, 'rank': 11, 'fitness': 0.4543422014964325, 'generation': 818}","{'id': 44954, 'rank': 12, 'fitness': 0.4543422014964325, 'generation': 818}","{'id': 44973, 'rank': 13, 'fitness': 0.379135708744448, 'generation': 818}","{'id': 44973, 'rank': 14, 'fitness': 0.379135708744448, 'generation': 818}","{'id': 45130, 'rank': 15, 'fitness': 0.27097228864923617, 'generation': 818}","{'id': 45156, 'rank': 16, 'fitness': 0.20168808842269698, 'generation': 818}","{'id': 45156, 'rank': 17, 'fitness': 0.20168808842269698, 'generation': 818}","{'id': 45156, 'rank': 18, 'fitness': 0.20168808842269698, 'generation': 818}","{'id': 45156, 'rank': 19, 'fitness': 0.20168808842269698, 'generation': 818}","{'id': 45153, 'rank': 20, 'fitness': 0.1563224523249614, 'generation': 818}","{'id': 45167, 'rank': 21, 'fitness': 0.14966290010377675, 'generation': 818}","{'id': 45083, 'rank': 22, 'fitness': 0.10408472963589421, 'generation': 818}","{'id': 45135, 'rank': 23, 'fitness': 0.0861911193217384, 'generation': 818}","{'id': 45161, 'rank': 24, 'fitness': 0.07093939394683713, 'generation': 818}","{'id': 45148, 'rank': 25, 'fitness': 0.06584909218482038, 'generation': 818}","{'id': 45148, 'rank': 26, 'fitness': 0.06584909218482038, 'generation': 818}","{'id': 45159, 'rank': 27, 'fitness': 0.05997723678623246, 'generation': 818}","{'id': 45149, 'rank': 28, 'fitness': 0.058664087833957546, 'generation': 818}","{'id': 45162, 'rank': 29, 'fitness': 0.019701338129368973, 'generation': 818}","{'id': 45154, 'rank': 30, 'fitness': 0.01798620996209155, 'generation': 818}"
"{'id': 45074, 'rank': 1, 'fitness': 0.9820137900379085, 'generation': 819}","{'id': 45015, 'rank': 2, 'fitness': 0.8275549178025827, 'generation': 819}","{'id': 45015, 'rank': 3, 'fitness': 0.8275549178025827, 'generation': 819}","{'id': 45015, 'rank': 4, 'fitness': 0.8275549178025827, 'generation': 819}","{'id': 45015, 'rank': 5, 'fitness': 0.8275549178025827, 'generation': 819}","{'id': 45068, 'rank': 6, 'fitness': 0.5004235988844873, 'generation': 819}","{'id': 45211, 'rank': 7, 'fitness': 0.48140819912604393, 'generation': 819}","{'id': 45172, 'rank': 8, 'fitness': 0.46118459428766384, 'generation': 819}","{'id': 44954, 'rank': 9, 'fitness': 0.3923904476782438, 'generation': 819}","{'id': 44954, 'rank': 10, 'fitness': 0.3923904476782438, 'generation': 819}","{'id': 45185, 'rank': 11, 'fitness': 0.23175907414248947, 'generation': 819}","{'id': 45130, 'rank': 12, 'fitness': 0.21537442848995408, 'generation': 819}","{'id': 45191, 'rank': 13, 'fitness': 0.1926242695504683, 'generation': 819}","{'id': 45191, 'rank': 14, 'fitness': 0.1926242695504683, 'generation': 819}","{'id': 45188, 'rank': 15, 'fitness': 0.1577405999177925, 'generation': 819}","{'id': 45156, 'rank': 16, 'fitness': 0.15415655677289497, 'generation': 819}","{'id': 45156, 'rank': 17, 'fitness': 0.15415655677289497, 'generation': 819}","{'id': 45179, 'rank': 18, 'fitness': 0.1452864389423233, 'generation': 819}","{'id': 45179, 'rank': 19, 'fitness': 0.1452864389423233, 'generation': 819}","{'id': 45193, 'rank': 20, 'fitness': 0.08717187367482992, 'generation': 819}","{'id': 45209, 'rank': 21, 'fitness': 0.07895715208164544, 'generation': 819}","{'id': 45209, 'rank': 22, 'fitness': 0.07895715208164544, 'generation': 819}","{'id': 45083, 'rank': 23, 'fitness': 0.07402632070731863, 'generation': 819}","{'id': 45199, 'rank': 24, 'fitness': 0.0721394889894249, 'generation': 819}","{'id': 45173, 'rank': 25, 'fitness': 0.06837005029923648, 'generation': 819}","{'id': 45148, 'rank': 26, 'fitness': 0.04494152129690182, 'generation': 819}","{'id': 45159, 'rank': 27, 'fitness': 0.040615895185178, 'generation': 819}","{'id': 45183, 'rank': 28, 'fitness': 0.029317714642816295, 'generation': 819}","{'id': 45198, 'rank': 29, 'fitness': 0.02856046358193942, 'generation': 819}","{'id': 45170, 'rank': 30, 'fitness': 0.01798620996209155, 'generation': 819}"
"{'id': 45015, 'rank': 1, 'fitness': 0.9820137900379085, 'generation': 820}","{'id': 45015, 'rank': 2, 'fitness': 0.9820137900379085, 'generation': 820}","{'id': 45015, 'rank': 3, 'fitness': 0.9820137900379085, 'generation': 820}","{'id': 45015, 'rank': 4, 'fitness': 0.9820137900379085, 'generation': 820}","{'id': 45015, 'rank': 5, 'fitness': 0.9820137900379085, 'generation': 820}","{'id': 45235, 'rank': 6, 'fitness': 0.9123779623366264, 'generation': 820}","{'id': 45068, 'rank': 7, 'fitness': 0.8533528974906386, 'generation': 820}","{'id': 45258, 'rank': 8, 'fitness': 0.8304847015700414, 'generation': 820}","{'id': 45258, 'rank': 9, 'fitness': 0.8304847015700414, 'generation': 820}","{'id': 45255, 'rank': 10, 'fitness': 0.8273337447755442, 'generation': 820}","{'id': 45223, 'rank': 11, 'fitness': 0.7717612341800253, 'generation': 820}","{'id': 44954, 'rank': 12, 'fitness': 0.7565479614062576, 'generation': 820}","{'id': 45253, 'rank': 13, 'fitness': 0.7151503655453921, 'generation': 820}","{'id': 45253, 'rank': 14, 'fitness': 0.7151503655453921, 'generation': 820}","{'id': 45259, 'rank': 15, 'fitness': 0.6966176018263045, 'generation': 820}","{'id': 45130, 'rank': 16, 'fitness': 0.477824337062885, 'generation': 820}","{'id': 45130, 'rank': 17, 'fitness': 0.477824337062885, 'generation': 820}","{'id': 45179, 'rank': 18, 'fitness': 0.31570235847599015, 'generation': 820}","{'id': 45248, 'rank': 19, 'fitness': 0.3112454546879039, 'generation': 820}","{'id': 45248, 'rank': 20, 'fitness': 0.3112454546879039, 'generation': 820}","{'id': 45248, 'rank': 21, 'fitness': 0.3112454546879039, 'generation': 820}","{'id': 45237, 'rank': 22, 'fitness': 0.29985568805540685, 'generation': 820}","{'id': 45260, 'rank': 23, 'fitness': 0.2647616645183015, 'generation': 820}","{'id': 45245, 'rank': 24, 'fitness': 0.22030802954767265, 'generation': 820}","{'id': 45245, 'rank': 25, 'fitness': 0.22030802954767265, 'generation': 820}","{'id': 45209, 'rank': 26, 'fitness': 0.14781772985656033, 'generation': 820}","{'id': 45083, 'rank': 27, 'fitness': 0.1356850911682515, 'generation': 820}","{'id': 45148, 'rank': 28, 'fitness': 0.06856382950697437, 'generation': 820}","{'id': 45148, 'rank': 29, 'fitness': 0.06856382950697437, 'generation': 820}","{'id': 45257, 'rank': 30, 'fitness': 0.01798620996209155, 'generation': 820}"
"{'id': 45315, 'rank': 1, 'fitness': 0.9820137900379085, 'generation': 821}","{'id': 45015, 'rank': 2, 'fitness': 0.9805320163863482, 'generation': 821}","{'id': 45015, 'rank': 3, 'fitness': 0.9805320163863482, 'generation': 821}","{'id': 45015, 'rank': 4, 'fitness': 0.9805320163863482, 'generation': 821}","{'id': 45319, 'rank': 5, 'fitness': 0.9790569972038319, 'generation': 821}","{'id': 45319, 'rank': 6, 'fitness': 0.9790569972038319, 'generation': 821}","{'id': 45319, 'rank': 7, 'fitness': 0.9790569972038319, 'generation': 821}","{'id': 45235, 'rank': 8, 'fitness': 0.9362848693666392, 'generation': 821}","{'id': 45223, 'rank': 9, 'fitness': 0.8642852166393447, 'generation': 821}","{'id': 45223, 'rank': 10, 'fitness': 0.8642852166393447, 'generation': 821}","{'id': 45279, 'rank': 11, 'fitness': 0.8592767998207578, 'generation': 821}","{'id': 45284, 'rank': 12, 'fitness': 0.8357836251932353, 'generation': 821}","{'id': 45316, 'rank': 13, 'fitness': 0.8005330389567209, 'generation': 821}","{'id': 45267, 'rank': 14, 'fitness': 0.7263368005246126, 'generation': 821}","{'id': 45130, 'rank': 15, 'fitness': 0.7067534782814187, 'generation': 821}","{'id': 45280, 'rank': 16, 'fitness': 0.6322206282581956, 'generation': 821}","{'id': 45270, 'rank': 17, 'fitness': 0.5879260766571801, 'generation': 821}","{'id': 45237, 'rank': 18, 'fitness': 0.5781656696574172, 'generation': 821}","{'id': 45209, 'rank': 19, 'fitness': 0.4117637098418524, 'generation': 821}","{'id': 45083, 'rank': 20, 'fitness': 0.39392164781061645, 'generation': 821}","{'id': 45278, 'rank': 21, 'fitness': 0.38815294106020126, 'generation': 821}","{'id': 45266, 'rank': 22, 'fitness': 0.38543338573848807, 'generation': 821}","{'id': 45148, 'rank': 23, 'fitness': 0.27014375842400956, 'generation': 821}","{'id': 45148, 'rank': 24, 'fitness': 0.27014375842400956, 'generation': 821}","{'id': 45281, 'rank': 25, 'fitness': 0.15530447392131658, 'generation': 821}","{'id': 45307, 'rank': 26, 'fitness': 0.10087322334264548, 'generation': 821}","{'id': 45274, 'rank': 27, 'fitness': 0.041668780181399856, 'generation': 821}","{'id': 45272, 'rank': 28, 'fitness': 0.028537792226648595, 'generation': 821}","{'id': 45302, 'rank': 29, 'fitness': 0.023820662611307886, 'generation': 821}","{'id': 45283, 'rank': 30, 'fitness': 0.01798620996209155, 'generation': 821}"
"{'id': 45315, 'rank': 1, 'fitness': 0.9820137900379085, 'generation': 822}","{'id': 45015, 'rank': 2, 'fitness': 0.9803909280481573, 'generation': 822}","{'id': 45015, 'rank': 3, 'fitness': 0.9803909280481573, 'generation': 822}","{'id': 45015, 'rank': 4, 'fitness': 0.9803909280481573, 'generation': 822}","{'id': 45015, 'rank': 5, 'fitness': 0.9803909280481573, 'generation': 822}","{'id': 45319, 'rank': 6, 'fitness': 0.9787644761485388, 'generation': 822}","{'id': 45319, 'rank': 7, 'fitness': 0.9787644761485388, 'generation': 822}","{'id': 45223, 'rank': 8, 'fitness': 0.8395919789392239, 'generation': 822}","{'id': 45223, 'rank': 9, 'fitness': 0.8395919789392239, 'generation': 822}","{'id': 45284, 'rank': 10, 'fitness': 0.8038556590544107, 'generation': 822}","{'id': 45316, 'rank': 11, 'fitness': 0.7597531483813357, 'generation': 822}","{'id': 45316, 'rank': 12, 'fitness': 0.7597531483813357, 'generation': 822}","{'id': 45375, 'rank': 13, 'fitness': 0.740137481566154, 'generation': 822}","{'id': 45344, 'rank': 14, 'fitness': 0.6740804923283255, 'generation': 822}","{'id': 45267, 'rank': 15, 'fitness': 0.6682017786773342, 'generation': 822}","{'id': 45371, 'rank': 16, 'fitness': 0.6456333284476987, 'generation': 822}","{'id': 45354, 'rank': 17, 'fitness': 0.6066865779816881, 'generation': 822}","{'id': 45354, 'rank': 18, 'fitness': 0.6066865779816881, 'generation': 822}","{'id': 45349, 'rank': 19, 'fitness': 0.5237098232251525, 'generation': 822}","{'id': 45270, 'rank': 20, 'fitness': 0.5056698229371692, 'generation': 822}","{'id': 45366, 'rank': 21, 'fitness': 0.4200652592634323, 'generation': 822}","{'id': 45209, 'rank': 22, 'fitness': 0.31986260111166004, 'generation': 822}","{'id': 45083, 'rank': 23, 'fitness': 0.3025143405053979, 'generation': 822}","{'id': 45278, 'rank': 24, 'fitness': 0.2969653925795768, 'generation': 822}","{'id': 45266, 'rank': 25, 'fitness': 0.29435966566665406, 'generation': 822}","{'id': 45365, 'rank': 26, 'fitness': 0.2723099328941756, 'generation': 822}","{'id': 45343, 'rank': 27, 'fitness': 0.1767814547943657, 'generation': 822}","{'id': 45332, 'rank': 28, 'fitness': 0.13771307173882746, 'generation': 822}","{'id': 45353, 'rank': 29, 'fitness': 0.1055168621884256, 'generation': 822}","{'id': 45373, 'rank': 30, 'fitness': 0.01798620996209155, 'generation': 822}"
"{'id': 45315, 'rank': 1, 'fitness': 0.9820137900379085, 'generation': 823}","{'id': 45015, 'rank': 2, 'fitness': 0.9805523192392236, 'generation': 823}","{'id': 45015, 'rank': 3, 'fitness': 0.9805523192392236, 'generation': 823}","{'id': 45319, 'rank': 4, 'fitness': 0.9790989350633161, 'generation': 823}","{'id': 45319, 'rank': 5, 'fitness': 0.9790989350633161, 'generation': 823}","{'id': 45381, 'rank': 6, 'fitness': 0.9292239517459644, 'generation': 823}","{'id': 45388, 'rank': 7, 'fitness': 0.9216674122767603, 'generation': 823}","{'id': 45388, 'rank': 8, 'fitness': 0.9216674122767603, 'generation': 823}","{'id': 45388, 'rank': 9, 'fitness': 0.9216674122767603, 'generation': 823}","{'id': 45223, 'rank': 10, 'fitness': 0.8675753475273122, 'generation': 823}","{'id': 45223, 'rank': 11, 'fitness': 0.8675753475273122, 'generation': 823}","{'id': 45223, 'rank': 12, 'fitness': 0.8675753475273122, 'generation': 823}","{'id': 45223, 'rank': 13, 'fitness': 0.8675753475273122, 'generation': 823}","{'id': 45316, 'rank': 14, 'fitness': 0.805974197301189, 'generation': 823}","{'id': 45316, 'rank': 15, 'fitness': 0.805974197301189, 'generation': 823}","{'id': 45375, 'rank': 16, 'fitness': 0.7907472960844696, 'generation': 823}","{'id': 45434, 'rank': 17, 'fitness': 0.7504676889782385, 'generation': 823}","{'id': 45413, 'rank': 18, 'fitness': 0.746877388944421, 'generation': 823}","{'id': 45344, 'rank': 19, 'fitness': 0.7388668236101433, 'generation': 823}","{'id': 45412, 'rank': 20, 'fitness': 0.7219874803991431, 'generation': 823}","{'id': 45371, 'rank': 21, 'fitness': 0.7161467073525151, 'generation': 823}","{'id': 45349, 'rank': 22, 'fitness': 0.6150964792268245, 'generation': 823}","{'id': 45415, 'rank': 23, 'fitness': 0.4664398102156032, 'generation': 823}","{'id': 45385, 'rank': 24, 'fitness': 0.1872249963787898, 'generation': 823}","{'id': 45385, 'rank': 25, 'fitness': 0.1872249963787898, 'generation': 823}","{'id': 45353, 'rank': 26, 'fitness': 0.17511822423420387, 'generation': 823}","{'id': 45387, 'rank': 27, 'fitness': 0.1528002322381113, 'generation': 823}","{'id': 45405, 'rank': 28, 'fitness': 0.09828279607709473, 'generation': 823}","{'id': 45422, 'rank': 29, 'fitness': 0.0885241552119933, 'generation': 823}","{'id': 45430, 'rank': 30, 'fitness': 0.01798620996209155, 'generation': 823}"
"{'id': 45015, 'rank': 1, 'fitness': 0.9820137900379085, 'generation': 824}","{'id': 45441, 'rank': 2, 'fitness': 0.9417975007072782, 'generation': 824}","{'id': 45441, 'rank': 3, 'fitness': 0.9417975007072782, 'generation': 824}","{'id': 45381, 'rank': 4, 'fitness': 0.9359591265583691, 'generation': 824}","{'id': 45388, 'rank': 5, 'fitness': 0.9292148606291231, 'generation': 824}","{'id': 45388, 'rank': 6, 'fitness': 0.9292148606291231, 'generation': 824}","{'id': 45223, 'rank': 7, 'fitness': 0.8809201985868143, 'generation': 824}","{'id': 45459, 'rank': 8, 'fitness': 0.8637878244187946, 'generation': 824}","{'id': 45316, 'rank': 9, 'fitness': 0.8256194783144581, 'generation': 824}","{'id': 45316, 'rank': 10, 'fitness': 0.8256194783144581, 'generation': 824}","{'id': 45375, 'rank': 11, 'fitness': 0.8118706082385581, 'generation': 824}","{'id': 45375, 'rank': 12, 'fitness': 0.8118706082385581, 'generation': 824}","{'id': 45485, 'rank': 13, 'fitness': 0.7996353789136091, 'generation': 824}","{'id': 45485, 'rank': 14, 'fitness': 0.7996353789136091, 'generation': 824}","{'id': 45485, 'rank': 15, 'fitness': 0.7996353789136091, 'generation': 824}","{'id': 45482, 'rank': 16, 'fitness': 0.7926486370361892, 'generation': 824}","{'id': 45412, 'rank': 17, 'fitness': 0.7492870207060376, 'generation': 824}","{'id': 45415, 'rank': 18, 'fitness': 0.5070918743229188, 'generation': 824}","{'id': 45456, 'rank': 19, 'fitness': 0.2775507907215856, 'generation': 824}","{'id': 45438, 'rank': 20, 'fitness': 0.2278214501896737, 'generation': 824}","{'id': 45387, 'rank': 21, 'fitness': 0.17981422343917258, 'generation': 824}","{'id': 45451, 'rank': 22, 'fitness': 0.15791374297786132, 'generation': 824}","{'id': 45449, 'rank': 23, 'fitness': 0.12682579249319997, 'generation': 824}","{'id': 45405, 'rank': 24, 'fitness': 0.11806123251022133, 'generation': 824}","{'id': 45460, 'rank': 25, 'fitness': 0.08784898176191819, 'generation': 824}","{'id': 45499, 'rank': 26, 'fitness': 0.07922390567226018, 'generation': 824}","{'id': 45471, 'rank': 27, 'fitness': 0.07705609460751095, 'generation': 824}","{'id': 45453, 'rank': 28, 'fitness': 0.0719892540801712, 'generation': 824}","{'id': 45491, 'rank': 29, 'fitness': 0.06721305129125105, 'generation': 824}","{'id': 45481, 'rank': 30, 'fitness': 0.01798620996209155, 'generation': 824}"
"{'id': 45523, 'rank': 1, 'fitness': 0.9820137900379085, 'generation': 825}","{'id': 45015, 'rank': 2, 'fitness': 0.9621800188081371, 'generation': 825}","{'id': 45441, 'rank': 3, 'fitness': 0.8874931710102489, 'generation': 825}","{'id': 45441, 'rank': 4, 'fitness': 0.8874931710102489, 'generation': 825}","{'id': 45381, 'rank': 5, 'fitness': 0.8773268319849631, 'generation': 825}","{'id': 45381, 'rank': 6, 'fitness': 0.8773268319849631, 'generation': 825}","{'id': 45388, 'rank': 7, 'fitness': 0.8657605628104825, 'generation': 825}","{'id': 45512, 'rank': 8, 'fitness': 0.85065014128579, 'generation': 825}","{'id': 45512, 'rank': 9, 'fitness': 0.85065014128579, 'generation': 825}","{'id': 45528, 'rank': 10, 'fitness': 0.8239044097899226, 'generation': 825}","{'id': 45316, 'rank': 11, 'fitness': 0.7072481844656693, 'generation': 825}","{'id': 45375, 'rank': 12, 'fitness': 0.6884354520664069, 'generation': 825}","{'id': 45485, 'rank': 13, 'fitness': 0.6720617231245886, 'generation': 825}","{'id': 45485, 'rank': 14, 'fitness': 0.6720617231245886, 'generation': 825}","{'id': 45482, 'rank': 15, 'fitness': 0.6628613867028195, 'generation': 825}","{'id': 45482, 'rank': 16, 'fitness': 0.6628613867028195, 'generation': 825}","{'id': 45438, 'rank': 17, 'fitness': 0.1430209692434964, 'generation': 825}","{'id': 45541, 'rank': 18, 'fitness': 0.13962655319953088, 'generation': 825}","{'id': 45517, 'rank': 19, 'fitness': 0.12674317224560977, 'generation': 825}","{'id': 45387, 'rank': 20, 'fitness': 0.11141701593770414, 'generation': 825}","{'id': 45532, 'rank': 21, 'fitness': 0.10677912247158561, 'generation': 825}","{'id': 45451, 'rank': 22, 'fitness': 0.0973718610136452, 'generation': 825}","{'id': 45525, 'rank': 23, 'fitness': 0.09270414835974605, 'generation': 825}","{'id': 45542, 'rank': 24, 'fitness': 0.07698895898686903, 'generation': 825}","{'id': 45524, 'rank': 25, 'fitness': 0.07215944253400758, 'generation': 825}","{'id': 45531, 'rank': 26, 'fitness': 0.060156309163381216, 'generation': 825}","{'id': 45531, 'rank': 27, 'fitness': 0.060156309163381216, 'generation': 825}","{'id': 45555, 'rank': 28, 'fitness': 0.056885322091168866, 'generation': 825}","{'id': 45520, 'rank': 29, 'fitness': 0.03239036882997476, 'generation': 825}","{'id': 45535, 'rank': 30, 'fitness': 0.01798620996209155, 'generation': 825}"
"{'id': 45523, 'rank': 1, 'fitness': 0.9820137900379085, 'generation': 826}","{'id': 45523, 'rank': 2, 'fitness': 0.9820137900379085, 'generation': 826}","{'id': 45523, 'rank': 3, 'fitness': 0.9820137900379085, 'generation': 826}","{'id': 45581, 'rank': 4, 'fitness': 0.941033081103767, 'generation': 826}","{'id': 45441, 'rank': 5, 'fitness': 0.8891029497636058, 'generation': 826}","{'id': 45381, 'rank': 6, 'fitness': 0.8791496227548619, 'generation': 826}","{'id': 45388, 'rank': 7, 'fitness': 0.8678287708430203, 'generation': 826}","{'id': 45560, 'rank': 8, 'fitness': 0.8543619499534277, 'generation': 826}","{'id': 45560, 'rank': 9, 'fitness': 0.8543619499534277, 'generation': 826}","{'id': 45560, 'rank': 10, 'fitness': 0.8543619499534277, 'generation': 826}","{'id': 45512, 'rank': 11, 'fitness': 0.8530422971942292, 'generation': 826}","{'id': 45563, 'rank': 12, 'fitness': 0.847224831435291, 'generation': 826}","{'id': 45595, 'rank': 13, 'fitness': 0.7391835680221042, 'generation': 826}","{'id': 45595, 'rank': 14, 'fitness': 0.7391835680221042, 'generation': 826}","{'id': 45595, 'rank': 15, 'fitness': 0.7391835680221042, 'generation': 826}","{'id': 45375, 'rank': 16, 'fitness': 0.6941749388456372, 'generation': 826}","{'id': 45482, 'rank': 17, 'fitness': 0.6690621775581161, 'generation': 826}","{'id': 45559, 'rank': 18, 'fitness': 0.5008762258711386, 'generation': 826}","{'id': 45562, 'rank': 19, 'fitness': 0.3253617790823269, 'generation': 826}","{'id': 45561, 'rank': 20, 'fitness': 0.2316939090956177, 'generation': 826}","{'id': 45561, 'rank': 21, 'fitness': 0.2316939090956177, 'generation': 826}","{'id': 45572, 'rank': 22, 'fitness': 0.19021478496621053, 'generation': 826}","{'id': 45572, 'rank': 23, 'fitness': 0.19021478496621053, 'generation': 826}","{'id': 45587, 'rank': 24, 'fitness': 0.16866396855913257, 'generation': 826}","{'id': 45387, 'rank': 25, 'fitness': 0.11656267895831762, 'generation': 826}","{'id': 45542, 'rank': 26, 'fitness': 0.08094292379715684, 'generation': 826}","{'id': 45542, 'rank': 27, 'fitness': 0.08094292379715684, 'generation': 826}","{'id': 45564, 'rank': 28, 'fitness': 0.04211066438246036, 'generation': 826}","{'id': 45579, 'rank': 29, 'fitness': 0.041321970883451076, 'generation': 826}","{'id': 45575, 'rank': 30, 'fitness': 0.01798620996209155, 'generation': 826}"
"{'id': 45650, 'rank': 1, 'fitness': 0.9820137900379085, 'generation': 827}","{'id': 45650, 'rank': 2, 'fitness': 0.9820137900379085, 'generation': 827}","{'id': 45581, 'rank': 3, 'fitness': 0.9711073680911058, 'generation': 827}","{'id': 45581, 'rank': 4, 'fitness': 0.9711073680911058, 'generation': 827}","{'id': 45581, 'rank': 5, 'fitness': 0.9711073680911058, 'generation': 827}","{'id': 45441, 'rank': 6, 'fitness': 0.9362921844640142, 'generation': 827}","{'id': 45381, 'rank': 7, 'fitness': 0.9289588905496968, 'generation': 827}","{'id': 45388, 'rank': 8, 'fitness': 0.9203876741837126, 'generation': 827}","{'id': 45560, 'rank': 9, 'fitness': 0.9098854644060841, 'generation': 827}","{'id': 45560, 'rank': 10, 'fitness': 0.9098854644060841, 'generation': 827}","{'id': 45482, 'rank': 11, 'fitness': 0.737322804472254, 'generation': 827}","{'id': 45658, 'rank': 12, 'fitness': 0.7053520326348741, 'generation': 827}","{'id': 45631, 'rank': 13, 'fitness': 0.6677298090842163, 'generation': 827}","{'id': 45559, 'rank': 14, 'fitness': 0.5474539366685766, 'generation': 827}","{'id': 45656, 'rank': 15, 'fitness': 0.4731255446301115, 'generation': 827}","{'id': 45655, 'rank': 16, 'fitness': 0.46452482110355414, 'generation': 827}","{'id': 45634, 'rank': 17, 'fitness': 0.25501182194925487, 'generation': 827}","{'id': 45587, 'rank': 18, 'fitness': 0.15050267480217006, 'generation': 827}","{'id': 45646, 'rank': 19, 'fitness': 0.1348918963294466, 'generation': 827}","{'id': 45646, 'rank': 20, 'fitness': 0.1348918963294466, 'generation': 827}","{'id': 45609, 'rank': 21, 'fitness': 0.1309378117018717, 'generation': 827}","{'id': 45657, 'rank': 22, 'fitness': 0.09212570118468222, 'generation': 827}","{'id': 45633, 'rank': 23, 'fitness': 0.07070430593095078, 'generation': 827}","{'id': 45633, 'rank': 24, 'fitness': 0.07070430593095078, 'generation': 827}","{'id': 45654, 'rank': 25, 'fitness': 0.06919085572784245, 'generation': 827}","{'id': 45654, 'rank': 26, 'fitness': 0.06919085572784245, 'generation': 827}","{'id': 45630, 'rank': 27, 'fitness': 0.05060087620275128, 'generation': 827}","{'id': 45579, 'rank': 28, 'fitness': 0.02680180386242892, 'generation': 827}","{'id': 45651, 'rank': 29, 'fitness': 0.01806586576575936, 'generation': 827}","{'id': 45641, 'rank': 30, 'fitness': 0.01798620996209155, 'generation': 827}"
"{'id': 45650, 'rank': 1, 'fitness': 0.9820137900379085, 'generation': 828}","{'id': 45581, 'rank': 2, 'fitness': 0.9725858297809239, 'generation': 828}","{'id': 45581, 'rank': 3, 'fitness': 0.9725858297809239, 'generation': 828}","{'id': 45704, 'rank': 4, 'fitness': 0.9458079797883803, 'generation': 828}","{'id': 45441, 'rank': 5, 'fitness': 0.9444765490139604, 'generation': 828}","{'id': 45381, 'rank': 6, 'fitness': 0.9387752445996382, 'generation': 828}","{'id': 45381, 'rank': 7, 'fitness': 0.9387752445996382, 'generation': 828}","{'id': 45388, 'rank': 8, 'fitness': 0.9321735981836576, 'generation': 828}","{'id': 45679, 'rank': 9, 'fitness': 0.9015927402145807, 'generation': 828}","{'id': 45694, 'rank': 10, 'fitness': 0.7976120589013695, 'generation': 828}","{'id': 45658, 'rank': 11, 'fitness': 0.7722899703376347, 'generation': 828}","{'id': 45631, 'rank': 12, 'fitness': 0.7437973987691987, 'generation': 828}","{'id': 45655, 'rank': 13, 'fitness': 0.5791569567216567, 'generation': 828}","{'id': 45655, 'rank': 14, 'fitness': 0.5791569567216567, 'generation': 828}","{'id': 45655, 'rank': 15, 'fitness': 0.5791569567216567, 'generation': 828}","{'id': 45634, 'rank': 16, 'fitness': 0.3758951484247491, 'generation': 828}","{'id': 45686, 'rank': 17, 'fitness': 0.2813145289645189, 'generation': 828}","{'id': 45708, 'rank': 18, 'fitness': 0.26331886791485615, 'generation': 828}","{'id': 45646, 'rank': 19, 'fitness': 0.2304573422878649, 'generation': 828}","{'id': 45688, 'rank': 20, 'fitness': 0.17793481607950024, 'generation': 828}","{'id': 45693, 'rank': 21, 'fitness': 0.15104846114528375, 'generation': 828}","{'id': 45664, 'rank': 22, 'fitness': 0.1444672775640401, 'generation': 828}","{'id': 45633, 'rank': 23, 'fitness': 0.13665756332800627, 'generation': 828}","{'id': 45672, 'rank': 24, 'fitness': 0.09934276268532793, 'generation': 828}","{'id': 45710, 'rank': 25, 'fitness': 0.07488387370677302, 'generation': 828}","{'id': 45676, 'rank': 26, 'fitness': 0.05536210832191313, 'generation': 828}","{'id': 45682, 'rank': 27, 'fitness': 0.037503386989315324, 'generation': 828}","{'id': 45697, 'rank': 28, 'fitness': 0.034299976593438086, 'generation': 828}","{'id': 45702, 'rank': 29, 'fitness': 0.02433807365035351, 'generation': 828}","{'id': 45673, 'rank': 30, 'fitness': 0.01798620996209155, 'generation': 828}"
"{'id': 45723, 'rank': 1, 'fitness': 0.9820137900379085, 'generation': 829}","{'id': 45723, 'rank': 2, 'fitness': 0.9820137900379085, 'generation': 829}","{'id': 45723, 'rank': 3, 'fitness': 0.9820137900379085, 'generation': 829}","{'id': 45581, 'rank': 4, 'fitness': 0.9779975062472832, 'generation': 829}","{'id': 45581, 'rank': 5, 'fitness': 0.9779975062472832, 'generation': 829}","{'id': 45719, 'rank': 6, 'fitness': 0.9554533352665618, 'generation': 829}","{'id': 45758, 'rank': 7, 'fitness': 0.9487106409490794, 'generation': 829}","{'id': 45381, 'rank': 8, 'fitness': 0.9442043940907969, 'generation': 829}","{'id': 45751, 'rank': 9, 'fitness': 0.8567395081006083, 'generation': 829}","{'id': 45694, 'rank': 10, 'fitness': 0.7798260545618981, 'generation': 829}","{'id': 45759, 'rank': 11, 'fitness': 0.7546617691477524, 'generation': 829}","{'id': 45759, 'rank': 12, 'fitness': 0.7546617691477524, 'generation': 829}","{'id': 45658, 'rank': 13, 'fitness': 0.7487210768547276, 'generation': 829}","{'id': 45742, 'rank': 14, 'fitness': 0.7078766604424407, 'generation': 829}","{'id': 45742, 'rank': 15, 'fitness': 0.7078766604424407, 'generation': 829}","{'id': 45742, 'rank': 16, 'fitness': 0.7078766604424407, 'generation': 829}","{'id': 45757, 'rank': 17, 'fitness': 0.6700331597601976, 'generation': 829}","{'id': 45760, 'rank': 18, 'fitness': 0.3690088593055736, 'generation': 829}","{'id': 45760, 'rank': 19, 'fitness': 0.3690088593055736, 'generation': 829}","{'id': 45772, 'rank': 20, 'fitness': 0.2981335917647875, 'generation': 829}","{'id': 45708, 'rank': 21, 'fitness': 0.18265467405914954, 'generation': 829}","{'id': 45646, 'rank': 22, 'fitness': 0.15418370593736508, 'generation': 829}","{'id': 45646, 'rank': 23, 'fitness': 0.15418370593736508, 'generation': 829}","{'id': 45750, 'rank': 24, 'fitness': 0.12597182872668078, 'generation': 829}","{'id': 45750, 'rank': 25, 'fitness': 0.12597182872668078, 'generation': 829}","{'id': 45688, 'rank': 26, 'fitness': 0.11145973259246389, 'generation': 829}","{'id': 45716, 'rank': 27, 'fitness': 0.050460451318425414, 'generation': 829}","{'id': 45753, 'rank': 28, 'fitness': 0.042716910926344664, 'generation': 829}","{'id': 45710, 'rank': 29, 'fitness': 0.038858199429888995, 'generation': 829}","{'id': 45722, 'rank': 30, 'fitness': 0.01798620996209155, 'generation': 829}"
"{'id': 45814, 'rank': 1, 'fitness': 0.9820137900379085, 'generation': 830}","{'id': 45723, 'rank': 2, 'fitness': 0.9133287858962897, 'generation': 830}","{'id': 45723, 'rank': 3, 'fitness': 0.9133287858962897, 'generation': 830}","{'id': 45803, 'rank': 4, 'fitness': 0.8596345344831854, 'generation': 830}","{'id': 45758, 'rank': 5, 'fitness': 0.8298987948906764, 'generation': 830}","{'id': 45758, 'rank': 6, 'fitness': 0.8298987948906764, 'generation': 830}","{'id': 45824, 'rank': 7, 'fitness': 0.7944325705411008, 'generation': 830}","{'id': 45816, 'rank': 8, 'fitness': 0.7696686387243844, 'generation': 830}","{'id': 45816, 'rank': 9, 'fitness': 0.7696686387243844, 'generation': 830}","{'id': 45813, 'rank': 10, 'fitness': 0.730263124987997, 'generation': 830}","{'id': 45813, 'rank': 11, 'fitness': 0.730263124987997, 'generation': 830}","{'id': 45813, 'rank': 12, 'fitness': 0.730263124987997, 'generation': 830}","{'id': 45751, 'rank': 13, 'fitness': 0.6860184390108204, 'generation': 830}","{'id': 45785, 'rank': 14, 'fitness': 0.6325800539661148, 'generation': 830}","{'id': 45759, 'rank': 15, 'fitness': 0.5765358152286482, 'generation': 830}","{'id': 45742, 'rank': 16, 'fitness': 0.534659193237553, 'generation': 830}","{'id': 45775, 'rank': 17, 'fitness': 0.38370571161260836, 'generation': 830}","{'id': 45775, 'rank': 18, 'fitness': 0.38370571161260836, 'generation': 830}","{'id': 45828, 'rank': 19, 'fitness': 0.30814842803054426, 'generation': 830}","{'id': 45760, 'rank': 20, 'fitness': 0.2947303023606709, 'generation': 830}","{'id': 45646, 'rank': 21, 'fitness': 0.15422347169829614, 'generation': 830}","{'id': 45806, 'rank': 22, 'fitness': 0.12809005504944293, 'generation': 830}","{'id': 45688, 'rank': 23, 'fitness': 0.12262912562306066, 'generation': 830}","{'id': 45817, 'rank': 24, 'fitness': 0.09836085990946375, 'generation': 830}","{'id': 45790, 'rank': 25, 'fitness': 0.08289085828689713, 'generation': 830}","{'id': 45797, 'rank': 26, 'fitness': 0.051152893389243725, 'generation': 830}","{'id': 45801, 'rank': 27, 'fitness': 0.039017369324928663, 'generation': 830}","{'id': 45807, 'rank': 28, 'fitness': 0.028914204246473785, 'generation': 830}","{'id': 45776, 'rank': 29, 'fitness': 0.026104219483356006, 'generation': 830}","{'id': 45788, 'rank': 30, 'fitness': 0.01798620996209155, 'generation': 830}"
"{'id': 45853, 'rank': 1, 'fitness': 0.9820137900379085, 'generation': 831}","{'id': 45803, 'rank': 2, 'fitness': 0.9667027096736177, 'generation': 831}","{'id': 45834, 'rank': 3, 'fitness': 0.9586382136101574, 'generation': 831}","{'id': 45758, 'rank': 4, 'fitness': 0.9549507773332956, 'generation': 831}","{'id': 45829, 'rank': 5, 'fitness': 0.9229655571167272, 'generation': 831}","{'id': 45829, 'rank': 6, 'fitness': 0.9229655571167272, 'generation': 831}","{'id': 45813, 'rank': 7, 'fitness': 0.9037107253986236, 'generation': 831}","{'id': 45842, 'rank': 8, 'fitness': 0.8700849201815988, 'generation': 831}","{'id': 45842, 'rank': 9, 'fitness': 0.8700849201815988, 'generation': 831}","{'id': 45785, 'rank': 10, 'fitness': 0.8338206707604534, 'generation': 831}","{'id': 45846, 'rank': 11, 'fitness': 0.6633556012216828, 'generation': 831}","{'id': 45775, 'rank': 12, 'fitness': 0.5512775323293756, 'generation': 831}","{'id': 45857, 'rank': 13, 'fitness': 0.49640180113544635, 'generation': 831}","{'id': 45828, 'rank': 14, 'fitness': 0.4359731777628147, 'generation': 831}","{'id': 45831, 'rank': 15, 'fitness': 0.3727701775818621, 'generation': 831}","{'id': 45877, 'rank': 16, 'fitness': 0.37125523966773555, 'generation': 831}","{'id': 45877, 'rank': 17, 'fitness': 0.37125523966773555, 'generation': 831}","{'id': 45835, 'rank': 18, 'fitness': 0.35961806589290674, 'generation': 831}","{'id': 45862, 'rank': 19, 'fitness': 0.2326376488614178, 'generation': 831}","{'id': 45862, 'rank': 20, 'fitness': 0.2326376488614178, 'generation': 831}","{'id': 45836, 'rank': 21, 'fitness': 0.22164419536218083, 'generation': 831}","{'id': 45646, 'rank': 22, 'fitness': 0.18347536486004418, 'generation': 831}","{'id': 45860, 'rank': 23, 'fitness': 0.16920412438141696, 'generation': 831}","{'id': 45878, 'rank': 24, 'fitness': 0.1299509715809194, 'generation': 831}","{'id': 45817, 'rank': 25, 'fitness': 0.09942308637129077, 'generation': 831}","{'id': 45817, 'rank': 26, 'fitness': 0.09942308637129077, 'generation': 831}","{'id': 45817, 'rank': 27, 'fitness': 0.09942308637129077, 'generation': 831}","{'id': 45852, 'rank': 28, 'fitness': 0.08118499761210557, 'generation': 831}","{'id': 45867, 'rank': 29, 'fitness': 0.028459265607385542, 'generation': 831}","{'id': 45807, 'rank': 30, 'fitness': 0.01798620996209155, 'generation': 831}"
"{'id': 45916, 'rank': 1, 'fitness': 0.9820137900379085, 'generation': 832}","{'id': 45853, 'rank': 2, 'fitness': 0.854732594027353, 'generation': 832}","{'id': 45915, 'rank': 3, 'fitness': 0.7897433224693987, 'generation': 832}","{'id': 45915, 'rank': 4, 'fitness': 0.7897433224693987, 'generation': 832}","{'id': 45915, 'rank': 5, 'fitness': 0.7897433224693987, 'generation': 832}","{'id': 45803, 'rank': 6, 'fitness': 0.7646577816415516, 'generation': 832}","{'id': 45803, 'rank': 7, 'fitness': 0.7646577816415516, 'generation': 832}","{'id': 45922, 'rank': 8, 'fitness': 0.7471810083914237, 'generation': 832}","{'id': 45758, 'rank': 9, 'fitness': 0.7073773308279359, 'generation': 832}","{'id': 45905, 'rank': 10, 'fitness': 0.6927074071672912, 'generation': 832}","{'id': 45892, 'rank': 11, 'fitness': 0.687745534991377, 'generation': 832}","{'id': 45898, 'rank': 12, 'fitness': 0.6122773216146051, 'generation': 832}","{'id': 45904, 'rank': 13, 'fitness': 0.23139363475856634, 'generation': 832}","{'id': 45903, 'rank': 14, 'fitness': 0.2110199427312614, 'generation': 832}","{'id': 45883, 'rank': 15, 'fitness': 0.16418050406693485, 'generation': 832}","{'id': 45883, 'rank': 16, 'fitness': 0.16418050406693485, 'generation': 832}","{'id': 45883, 'rank': 17, 'fitness': 0.16418050406693485, 'generation': 832}","{'id': 45857, 'rank': 18, 'fitness': 0.11897484338383657, 'generation': 832}","{'id': 45900, 'rank': 19, 'fitness': 0.08614814620483335, 'generation': 832}","{'id': 45886, 'rank': 20, 'fitness': 0.08430095383209357, 'generation': 832}","{'id': 45835, 'rank': 21, 'fitness': 0.07370202682817273, 'generation': 832}","{'id': 45835, 'rank': 22, 'fitness': 0.07370202682817273, 'generation': 832}","{'id': 45933, 'rank': 23, 'fitness': 0.06752038095703944, 'generation': 832}","{'id': 45933, 'rank': 24, 'fitness': 0.06752038095703944, 'generation': 832}","{'id': 45885, 'rank': 25, 'fitness': 0.04197694795538964, 'generation': 832}","{'id': 45913, 'rank': 26, 'fitness': 0.03236826189840669, 'generation': 832}","{'id': 45884, 'rank': 27, 'fitness': 0.02311078108996195, 'generation': 832}","{'id': 45878, 'rank': 28, 'fitness': 0.022393066135225792, 'generation': 832}","{'id': 45889, 'rank': 29, 'fitness': 0.02089653661773966, 'generation': 832}","{'id': 45902, 'rank': 30, 'fitness': 0.01798620996209155, 'generation': 832}"
"{'id': 45853, 'rank': 1, 'fitness': 0.9820137900379085, 'generation': 833}","{'id': 45915, 'rank': 2, 'fitness': 0.9677637201458895, 'generation': 833}","{'id': 45915, 'rank': 3, 'fitness': 0.9677637201458895, 'generation': 833}","{'id': 45971, 'rank': 4, 'fitness': 0.9508164908900146, 'generation': 833}","{'id': 45758, 'rank': 5, 'fitness': 0.9434613649091625, 'generation': 833}","{'id': 45969, 'rank': 6, 'fitness': 0.84990355932673, 'generation': 833}","{'id': 45969, 'rank': 7, 'fitness': 0.84990355932673, 'generation': 833}","{'id': 45904, 'rank': 8, 'fitness': 0.5096716110032492, 'generation': 833}","{'id': 45903, 'rank': 9, 'fitness': 0.47028703716225423, 'generation': 833}","{'id': 45984, 'rank': 10, 'fitness': 0.42988413820535243, 'generation': 833}","{'id': 45942, 'rank': 11, 'fitness': 0.4079746617185154, 'generation': 833}","{'id': 45942, 'rank': 12, 'fitness': 0.4079746617185154, 'generation': 833}","{'id': 45942, 'rank': 13, 'fitness': 0.4079746617185154, 'generation': 833}","{'id': 45942, 'rank': 14, 'fitness': 0.4079746617185154, 'generation': 833}","{'id': 45883, 'rank': 15, 'fitness': 0.3704464756243911, 'generation': 833}","{'id': 45857, 'rank': 16, 'fitness': 0.26315097148136707, 'generation': 833}","{'id': 45961, 'rank': 17, 'fitness': 0.22486398686283054, 'generation': 833}","{'id': 45957, 'rank': 18, 'fitness': 0.1817010385400975, 'generation': 833}","{'id': 45900, 'rank': 19, 'fitness': 0.18114379928074742, 'generation': 833}","{'id': 45900, 'rank': 20, 'fitness': 0.18114379928074742, 'generation': 833}","{'id': 45835, 'rank': 21, 'fitness': 0.15000315336271264, 'generation': 833}","{'id': 45946, 'rank': 22, 'fitness': 0.128681418733672, 'generation': 833}","{'id': 45986, 'rank': 23, 'fitness': 0.09681197045330447, 'generation': 833}","{'id': 45945, 'rank': 24, 'fitness': 0.04727167839111007, 'generation': 833}","{'id': 45943, 'rank': 25, 'fitness': 0.04303874399270524, 'generation': 833}","{'id': 45884, 'rank': 26, 'fitness': 0.03386674141583962, 'generation': 833}","{'id': 45878, 'rank': 27, 'fitness': 0.032487061334036504, 'generation': 833}","{'id': 45878, 'rank': 28, 'fitness': 0.032487061334036504, 'generation': 833}","{'id': 45935, 'rank': 29, 'fitness': 0.03089795223383418, 'generation': 833}","{'id': 45980, 'rank': 30, 'fitness': 0.01798620996209155, 'generation': 833}"
"{'id': 45987, 'rank': 1, 'fitness': 0.9820137900379085, 'generation': 834}","{'id': 46018, 'rank': 2, 'fitness': 0.9367280959750215, 'generation': 834}","{'id': 45915, 'rank': 3, 'fitness': 0.9033410964039666, 'generation': 834}","{'id': 45915, 'rank': 4, 'fitness': 0.9033410964039666, 'generation': 834}","{'id': 45915, 'rank': 5, 'fitness': 0.9033410964039666, 'generation': 834}","{'id': 45915, 'rank': 6, 'fitness': 0.9033410964039666, 'generation': 834}","{'id': 45915, 'rank': 7, 'fitness': 0.9033410964039666, 'generation': 834}","{'id': 45758, 'rank': 8, 'fitness': 0.8551083222458026, 'generation': 834}","{'id': 45758, 'rank': 9, 'fitness': 0.8551083222458026, 'generation': 834}","{'id': 46028, 'rank': 10, 'fitness': 0.8275575424610545, 'generation': 834}","{'id': 45969, 'rank': 11, 'fitness': 0.7169284480027553, 'generation': 834}","{'id': 46011, 'rank': 12, 'fitness': 0.7035311204563109, 'generation': 834}","{'id': 46003, 'rank': 13, 'fitness': 0.5509333178931816, 'generation': 834}","{'id': 45991, 'rank': 14, 'fitness': 0.49707113208016496, 'generation': 834}","{'id': 45903, 'rank': 15, 'fitness': 0.3726190685974219, 'generation': 834}","{'id': 46007, 'rank': 16, 'fitness': 0.36261260744671525, 'generation': 834}","{'id': 46007, 'rank': 17, 'fitness': 0.36261260744671525, 'generation': 834}","{'id': 45942, 'rank': 18, 'fitness': 0.32754624873979193, 'generation': 834}","{'id': 45883, 'rank': 19, 'fitness': 0.30091544247932495, 'generation': 834}","{'id': 45857, 'rank': 20, 'fitness': 0.22551670831604514, 'generation': 834}","{'id': 45961, 'rank': 21, 'fitness': 0.19836859035407378, 'generation': 834}","{'id': 46031, 'rank': 22, 'fitness': 0.0937948495216645, 'generation': 834}","{'id': 46006, 'rank': 23, 'fitness': 0.08922950416123498, 'generation': 834}","{'id': 46012, 'rank': 24, 'fitness': 0.08082878272178051, 'generation': 834}","{'id': 46002, 'rank': 25, 'fitness': 0.06377104189288507, 'generation': 834}","{'id': 46002, 'rank': 26, 'fitness': 0.06377104189288507, 'generation': 834}","{'id': 45935, 'rank': 27, 'fitness': 0.042091745567752636, 'generation': 834}","{'id': 45996, 'rank': 28, 'fitness': 0.03285890478229997, 'generation': 834}","{'id': 46016, 'rank': 29, 'fitness': 0.02962410545128147, 'generation': 834}","{'id': 45992, 'rank': 30, 'fitness': 0.01798620996209155, 'generation': 834}"
"{'id': 46069, 'rank': 1, 'fitness': 0.9820137900379085, 'generation': 835}","{'id': 46018, 'rank': 2, 'fitness': 0.9601604092540611, 'generation': 835}","{'id': 46018, 'rank': 3, 'fitness': 0.9601604092540611, 'generation': 835}","{'id': 45915, 'rank': 4, 'fitness': 0.9376936164388536, 'generation': 835}","{'id': 45915, 'rank': 5, 'fitness': 0.9376936164388536, 'generation': 835}","{'id': 45915, 'rank': 6, 'fitness': 0.9376936164388536, 'generation': 835}","{'id': 45758, 'rank': 7, 'fitness': 0.9038590324552694, 'generation': 835}","{'id': 45758, 'rank': 8, 'fitness': 0.9038590324552694, 'generation': 835}","{'id': 46040, 'rank': 9, 'fitness': 0.8138870313380353, 'generation': 835}","{'id': 46011, 'rank': 10, 'fitness': 0.7872315875035448, 'generation': 835}","{'id': 46054, 'rank': 11, 'fitness': 0.6104904009421109, 'generation': 835}","{'id': 45991, 'rank': 12, 'fitness': 0.601517959931541, 'generation': 835}","{'id': 46052, 'rank': 13, 'fitness': 0.4893996032687064, 'generation': 835}","{'id': 46007, 'rank': 14, 'fitness': 0.46168833842274654, 'generation': 835}","{'id': 46007, 'rank': 15, 'fitness': 0.46168833842274654, 'generation': 835}","{'id': 46083, 'rank': 16, 'fitness': 0.35142735964939686, 'generation': 835}","{'id': 45857, 'rank': 17, 'fitness': 0.3017267652565019, 'generation': 835}","{'id': 46031, 'rank': 18, 'fitness': 0.13035593608203389, 'generation': 835}","{'id': 46006, 'rank': 19, 'fitness': 0.1241142743791811, 'generation': 835}","{'id': 46006, 'rank': 20, 'fitness': 0.1241142743791811, 'generation': 835}","{'id': 46086, 'rank': 21, 'fitness': 0.11266112442129861, 'generation': 835}","{'id': 46086, 'rank': 22, 'fitness': 0.11266112442129861, 'generation': 835}","{'id': 46086, 'rank': 23, 'fitness': 0.11266112442129861, 'generation': 835}","{'id': 46094, 'rank': 24, 'fitness': 0.09334876306319739, 'generation': 835}","{'id': 46002, 'rank': 25, 'fitness': 0.0889859835614144, 'generation': 835}","{'id': 46063, 'rank': 26, 'fitness': 0.04965531158391223, 'generation': 835}","{'id': 46080, 'rank': 27, 'fitness': 0.029261381844226497, 'generation': 835}","{'id': 46047, 'rank': 28, 'fitness': 0.02802816046796669, 'generation': 835}","{'id': 46039, 'rank': 29, 'fitness': 0.019049726997210414, 'generation': 835}","{'id': 46053, 'rank': 30, 'fitness': 0.01798620996209155, 'generation': 835}"
"{'id': 46069, 'rank': 1, 'fitness': 0.9820137900379085, 'generation': 836}","{'id': 46108, 'rank': 2, 'fitness': 0.9816434968572871, 'generation': 836}","{'id': 46130, 'rank': 3, 'fitness': 0.9764908052072631, 'generation': 836}","{'id': 46129, 'rank': 4, 'fitness': 0.9725709062085903, 'generation': 836}","{'id': 46018, 'rank': 5, 'fitness': 0.9658031949675147, 'generation': 836}","{'id': 45915, 'rank': 6, 'fitness': 0.9507932551019705, 'generation': 836}","{'id': 45915, 'rank': 7, 'fitness': 0.9507932551019705, 'generation': 836}","{'id': 45915, 'rank': 8, 'fitness': 0.9507932551019705, 'generation': 836}","{'id': 45915, 'rank': 9, 'fitness': 0.9507932551019705, 'generation': 836}","{'id': 46096, 'rank': 10, 'fitness': 0.9243187177150649, 'generation': 836}","{'id': 46054, 'rank': 11, 'fitness': 0.7573027422717171, 'generation': 836}","{'id': 46007, 'rank': 12, 'fitness': 0.6574500787895533, 'generation': 836}","{'id': 46156, 'rank': 13, 'fitness': 0.5935281528869248, 'generation': 836}","{'id': 46156, 'rank': 14, 'fitness': 0.5935281528869248, 'generation': 836}","{'id': 46156, 'rank': 15, 'fitness': 0.5935281528869248, 'generation': 836}","{'id': 46156, 'rank': 16, 'fitness': 0.5935281528869248, 'generation': 836}","{'id': 46156, 'rank': 17, 'fitness': 0.5935281528869248, 'generation': 836}","{'id': 45857, 'rank': 18, 'fitness': 0.5248189988586552, 'generation': 836}","{'id': 46031, 'rank': 19, 'fitness': 0.319939514244147, 'generation': 836}","{'id': 46002, 'rank': 20, 'fitness': 0.24987848846962646, 'generation': 836}","{'id': 46105, 'rank': 21, 'fitness': 0.15733037370267244, 'generation': 836}","{'id': 46105, 'rank': 22, 'fitness': 0.15733037370267244, 'generation': 836}","{'id': 46047, 'rank': 23, 'fitness': 0.11079011219377943, 'generation': 836}","{'id': 46117, 'rank': 24, 'fitness': 0.09619904170003757, 'generation': 836}","{'id': 46053, 'rank': 25, 'fitness': 0.07954413755134676, 'generation': 836}","{'id': 46116, 'rank': 26, 'fitness': 0.07320481214976027, 'generation': 836}","{'id': 46138, 'rank': 27, 'fitness': 0.05667592711934488, 'generation': 836}","{'id': 46138, 'rank': 28, 'fitness': 0.05667592711934488, 'generation': 836}","{'id': 46150, 'rank': 29, 'fitness': 0.02653828062955982, 'generation': 836}","{'id': 46111, 'rank': 30, 'fitness': 0.01798620996209155, 'generation': 836}"
"{'id': 46194, 'rank': 1, 'fitness': 0.9820137900379085, 'generation': 837}","{'id': 46187, 'rank': 2, 'fitness': 0.9152873837811721, 'generation': 837}","{'id': 46187, 'rank': 3, 'fitness': 0.9152873837811721, 'generation': 837}","{'id': 46069, 'rank': 4, 'fitness': 0.8629570686743135, 'generation': 837}","{'id': 46069, 'rank': 5, 'fitness': 0.8629570686743135, 'generation': 837}","{'id': 46204, 'rank': 6, 'fitness': 0.8587349402744135, 'generation': 837}","{'id': 46188, 'rank': 7, 'fitness': 0.8231452644626804, 'generation': 837}","{'id': 46129, 'rank': 8, 'fitness': 0.8148158187495854, 'generation': 837}","{'id': 46161, 'rank': 9, 'fitness': 0.8034985612257786, 'generation': 837}","{'id': 46018, 'rank': 10, 'fitness': 0.7846007956411463, 'generation': 837}","{'id': 46018, 'rank': 11, 'fitness': 0.7846007956411463, 'generation': 837}","{'id': 45915, 'rank': 12, 'fitness': 0.726609246257927, 'generation': 837}","{'id': 45915, 'rank': 13, 'fitness': 0.726609246257927, 'generation': 837}","{'id': 45915, 'rank': 14, 'fitness': 0.726609246257927, 'generation': 837}","{'id': 46096, 'rank': 15, 'fitness': 0.6448644715163058, 'generation': 837}","{'id': 46206, 'rank': 16, 'fitness': 0.4549477487359926, 'generation': 837}","{'id': 46206, 'rank': 17, 'fitness': 0.4549477487359926, 'generation': 837}","{'id': 46195, 'rank': 18, 'fitness': 0.3523117788877753, 'generation': 837}","{'id': 46195, 'rank': 19, 'fitness': 0.3523117788877753, 'generation': 837}","{'id': 46156, 'rank': 20, 'fitness': 0.23735573199625498, 'generation': 837}","{'id': 46156, 'rank': 21, 'fitness': 0.23735573199625498, 'generation': 837}","{'id': 46201, 'rank': 22, 'fitness': 0.16615808352482497, 'generation': 837}","{'id': 46180, 'rank': 23, 'fitness': 0.12888439477143177, 'generation': 837}","{'id': 46198, 'rank': 24, 'fitness': 0.10837050351722782, 'generation': 837}","{'id': 46031, 'rank': 25, 'fitness': 0.10834293549975499, 'generation': 837}","{'id': 46209, 'rank': 26, 'fitness': 0.09236571771113966, 'generation': 837}","{'id': 46002, 'rank': 27, 'fitness': 0.08359693823535447, 'generation': 837}","{'id': 46117, 'rank': 28, 'fitness': 0.03416147312318729, 'generation': 837}","{'id': 46164, 'rank': 29, 'fitness': 0.01819890126281276, 'generation': 837}","{'id': 46172, 'rank': 30, 'fitness': 0.01798620996209155, 'generation': 837}"
"{'id': 46187, 'rank': 1, 'fitness': 0.9820137900379085, 'generation': 838}","{'id': 46069, 'rank': 2, 'fitness': 0.9652095739747315, 'generation': 838}","{'id': 46129, 'rank': 3, 'fitness': 0.9465219135697203, 'generation': 838}","{'id': 46018, 'rank': 4, 'fitness': 0.9331814752269056, 'generation': 838}","{'id': 46018, 'rank': 5, 'fitness': 0.9331814752269056, 'generation': 838}","{'id': 46219, 'rank': 6, 'fitness': 0.9321194517956388, 'generation': 838}","{'id': 45915, 'rank': 7, 'fitness': 0.9039051367913515, 'generation': 838}","{'id': 46096, 'rank': 8, 'fitness': 0.8536738617423443, 'generation': 838}","{'id': 46096, 'rank': 9, 'fitness': 0.8536738617423443, 'generation': 838}","{'id': 46233, 'rank': 10, 'fitness': 0.8490157915307193, 'generation': 838}","{'id': 46236, 'rank': 11, 'fitness': 0.8366935369646856, 'generation': 838}","{'id': 46253, 'rank': 12, 'fitness': 0.7124422401716718, 'generation': 838}","{'id': 46215, 'rank': 13, 'fitness': 0.6319758908621346, 'generation': 838}","{'id': 46249, 'rank': 14, 'fitness': 0.5759766859381997, 'generation': 838}","{'id': 46195, 'rank': 15, 'fitness': 0.5627153406807166, 'generation': 838}","{'id': 46264, 'rank': 16, 'fitness': 0.3594196285626648, 'generation': 838}","{'id': 46255, 'rank': 17, 'fitness': 0.33849900693145707, 'generation': 838}","{'id': 46268, 'rank': 18, 'fitness': 0.32647409923309434, 'generation': 838}","{'id': 46239, 'rank': 19, 'fitness': 0.3094717231504304, 'generation': 838}","{'id': 46248, 'rank': 20, 'fitness': 0.28614380546093277, 'generation': 838}","{'id': 46265, 'rank': 21, 'fitness': 0.26247529142919956, 'generation': 838}","{'id': 46260, 'rank': 22, 'fitness': 0.22932667250776095, 'generation': 838}","{'id': 46198, 'rank': 23, 'fitness': 0.16424959549066376, 'generation': 838}","{'id': 46214, 'rank': 24, 'fitness': 0.15222226679863432, 'generation': 838}","{'id': 46244, 'rank': 25, 'fitness': 0.08171363012336624, 'generation': 838}","{'id': 46241, 'rank': 26, 'fitness': 0.05856674651915589, 'generation': 838}","{'id': 46245, 'rank': 27, 'fitness': 0.04115051377663864, 'generation': 838}","{'id': 46225, 'rank': 28, 'fitness': 0.03387410729601936, 'generation': 838}","{'id': 46225, 'rank': 29, 'fitness': 0.03387410729601936, 'generation': 838}","{'id': 46172, 'rank': 30, 'fitness': 0.01798620996209155, 'generation': 838}"
"{'id': 46187, 'rank': 1, 'fitness': 0.9820137900379085, 'generation': 839}","{'id': 46018, 'rank': 2, 'fitness': 0.9252682115929536, 'generation': 839}","{'id': 46018, 'rank': 3, 'fitness': 0.9252682115929536, 'generation': 839}","{'id': 46219, 'rank': 4, 'fitness': 0.9239858034808848, 'generation': 839}","{'id': 46096, 'rank': 5, 'fitness': 0.8272351015522851, 'generation': 839}","{'id': 46096, 'rank': 6, 'fitness': 0.8272351015522851, 'generation': 839}","{'id': 46096, 'rank': 7, 'fitness': 0.8272351015522851, 'generation': 839}","{'id': 46096, 'rank': 8, 'fitness': 0.8272351015522851, 'generation': 839}","{'id': 46233, 'rank': 9, 'fitness': 0.8214345129150911, 'generation': 839}","{'id': 46233, 'rank': 10, 'fitness': 0.8214345129150911, 'generation': 839}","{'id': 46306, 'rank': 11, 'fitness': 0.7949751188719427, 'generation': 839}","{'id': 46306, 'rank': 12, 'fitness': 0.7949751188719427, 'generation': 839}","{'id': 46271, 'rank': 13, 'fitness': 0.7263706969394554, 'generation': 839}","{'id': 46289, 'rank': 14, 'fitness': 0.6407654150917005, 'generation': 839}","{'id': 46289, 'rank': 15, 'fitness': 0.6407654150917005, 'generation': 839}","{'id': 46296, 'rank': 16, 'fitness': 0.5810029390213565, 'generation': 839}","{'id': 46296, 'rank': 17, 'fitness': 0.5810029390213565, 'generation': 839}","{'id': 46307, 'rank': 18, 'fitness': 0.5218128162052932, 'generation': 839}","{'id': 46270, 'rank': 19, 'fitness': 0.30880647170070463, 'generation': 839}","{'id': 46255, 'rank': 20, 'fitness': 0.2530260473636965, 'generation': 839}","{'id': 46255, 'rank': 21, 'fitness': 0.2530260473636965, 'generation': 839}","{'id': 46239, 'rank': 22, 'fitness': 0.22673293738014189, 'generation': 839}","{'id': 46214, 'rank': 23, 'fitness': 0.09776205810049055, 'generation': 839}","{'id': 46312, 'rank': 24, 'fitness': 0.08694494931152374, 'generation': 839}","{'id': 46299, 'rank': 25, 'fitness': 0.0799947194856192, 'generation': 839}","{'id': 46299, 'rank': 26, 'fitness': 0.0799947194856192, 'generation': 839}","{'id': 46292, 'rank': 27, 'fitness': 0.04300699027710586, 'generation': 839}","{'id': 46241, 'rank': 28, 'fitness': 0.0330559733507817, 'generation': 839}","{'id': 46225, 'rank': 29, 'fitness': 0.01798620996209155, 'generation': 839}","{'id': 46225, 'rank': 30, 'fitness': 0.01798620996209155, 'generation': 839}"
"{'id': 46348, 'rank': 1, 'fitness': 0.9820137900379085, 'generation': 840}","{'id': 46348, 'rank': 2, 'fitness': 0.9820137900379085, 'generation': 840}","{'id': 46353, 'rank': 3, 'fitness': 0.9584100218288383, 'generation': 840}","{'id': 46349, 'rank': 4, 'fitness': 0.9582492574544694, 'generation': 840}","{'id': 46341, 'rank': 5, 'fitness': 0.9519984993139803, 'generation': 840}","{'id': 46096, 'rank': 6, 'fitness': 0.9471040136218205, 'generation': 840}","{'id': 46096, 'rank': 7, 'fitness': 0.9471040136218205, 'generation': 840}","{'id': 46096, 'rank': 8, 'fitness': 0.9471040136218205, 'generation': 840}","{'id': 46096, 'rank': 9, 'fitness': 0.9471040136218205, 'generation': 840}","{'id': 46306, 'rank': 10, 'fitness': 0.9323973344115657, 'generation': 840}","{'id': 46354, 'rank': 11, 'fitness': 0.9254450136202576, 'generation': 840}","{'id': 46319, 'rank': 12, 'fitness': 0.8966318501080677, 'generation': 840}","{'id': 46271, 'rank': 13, 'fitness': 0.8961758470763107, 'generation': 840}","{'id': 46289, 'rank': 14, 'fitness': 0.8407242870012461, 'generation': 840}","{'id': 46307, 'rank': 15, 'fitness': 0.7418892242499645, 'generation': 840}","{'id': 46323, 'rank': 16, 'fitness': 0.7388320365503284, 'generation': 840}","{'id': 46323, 'rank': 17, 'fitness': 0.7388320365503284, 'generation': 840}","{'id': 46318, 'rank': 18, 'fitness': 0.6743296325776698, 'generation': 840}","{'id': 46330, 'rank': 19, 'fitness': 0.6516630344337233, 'generation': 840}","{'id': 46352, 'rank': 20, 'fitness': 0.5304704741538224, 'generation': 840}","{'id': 46270, 'rank': 21, 'fitness': 0.4878015346544583, 'generation': 840}","{'id': 46255, 'rank': 22, 'fitness': 0.40342050829424114, 'generation': 840}","{'id': 46239, 'rank': 23, 'fitness': 0.36129623346842615, 'generation': 840}","{'id': 46363, 'rank': 24, 'fitness': 0.18383920973616857, 'generation': 840}","{'id': 46336, 'rank': 25, 'fitness': 0.15150848854573679, 'generation': 840}","{'id': 46372, 'rank': 26, 'fitness': 0.04336674292326659, 'generation': 840}","{'id': 46366, 'rank': 27, 'fitness': 0.0375366620314011, 'generation': 840}","{'id': 46370, 'rank': 28, 'fitness': 0.022743573817566143, 'generation': 840}","{'id': 46370, 'rank': 29, 'fitness': 0.022743573817566143, 'generation': 840}","{'id': 46225, 'rank': 30, 'fitness': 0.01798620996209155, 'generation': 840}"
"{'id': 46353, 'rank': 1, 'fitness': 0.9820137900379085, 'generation': 841}","{'id': 46353, 'rank': 2, 'fitness': 0.9820137900379085, 'generation': 841}","{'id': 46096, 'rank': 3, 'fitness': 0.9775985930345359, 'generation': 841}","{'id': 46096, 'rank': 4, 'fitness': 0.9775985930345359, 'generation': 841}","{'id': 46096, 'rank': 5, 'fitness': 0.9775985930345359, 'generation': 841}","{'id': 46096, 'rank': 6, 'fitness': 0.9775985930345359, 'generation': 841}","{'id': 46096, 'rank': 7, 'fitness': 0.9775985930345359, 'generation': 841}","{'id': 46096, 'rank': 8, 'fitness': 0.9775985930345359, 'generation': 841}","{'id': 46354, 'rank': 9, 'fitness': 0.969252996939199, 'generation': 841}","{'id': 46289, 'rank': 10, 'fitness': 0.9365267988455828, 'generation': 841}","{'id': 46401, 'rank': 11, 'fitness': 0.872998051942198, 'generation': 841}","{'id': 46318, 'rank': 12, 'fitness': 0.8653851289837284, 'generation': 841}","{'id': 46352, 'rank': 13, 'fitness': 0.7896676821186902, 'generation': 841}","{'id': 46270, 'rank': 14, 'fitness': 0.7633715312797393, 'generation': 841}","{'id': 46414, 'rank': 15, 'fitness': 0.7495948624440962, 'generation': 841}","{'id': 46419, 'rank': 16, 'fitness': 0.5513857835423533, 'generation': 841}","{'id': 46397, 'rank': 17, 'fitness': 0.5501041168672757, 'generation': 841}","{'id': 46399, 'rank': 18, 'fitness': 0.5413503025930355, 'generation': 841}","{'id': 46408, 'rank': 19, 'fitness': 0.48036912390421216, 'generation': 841}","{'id': 46395, 'rank': 20, 'fitness': 0.23496080028441196, 'generation': 841}","{'id': 46420, 'rank': 21, 'fitness': 0.17831556080254218, 'generation': 841}","{'id': 46409, 'rank': 22, 'fitness': 0.14483613441527482, 'generation': 841}","{'id': 46409, 'rank': 23, 'fitness': 0.14483613441527482, 'generation': 841}","{'id': 46370, 'rank': 24, 'fitness': 0.10678742760585758, 'generation': 841}","{'id': 46370, 'rank': 25, 'fitness': 0.10678742760585758, 'generation': 841}","{'id': 46370, 'rank': 26, 'fitness': 0.10678742760585758, 'generation': 841}","{'id': 46388, 'rank': 27, 'fitness': 0.045343856287292594, 'generation': 841}","{'id': 46432, 'rank': 28, 'fitness': 0.04096477156723072, 'generation': 841}","{'id': 46407, 'rank': 29, 'fitness': 0.03166230733492337, 'generation': 841}","{'id': 46411, 'rank': 30, 'fitness': 0.01798620996209155, 'generation': 841}"
"{'id': 46448, 'rank': 1, 'fitness': 0.9820137900379085, 'generation': 842}","{'id': 46353, 'rank': 2, 'fitness': 0.9771257008978766, 'generation': 842}","{'id': 46096, 'rank': 3, 'fitness': 0.9721125604583234, 'generation': 842}","{'id': 46096, 'rank': 4, 'fitness': 0.9721125604583234, 'generation': 842}","{'id': 46354, 'rank': 5, 'fitness': 0.9628928470505111, 'generation': 842}","{'id': 46484, 'rank': 6, 'fitness': 0.9513243669302952, 'generation': 842}","{'id': 46289, 'rank': 7, 'fitness': 0.9287185928388011, 'generation': 842}","{'id': 46486, 'rank': 8, 'fitness': 0.9247475772215863, 'generation': 842}","{'id': 46477, 'rank': 9, 'fitness': 0.8486935373225257, 'generation': 842}","{'id': 46270, 'rank': 10, 'fitness': 0.7662875873726869, 'generation': 842}","{'id': 46270, 'rank': 11, 'fitness': 0.7662875873726869, 'generation': 842}","{'id': 46485, 'rank': 12, 'fitness': 0.7560770896954289, 'generation': 842}","{'id': 46465, 'rank': 13, 'fitness': 0.5784058153241327, 'generation': 842}","{'id': 46397, 'rank': 14, 'fitness': 0.5761595680432215, 'generation': 842}","{'id': 46397, 'rank': 15, 'fitness': 0.5761595680432215, 'generation': 842}","{'id': 46471, 'rank': 16, 'fitness': 0.4873404174092705, 'generation': 842}","{'id': 46447, 'rank': 17, 'fitness': 0.4819898017077954, 'generation': 842}","{'id': 46447, 'rank': 18, 'fitness': 0.4819898017077954, 'generation': 842}","{'id': 46446, 'rank': 19, 'fitness': 0.40900393090403653, 'generation': 842}","{'id': 46464, 'rank': 20, 'fitness': 0.3571751250711497, 'generation': 842}","{'id': 46455, 'rank': 21, 'fitness': 0.3519086486158689, 'generation': 842}","{'id': 46470, 'rank': 22, 'fitness': 0.3477266171645421, 'generation': 842}","{'id': 46441, 'rank': 23, 'fitness': 0.28434022725740504, 'generation': 842}","{'id': 46441, 'rank': 24, 'fitness': 0.28434022725740504, 'generation': 842}","{'id': 46437, 'rank': 25, 'fitness': 0.26184668012507983, 'generation': 842}","{'id': 46474, 'rank': 26, 'fitness': 0.24992720705211607, 'generation': 842}","{'id': 46409, 'rank': 27, 'fitness': 0.18438221612204653, 'generation': 842}","{'id': 46454, 'rank': 28, 'fitness': 0.08943038635496514, 'generation': 842}","{'id': 46461, 'rank': 29, 'fitness': 0.03636184611202953, 'generation': 842}","{'id': 46472, 'rank': 30, 'fitness': 0.01798620996209155, 'generation': 842}"
"{'id': 46512, 'rank': 1, 'fitness': 0.9820137900379085, 'generation': 843}","{'id': 46448, 'rank': 2, 'fitness': 0.9776142850864654, 'generation': 843}","{'id': 46096, 'rank': 3, 'fitness': 0.9654562484356024, 'generation': 843}","{'id': 46096, 'rank': 4, 'fitness': 0.9654562484356024, 'generation': 843}","{'id': 46484, 'rank': 5, 'fitness': 0.9401857297343332, 'generation': 843}","{'id': 46289, 'rank': 6, 'fitness': 0.9130520993217635, 'generation': 843}","{'id': 46289, 'rank': 7, 'fitness': 0.9130520993217635, 'generation': 843}","{'id': 46486, 'rank': 8, 'fitness': 0.9083204141336026, 'generation': 843}","{'id': 46486, 'rank': 9, 'fitness': 0.9083204141336026, 'generation': 843}","{'id': 46530, 'rank': 10, 'fitness': 0.8898453606865353, 'generation': 843}","{'id': 46521, 'rank': 11, 'fitness': 0.8202907662261183, 'generation': 843}","{'id': 46477, 'rank': 12, 'fitness': 0.8195330798259788, 'generation': 843}","{'id': 46523, 'rank': 13, 'fitness': 0.8148636646158414, 'generation': 843}","{'id': 46511, 'rank': 14, 'fitness': 0.6667823936085973, 'generation': 843}","{'id': 46537, 'rank': 15, 'fitness': 0.388954272590345, 'generation': 843}","{'id': 46527, 'rank': 16, 'fitness': 0.3712537757356457, 'generation': 843}","{'id': 46549, 'rank': 17, 'fitness': 0.3411689962963209, 'generation': 843}","{'id': 46532, 'rank': 18, 'fitness': 0.32767017643144114, 'generation': 843}","{'id': 46540, 'rank': 19, 'fitness': 0.3150715359927627, 'generation': 843}","{'id': 46455, 'rank': 20, 'fitness': 0.30800917409462225, 'generation': 843}","{'id': 46535, 'rank': 21, 'fitness': 0.30115881834672686, 'generation': 843}","{'id': 46503, 'rank': 22, 'fitness': 0.2804165548700773, 'generation': 843}","{'id': 46474, 'rank': 23, 'fitness': 0.21497630411854524, 'generation': 843}","{'id': 46409, 'rank': 24, 'fitness': 0.15695554998949124, 'generation': 843}","{'id': 46533, 'rank': 25, 'fitness': 0.11552832921293277, 'generation': 843}","{'id': 46524, 'rank': 26, 'fitness': 0.107689091137813, 'generation': 843}","{'id': 46524, 'rank': 27, 'fitness': 0.107689091137813, 'generation': 843}","{'id': 46454, 'rank': 28, 'fitness': 0.07513943486473951, 'generation': 843}","{'id': 46526, 'rank': 29, 'fitness': 0.05312678883948102, 'generation': 843}","{'id': 46553, 'rank': 30, 'fitness': 0.01798620996209155, 'generation': 843}"
"{'id': 46559, 'rank': 1, 'fitness': 0.9820137900379085, 'generation': 844}","{'id': 46586, 'rank': 2, 'fitness': 0.9709542705851891, 'generation': 844}","{'id': 46096, 'rank': 3, 'fitness': 0.9677260398993347, 'generation': 844}","{'id': 46569, 'rank': 4, 'fitness': 0.9436931200879166, 'generation': 844}","{'id': 46569, 'rank': 5, 'fitness': 0.9436931200879166, 'generation': 844}","{'id': 46594, 'rank': 6, 'fitness': 0.9398040873930036, 'generation': 844}","{'id': 46594, 'rank': 7, 'fitness': 0.9398040873930036, 'generation': 844}","{'id': 46289, 'rank': 8, 'fitness': 0.9171221622012242, 'generation': 844}","{'id': 46289, 'rank': 9, 'fitness': 0.9171221622012242, 'generation': 844}","{'id': 46590, 'rank': 10, 'fitness': 0.9025700091494928, 'generation': 844}","{'id': 46521, 'rank': 11, 'fitness': 0.8256996660869204, 'generation': 844}","{'id': 46521, 'rank': 12, 'fitness': 0.8256996660869204, 'generation': 844}","{'id': 46477, 'rank': 13, 'fitness': 0.8249463492823041, 'generation': 844}","{'id': 46523, 'rank': 14, 'fitness': 0.8203019399135268, 'generation': 844}","{'id': 46523, 'rank': 15, 'fitness': 0.8203019399135268, 'generation': 844}","{'id': 46598, 'rank': 16, 'fitness': 0.8029853851566111, 'generation': 844}","{'id': 46607, 'rank': 17, 'fitness': 0.5645107830515163, 'generation': 844}","{'id': 46600, 'rank': 18, 'fitness': 0.5390600099405799, 'generation': 844}","{'id': 46609, 'rank': 19, 'fitness': 0.39439770416092274, 'generation': 844}","{'id': 46609, 'rank': 20, 'fitness': 0.39439770416092274, 'generation': 844}","{'id': 46409, 'rank': 21, 'fitness': 0.15413769769521385, 'generation': 844}","{'id': 46593, 'rank': 22, 'fitness': 0.15071186380589263, 'generation': 844}","{'id': 46583, 'rank': 23, 'fitness': 0.1473198598323041, 'generation': 844}","{'id': 46563, 'rank': 24, 'fitness': 0.11145994248968732, 'generation': 844}","{'id': 46563, 'rank': 25, 'fitness': 0.11145994248968732, 'generation': 844}","{'id': 46610, 'rank': 26, 'fitness': 0.10840102184749989, 'generation': 844}","{'id': 46524, 'rank': 27, 'fitness': 0.10489719620366805, 'generation': 844}","{'id': 46601, 'rank': 28, 'fitness': 0.08581238942245484, 'generation': 844}","{'id': 46573, 'rank': 29, 'fitness': 0.029280775542513293, 'generation': 844}","{'id': 46591, 'rank': 30, 'fitness': 0.01798620996209155, 'generation': 844}"
"{'id': 46672, 'rank': 1, 'fitness': 0.9820137900379085, 'generation': 845}","{'id': 46672, 'rank': 2, 'fitness': 0.9820137900379085, 'generation': 845}","{'id': 46559, 'rank': 3, 'fitness': 0.9696614056473267, 'generation': 845}","{'id': 46559, 'rank': 4, 'fitness': 0.9696614056473267, 'generation': 845}","{'id': 46648, 'rank': 5, 'fitness': 0.9611313158121997, 'generation': 845}","{'id': 46289, 'rank': 6, 'fitness': 0.8605612620095437, 'generation': 845}","{'id': 46637, 'rank': 7, 'fitness': 0.7446628880390554, 'generation': 845}","{'id': 46653, 'rank': 8, 'fitness': 0.7370302861493226, 'generation': 845}","{'id': 46521, 'rank': 9, 'fitness': 0.7202676230979792, 'generation': 845}","{'id': 46670, 'rank': 10, 'fitness': 0.38358951701928135, 'generation': 845}","{'id': 46670, 'rank': 11, 'fitness': 0.38358951701928135, 'generation': 845}","{'id': 46670, 'rank': 12, 'fitness': 0.38358951701928135, 'generation': 845}","{'id': 46609, 'rank': 13, 'fitness': 0.24997490311694825, 'generation': 845}","{'id': 46609, 'rank': 14, 'fitness': 0.24997490311694825, 'generation': 845}","{'id': 46665, 'rank': 15, 'fitness': 0.18339132178588852, 'generation': 845}","{'id': 46666, 'rank': 16, 'fitness': 0.1130952812381873, 'generation': 845}","{'id': 46593, 'rank': 17, 'fitness': 0.0802932720897982, 'generation': 845}","{'id': 46671, 'rank': 18, 'fitness': 0.07903553704914218, 'generation': 845}","{'id': 46655, 'rank': 19, 'fitness': 0.07860244566337027, 'generation': 845}","{'id': 46663, 'rank': 20, 'fitness': 0.06691990980385121, 'generation': 845}","{'id': 46627, 'rank': 21, 'fitness': 0.06649339395807435, 'generation': 845}","{'id': 46563, 'rank': 22, 'fitness': 0.05755252346648493, 'generation': 845}","{'id': 46563, 'rank': 23, 'fitness': 0.05755252346648493, 'generation': 845}","{'id': 46610, 'rank': 24, 'fitness': 0.055829966648091034, 'generation': 845}","{'id': 46610, 'rank': 25, 'fitness': 0.055829966648091034, 'generation': 845}","{'id': 46610, 'rank': 26, 'fitness': 0.055829966648091034, 'generation': 845}","{'id': 46657, 'rank': 27, 'fitness': 0.04764302433422174, 'generation': 845}","{'id': 46634, 'rank': 28, 'fitness': 0.0449450992884296, 'generation': 845}","{'id': 46664, 'rank': 29, 'fitness': 0.03407815369652478, 'generation': 845}","{'id': 46640, 'rank': 30, 'fitness': 0.01798620996209155, 'generation': 845}"
"{'id': 46692, 'rank': 1, 'fitness': 0.9820137900379085, 'generation': 846}","{'id': 46692, 'rank': 2, 'fitness': 0.9820137900379085, 'generation': 846}","{'id': 46687, 'rank': 3, 'fitness': 0.9638524933921347, 'generation': 846}","{'id': 46704, 'rank': 4, 'fitness': 0.9494628553062623, 'generation': 846}","{'id': 46672, 'rank': 5, 'fitness': 0.9423188807021898, 'generation': 846}","{'id': 46672, 'rank': 6, 'fitness': 0.9423188807021898, 'generation': 846}","{'id': 46711, 'rank': 7, 'fitness': 0.9186201437797603, 'generation': 846}","{'id': 46559, 'rank': 8, 'fitness': 0.905565414894494, 'generation': 846}","{'id': 46648, 'rank': 9, 'fitness': 0.8813574007620932, 'generation': 846}","{'id': 46690, 'rank': 10, 'fitness': 0.7553791406092409, 'generation': 846}","{'id': 46716, 'rank': 11, 'fitness': 0.6874032976678688, 'generation': 846}","{'id': 46700, 'rank': 12, 'fitness': 0.6832281253020722, 'generation': 846}","{'id': 46289, 'rank': 13, 'fitness': 0.6512218946221563, 'generation': 846}","{'id': 46521, 'rank': 14, 'fitness': 0.43897375795678517, 'generation': 846}","{'id': 46521, 'rank': 15, 'fitness': 0.43897375795678517, 'generation': 846}","{'id': 46521, 'rank': 16, 'fitness': 0.43897375795678517, 'generation': 846}","{'id': 46705, 'rank': 17, 'fitness': 0.4314550099435709, 'generation': 846}","{'id': 46712, 'rank': 18, 'fitness': 0.10635721108923468, 'generation': 846}","{'id': 46714, 'rank': 19, 'fitness': 0.07549512309786482, 'generation': 846}","{'id': 46714, 'rank': 20, 'fitness': 0.07549512309786482, 'generation': 846}","{'id': 46686, 'rank': 21, 'fitness': 0.07338542284297145, 'generation': 846}","{'id': 46665, 'rank': 22, 'fitness': 0.06462773923384041, 'generation': 846}","{'id': 46708, 'rank': 23, 'fitness': 0.03700634729429353, 'generation': 846}","{'id': 46676, 'rank': 24, 'fitness': 0.029366328796031738, 'generation': 846}","{'id': 46671, 'rank': 25, 'fitness': 0.025845968378333417, 'generation': 846}","{'id': 46683, 'rank': 26, 'fitness': 0.02182376323515206, 'generation': 846}","{'id': 46707, 'rank': 27, 'fitness': 0.02118477373466754, 'generation': 846}","{'id': 46563, 'rank': 28, 'fitness': 0.018561134930141554, 'generation': 846}","{'id': 46563, 'rank': 29, 'fitness': 0.018561134930141554, 'generation': 846}","{'id': 46610, 'rank': 30, 'fitness': 0.01798620996209155, 'generation': 846}"
"{'id': 46738, 'rank': 1, 'fitness': 0.9820137900379085, 'generation': 847}","{'id': 46692, 'rank': 2, 'fitness': 0.9794936523936335, 'generation': 847}","{'id': 46692, 'rank': 3, 'fitness': 0.9794936523936335, 'generation': 847}","{'id': 46760, 'rank': 4, 'fitness': 0.9769915941014621, 'generation': 847}","{'id': 46749, 'rank': 5, 'fitness': 0.9598016587255374, 'generation': 847}","{'id': 46749, 'rank': 6, 'fitness': 0.9598016587255374, 'generation': 847}","{'id': 46749, 'rank': 7, 'fitness': 0.9598016587255374, 'generation': 847}","{'id': 46687, 'rank': 8, 'fitness': 0.9590031219137715, 'generation': 847}","{'id': 46704, 'rank': 9, 'fitness': 0.9428704669113519, 'generation': 847}","{'id': 46672, 'rank': 10, 'fitness': 0.9348913777773595, 'generation': 847}","{'id': 46711, 'rank': 11, 'fitness': 0.9085561550396671, 'generation': 847}","{'id': 46648, 'rank': 12, 'fitness': 0.8675364044406451, 'generation': 847}","{'id': 46729, 'rank': 13, 'fitness': 0.8529137635658177, 'generation': 847}","{'id': 46756, 'rank': 14, 'fitness': 0.7891240214397659, 'generation': 847}","{'id': 46756, 'rank': 15, 'fitness': 0.7891240214397659, 'generation': 847}","{'id': 46690, 'rank': 16, 'fitness': 0.7320211515839903, 'generation': 847}","{'id': 46750, 'rank': 17, 'fitness': 0.6693703239892979, 'generation': 847}","{'id': 46716, 'rank': 18, 'fitness': 0.6607658727917611, 'generation': 847}","{'id': 46700, 'rank': 19, 'fitness': 0.6564296081735391, 'generation': 847}","{'id': 46700, 'rank': 20, 'fitness': 0.6564296081735391, 'generation': 847}","{'id': 46289, 'rank': 21, 'fitness': 0.6233396895924186, 'generation': 847}","{'id': 46735, 'rank': 22, 'fitness': 0.5025148930989543, 'generation': 847}","{'id': 46721, 'rank': 23, 'fitness': 0.33005033132425887, 'generation': 847}","{'id': 46721, 'rank': 24, 'fitness': 0.33005033132425887, 'generation': 847}","{'id': 46727, 'rank': 25, 'fitness': 0.12537281632238967, 'generation': 847}","{'id': 46724, 'rank': 26, 'fitness': 0.04463474826098379, 'generation': 847}","{'id': 46676, 'rank': 27, 'fitness': 0.02652327408496674, 'generation': 847}","{'id': 46683, 'rank': 28, 'fitness': 0.01971883024212434, 'generation': 847}","{'id': 46759, 'rank': 29, 'fitness': 0.019518016311384445, 'generation': 847}","{'id': 46734, 'rank': 30, 'fitness': 0.01798620996209155, 'generation': 847}"
"{'id': 46692, 'rank': 1, 'fitness': 0.9820137900379085, 'generation': 848}","{'id': 46692, 'rank': 2, 'fitness': 0.9820137900379085, 'generation': 848}","{'id': 46692, 'rank': 3, 'fitness': 0.9820137900379085, 'generation': 848}","{'id': 46749, 'rank': 4, 'fitness': 0.964250483115861, 'generation': 848}","{'id': 46749, 'rank': 5, 'fitness': 0.964250483115861, 'generation': 848}","{'id': 46687, 'rank': 6, 'fitness': 0.9635247195426286, 'generation': 848}","{'id': 46704, 'rank': 7, 'fitness': 0.9487896022724562, 'generation': 848}","{'id': 46704, 'rank': 8, 'fitness': 0.9487896022724562, 'generation': 848}","{'id': 46648, 'rank': 9, 'fitness': 0.8786041044950849, 'generation': 848}","{'id': 46648, 'rank': 10, 'fitness': 0.8786041044950849, 'generation': 848}","{'id': 46756, 'rank': 11, 'fitness': 0.8037767027341707, 'generation': 848}","{'id': 46756, 'rank': 12, 'fitness': 0.8037767027341707, 'generation': 848}","{'id': 46716, 'rank': 13, 'fitness': 0.6783122277086483, 'generation': 848}","{'id': 46289, 'rank': 14, 'fitness': 0.6411353574553478, 'generation': 848}","{'id': 46735, 'rank': 15, 'fitness': 0.519544085452032, 'generation': 848}","{'id': 46735, 'rank': 16, 'fitness': 0.519544085452032, 'generation': 848}","{'id': 46721, 'rank': 17, 'fitness': 0.3425379502231086, 'generation': 848}","{'id': 46824, 'rank': 18, 'fitness': 0.21363074897934958, 'generation': 848}","{'id': 46810, 'rank': 19, 'fitness': 0.18154946894471935, 'generation': 848}","{'id': 46825, 'rank': 20, 'fitness': 0.11872108221678701, 'generation': 848}","{'id': 46783, 'rank': 21, 'fitness': 0.11036211194660306, 'generation': 848}","{'id': 46783, 'rank': 22, 'fitness': 0.11036211194660306, 'generation': 848}","{'id': 46773, 'rank': 23, 'fitness': 0.07849749510191734, 'generation': 848}","{'id': 46822, 'rank': 24, 'fitness': 0.05557249552603627, 'generation': 848}","{'id': 46834, 'rank': 25, 'fitness': 0.05008721704633662, 'generation': 848}","{'id': 46801, 'rank': 26, 'fitness': 0.03675584594942993, 'generation': 848}","{'id': 46832, 'rank': 27, 'fitness': 0.02645303327365156, 'generation': 848}","{'id': 46767, 'rank': 28, 'fitness': 0.0222439410096415, 'generation': 848}","{'id': 46802, 'rank': 29, 'fitness': 0.01883191280815877, 'generation': 848}","{'id': 46734, 'rank': 30, 'fitness': 0.01798620996209155, 'generation': 848}"
"{'id': 46692, 'rank': 1, 'fitness': 0.9820137900379085, 'generation': 849}","{'id': 46692, 'rank': 2, 'fitness': 0.9820137900379085, 'generation': 849}","{'id': 46749, 'rank': 3, 'fitness': 0.9668669921953681, 'generation': 849}","{'id': 46749, 'rank': 4, 'fitness': 0.9668669921953681, 'generation': 849}","{'id': 46687, 'rank': 5, 'fitness': 0.9662684291915804, 'generation': 849}","{'id': 46704, 'rank': 6, 'fitness': 0.954343783501724, 'generation': 849}","{'id': 46704, 'rank': 7, 'fitness': 0.954343783501724, 'generation': 849}","{'id': 46648, 'rank': 8, 'fitness': 0.9006834115819582, 'generation': 849}","{'id': 46648, 'rank': 9, 'fitness': 0.9006834115819582, 'generation': 849}","{'id': 46857, 'rank': 10, 'fitness': 0.8649731762480105, 'generation': 849}","{'id': 46756, 'rank': 11, 'fitness': 0.8454263348519736, 'generation': 849}","{'id': 46716, 'rank': 12, 'fitness': 0.751989677567249, 'generation': 849}","{'id': 46289, 'rank': 13, 'fitness': 0.7235262718704111, 'generation': 849}","{'id': 46878, 'rank': 14, 'fitness': 0.6235389386327663, 'generation': 849}","{'id': 46872, 'rank': 15, 'fitness': 0.5837379288456934, 'generation': 849}","{'id': 46856, 'rank': 16, 'fitness': 0.5334382300498978, 'generation': 849}","{'id': 46847, 'rank': 17, 'fitness': 0.4953330634949808, 'generation': 849}","{'id': 46721, 'rank': 18, 'fitness': 0.46686788565464893, 'generation': 849}","{'id': 46824, 'rank': 19, 'fitness': 0.32933188817267534, 'generation': 849}","{'id': 46783, 'rank': 20, 'fitness': 0.1966162238615869, 'generation': 849}","{'id': 46783, 'rank': 21, 'fitness': 0.1966162238615869, 'generation': 849}","{'id': 46842, 'rank': 22, 'fitness': 0.19497596522239202, 'generation': 849}","{'id': 46837, 'rank': 23, 'fitness': 0.13559870443812655, 'generation': 849}","{'id': 46861, 'rank': 24, 'fitness': 0.12355415475432824, 'generation': 849}","{'id': 46822, 'rank': 25, 'fitness': 0.11203045093817365, 'generation': 849}","{'id': 46822, 'rank': 26, 'fitness': 0.11203045093817365, 'generation': 849}","{'id': 46834, 'rank': 27, 'fitness': 0.10269487966992669, 'generation': 849}","{'id': 46767, 'rank': 28, 'fitness': 0.05144682114541349, 'generation': 849}","{'id': 46802, 'rank': 29, 'fitness': 0.044556688826042246, 'generation': 849}","{'id': 46838, 'rank': 30, 'fitness': 0.01798620996209155, 'generation': 849}"
"{'id': 46692, 'rank': 1, 'fitness': 0.9820137900379085, 'generation': 850}","{'id': 46692, 'rank': 2, 'fitness': 0.9820137900379085, 'generation': 850}","{'id': 46687, 'rank': 3, 'fitness': 0.9658331647270997, 'generation': 850}","{'id': 46687, 'rank': 4, 'fitness': 0.9658331647270997, 'generation': 850}","{'id': 46704, 'rank': 5, 'fitness': 0.9534752137880713, 'generation': 850}","{'id': 46857, 'rank': 6, 'fitness': 0.8597402090031792, 'generation': 850}","{'id': 46857, 'rank': 7, 'fitness': 0.8597402090031792, 'generation': 850}","{'id': 46908, 'rank': 8, 'fitness': 0.8107692134366572, 'generation': 850}","{'id': 46289, 'rank': 9, 'fitness': 0.7108487191137329, 'generation': 850}","{'id': 46950, 'rank': 10, 'fitness': 0.6964842346941237, 'generation': 850}","{'id': 46847, 'rank': 11, 'fitness': 0.47468191505864366, 'generation': 850}","{'id': 46721, 'rank': 12, 'fitness': 0.4457739754441451, 'generation': 850}","{'id': 46721, 'rank': 13, 'fitness': 0.4457739754441451, 'generation': 850}","{'id': 46721, 'rank': 14, 'fitness': 0.4457739754441451, 'generation': 850}","{'id': 46824, 'rank': 15, 'fitness': 0.30828501459881374, 'generation': 850}","{'id': 46824, 'rank': 16, 'fitness': 0.30828501459881374, 'generation': 850}","{'id': 46905, 'rank': 17, 'fitness': 0.25695704476443804, 'generation': 850}","{'id': 46905, 'rank': 18, 'fitness': 0.25695704476443804, 'generation': 850}","{'id': 46949, 'rank': 19, 'fitness': 0.18536387077503386, 'generation': 850}","{'id': 46912, 'rank': 20, 'fitness': 0.18479963685684409, 'generation': 850}","{'id': 46891, 'rank': 21, 'fitness': 0.09640743621271985, 'generation': 850}","{'id': 46834, 'rank': 22, 'fitness': 0.0915759205867902, 'generation': 850}","{'id': 46937, 'rank': 23, 'fitness': 0.09025556561852499, 'generation': 850}","{'id': 46910, 'rank': 24, 'fitness': 0.07384701961087675, 'generation': 850}","{'id': 46903, 'rank': 25, 'fitness': 0.05958994849245414, 'generation': 850}","{'id': 46920, 'rank': 26, 'fitness': 0.04307525771903453, 'generation': 850}","{'id': 46901, 'rank': 27, 'fitness': 0.024108107104204524, 'generation': 850}","{'id': 46901, 'rank': 28, 'fitness': 0.024108107104204524, 'generation': 850}","{'id': 46889, 'rank': 29, 'fitness': 0.019189387252861123, 'generation': 850}","{'id': 46888, 'rank': 30, 'fitness': 0.01798620996209155, 'generation': 850}"
"{'id': 46692, 'rank': 1, 'fitness': 0.9820137900379085, 'generation': 851}","{'id': 47002, 'rank': 2, 'fitness': 0.9789500183605366, 'generation': 851}","{'id': 47002, 'rank': 3, 'fitness': 0.9789500183605366, 'generation': 851}","{'id': 46993, 'rank': 4, 'fitness': 0.972333143575881, 'generation': 851}","{'id': 46687, 'rank': 5, 'fitness': 0.9599675168918627, 'generation': 851}","{'id': 46687, 'rank': 6, 'fitness': 0.9599675168918627, 'generation': 851}","{'id': 46704, 'rank': 7, 'fitness': 0.9413218578673999, 'generation': 851}","{'id': 46973, 'rank': 8, 'fitness': 0.8434164516389462, 'generation': 851}","{'id': 46857, 'rank': 9, 'fitness': 0.7801508764757795, 'generation': 851}","{'id': 46951, 'rank': 10, 'fitness': 0.5416094059602485, 'generation': 851}","{'id': 46972, 'rank': 11, 'fitness': 0.4836704583059188, 'generation': 851}","{'id': 46847, 'rank': 12, 'fitness': 0.24481537417396715, 'generation': 851}","{'id': 46721, 'rank': 13, 'fitness': 0.21892311933438952, 'generation': 851}","{'id': 46721, 'rank': 14, 'fitness': 0.21892311933438952, 'generation': 851}","{'id': 46984, 'rank': 15, 'fitness': 0.11855085536714072, 'generation': 851}","{'id': 46984, 'rank': 16, 'fitness': 0.11855085536714072, 'generation': 851}","{'id': 46824, 'rank': 17, 'fitness': 0.11816696011699412, 'generation': 851}","{'id': 46824, 'rank': 18, 'fitness': 0.11816696011699412, 'generation': 851}","{'id': 46824, 'rank': 19, 'fitness': 0.11816696011699412, 'generation': 851}","{'id': 46824, 'rank': 20, 'fitness': 0.11816696011699412, 'generation': 851}","{'id': 46905, 'rank': 21, 'fitness': 0.08891066388629149, 'generation': 851}","{'id': 46990, 'rank': 22, 'fitness': 0.08464076692003358, 'generation': 851}","{'id': 46949, 'rank': 23, 'fitness': 0.05467076770086354, 'generation': 851}","{'id': 46997, 'rank': 24, 'fitness': 0.027436487633199225, 'generation': 851}","{'id': 46997, 'rank': 25, 'fitness': 0.027436487633199225, 'generation': 851}","{'id': 46997, 'rank': 26, 'fitness': 0.027436487633199225, 'generation': 851}","{'id': 46975, 'rank': 27, 'fitness': 0.026809091409958352, 'generation': 851}","{'id': 46954, 'rank': 28, 'fitness': 0.024821457057739027, 'generation': 851}","{'id': 46937, 'rank': 29, 'fitness': 0.020079393967294468, 'generation': 851}","{'id': 46961, 'rank': 30, 'fitness': 0.01798620996209155, 'generation': 851}"
"{'id': 46692, 'rank': 1, 'fitness': 0.9820137900379085, 'generation': 852}","{'id': 46692, 'rank': 2, 'fitness': 0.9820137900379085, 'generation': 852}","{'id': 47002, 'rank': 3, 'fitness': 0.9789500183605366, 'generation': 852}","{'id': 46687, 'rank': 4, 'fitness': 0.9599675168918627, 'generation': 852}","{'id': 46687, 'rank': 5, 'fitness': 0.9599675168918627, 'generation': 852}","{'id': 47019, 'rank': 6, 'fitness': 0.9545847249385948, 'generation': 852}","{'id': 47010, 'rank': 7, 'fitness': 0.9524997360261886, 'generation': 852}","{'id': 46704, 'rank': 8, 'fitness': 0.9413218578673999, 'generation': 852}","{'id': 46973, 'rank': 9, 'fitness': 0.8434164516389462, 'generation': 852}","{'id': 46973, 'rank': 10, 'fitness': 0.8434164516389462, 'generation': 852}","{'id': 47023, 'rank': 11, 'fitness': 0.8288158303868738, 'generation': 852}","{'id': 47044, 'rank': 12, 'fitness': 0.7830805162074681, 'generation': 852}","{'id': 47046, 'rank': 13, 'fitness': 0.7281551699873037, 'generation': 852}","{'id': 47046, 'rank': 14, 'fitness': 0.7281551699873037, 'generation': 852}","{'id': 47024, 'rank': 15, 'fitness': 0.5873698251938542, 'generation': 852}","{'id': 47011, 'rank': 16, 'fitness': 0.5476309166156648, 'generation': 852}","{'id': 47005, 'rank': 17, 'fitness': 0.5107822668133516, 'generation': 852}","{'id': 46847, 'rank': 18, 'fitness': 0.24481537417396715, 'generation': 852}","{'id': 47035, 'rank': 19, 'fitness': 0.23957590704155524, 'generation': 852}","{'id': 47035, 'rank': 20, 'fitness': 0.23957590704155524, 'generation': 852}","{'id': 47035, 'rank': 21, 'fitness': 0.23957590704155524, 'generation': 852}","{'id': 47026, 'rank': 22, 'fitness': 0.15813769655725102, 'generation': 852}","{'id': 46984, 'rank': 23, 'fitness': 0.11855085536714072, 'generation': 852}","{'id': 46824, 'rank': 24, 'fitness': 0.11816696011699412, 'generation': 852}","{'id': 46824, 'rank': 25, 'fitness': 0.11816696011699412, 'generation': 852}","{'id': 47036, 'rank': 26, 'fitness': 0.05397858139833028, 'generation': 852}","{'id': 46954, 'rank': 27, 'fitness': 0.024821457057739027, 'generation': 852}","{'id': 46937, 'rank': 28, 'fitness': 0.020079393967294468, 'generation': 852}","{'id': 46961, 'rank': 29, 'fitness': 0.01798620996209155, 'generation': 852}","{'id': 46961, 'rank': 30, 'fitness': 0.01798620996209155, 'generation': 852}"
"{'id': 46692, 'rank': 1, 'fitness': 0.9820137900379085, 'generation': 853}","{'id': 46692, 'rank': 2, 'fitness': 0.9820137900379085, 'generation': 853}","{'id': 47069, 'rank': 3, 'fitness': 0.9632514022394245, 'generation': 853}","{'id': 47069, 'rank': 4, 'fitness': 0.9632514022394245, 'generation': 853}","{'id': 47010, 'rank': 5, 'fitness': 0.9602865241892615, 'generation': 853}","{'id': 47010, 'rank': 6, 'fitness': 0.9602865241892615, 'generation': 853}","{'id': 47071, 'rank': 7, 'fitness': 0.8930367352396469, 'generation': 853}","{'id': 47071, 'rank': 8, 'fitness': 0.8930367352396469, 'generation': 853}","{'id': 46973, 'rank': 9, 'fitness': 0.8925164506771088, 'generation': 853}","{'id': 47072, 'rank': 10, 'fitness': 0.8621870938700464, 'generation': 853}","{'id': 47046, 'rank': 11, 'fitness': 0.8247216000434238, 'generation': 853}","{'id': 47011, 'rank': 12, 'fitness': 0.711546372852105, 'generation': 853}","{'id': 47011, 'rank': 13, 'fitness': 0.711546372852105, 'generation': 853}","{'id': 47011, 'rank': 14, 'fitness': 0.711546372852105, 'generation': 853}","{'id': 47005, 'rank': 15, 'fitness': 0.686238237475939, 'generation': 853}","{'id': 47095, 'rank': 16, 'fitness': 0.6029093219504742, 'generation': 853}","{'id': 47076, 'rank': 17, 'fitness': 0.5384387217490955, 'generation': 853}","{'id': 47076, 'rank': 18, 'fitness': 0.5384387217490955, 'generation': 853}","{'id': 47076, 'rank': 19, 'fitness': 0.5384387217490955, 'generation': 853}","{'id': 46847, 'rank': 20, 'fitness': 0.45799171086107493, 'generation': 853}","{'id': 47035, 'rank': 21, 'fitness': 0.4522352856590282, 'generation': 853}","{'id': 47063, 'rank': 22, 'fitness': 0.37051371656510035, 'generation': 853}","{'id': 47062, 'rank': 23, 'fitness': 0.36960363344795016, 'generation': 853}","{'id': 47066, 'rank': 24, 'fitness': 0.17323839948419106, 'generation': 853}","{'id': 47085, 'rank': 25, 'fitness': 0.1389357896748486, 'generation': 853}","{'id': 47094, 'rank': 26, 'fitness': 0.08952654049734038, 'generation': 853}","{'id': 47092, 'rank': 27, 'fitness': 0.04793230855104058, 'generation': 853}","{'id': 47092, 'rank': 28, 'fitness': 0.04793230855104058, 'generation': 853}","{'id': 47056, 'rank': 29, 'fitness': 0.034668443740623556, 'generation': 853}","{'id': 47109, 'rank': 30, 'fitness': 0.01798620996209155, 'generation': 853}"
"{'id': 47136, 'rank': 1, 'fitness': 0.9820137900379085, 'generation': 854}","{'id': 47112, 'rank': 2, 'fitness': 0.9498177161743908, 'generation': 854}","{'id': 47046, 'rank': 3, 'fitness': 0.9427005505636616, 'generation': 854}","{'id': 47120, 'rank': 4, 'fitness': 0.9058947828132448, 'generation': 854}","{'id': 47120, 'rank': 5, 'fitness': 0.9058947828132448, 'generation': 854}","{'id': 47153, 'rank': 6, 'fitness': 0.9018572917575478, 'generation': 854}","{'id': 47153, 'rank': 7, 'fitness': 0.9018572917575478, 'generation': 854}","{'id': 47011, 'rank': 8, 'fitness': 0.8811614806289046, 'generation': 854}","{'id': 47011, 'rank': 9, 'fitness': 0.8811614806289046, 'generation': 854}","{'id': 47011, 'rank': 10, 'fitness': 0.8811614806289046, 'generation': 854}","{'id': 47011, 'rank': 11, 'fitness': 0.8811614806289046, 'generation': 854}","{'id': 47152, 'rank': 12, 'fitness': 0.8708477606847086, 'generation': 854}","{'id': 47121, 'rank': 13, 'fitness': 0.8157216316563163, 'generation': 854}","{'id': 47076, 'rank': 14, 'fitness': 0.7463559331432974, 'generation': 854}","{'id': 47076, 'rank': 15, 'fitness': 0.7463559331432974, 'generation': 854}","{'id': 47035, 'rank': 16, 'fitness': 0.6575996368776043, 'generation': 854}","{'id': 47150, 'rank': 17, 'fitness': 0.5660775549268093, 'generation': 854}","{'id': 47063, 'rank': 18, 'fitness': 0.5584833801147598, 'generation': 854}","{'id': 47062, 'rank': 19, 'fitness': 0.5572949757418496, 'generation': 854}","{'id': 47066, 'rank': 20, 'fitness': 0.2612111148496741, 'generation': 854}","{'id': 47085, 'rank': 21, 'fitness': 0.2038856583749572, 'generation': 854}","{'id': 47094, 'rank': 22, 'fitness': 0.12202055636078712, 'generation': 854}","{'id': 47145, 'rank': 23, 'fitness': 0.12018311147702954, 'generation': 854}","{'id': 47158, 'rank': 24, 'fitness': 0.06662863866967494, 'generation': 854}","{'id': 47116, 'rank': 25, 'fitness': 0.0527997475217547, 'generation': 854}","{'id': 47166, 'rank': 26, 'fitness': 0.0467818897718108, 'generation': 854}","{'id': 47127, 'rank': 27, 'fitness': 0.03204980050861317, 'generation': 854}","{'id': 47127, 'rank': 28, 'fitness': 0.03204980050861317, 'generation': 854}","{'id': 47155, 'rank': 29, 'fitness': 0.020643009240746524, 'generation': 854}","{'id': 47135, 'rank': 30, 'fitness': 0.01798620996209155, 'generation': 854}"
"{'id': 47181, 'rank': 1, 'fitness': 0.9820137900379085, 'generation': 855}","{'id': 47181, 'rank': 2, 'fitness': 0.9820137900379085, 'generation': 855}","{'id': 47120, 'rank': 3, 'fitness': 0.9810097035835331, 'generation': 855}","{'id': 47011, 'rank': 4, 'fitness': 0.9756562782045829, 'generation': 855}","{'id': 47011, 'rank': 5, 'fitness': 0.9756562782045829, 'generation': 855}","{'id': 47170, 'rank': 6, 'fitness': 0.972695794020981, 'generation': 855}","{'id': 47170, 'rank': 7, 'fitness': 0.972695794020981, 'generation': 855}","{'id': 47076, 'rank': 8, 'fitness': 0.9422518952313497, 'generation': 855}","{'id': 47076, 'rank': 9, 'fitness': 0.9422518952313497, 'generation': 855}","{'id': 47076, 'rank': 10, 'fitness': 0.9422518952313497, 'generation': 855}","{'id': 47035, 'rank': 11, 'fitness': 0.9150815889049666, 'generation': 855}","{'id': 47195, 'rank': 12, 'fitness': 0.9046095884006293, 'generation': 855}","{'id': 47216, 'rank': 13, 'fitness': 0.889728447722762, 'generation': 855}","{'id': 47223, 'rank': 14, 'fitness': 0.8885270866014143, 'generation': 855}","{'id': 47063, 'rank': 15, 'fitness': 0.8777464920253892, 'generation': 855}","{'id': 47063, 'rank': 16, 'fitness': 0.8777464920253892, 'generation': 855}","{'id': 47217, 'rank': 17, 'fitness': 0.7155739357393782, 'generation': 855}","{'id': 47066, 'rank': 18, 'fitness': 0.6752020092216897, 'generation': 855}","{'id': 47085, 'rank': 19, 'fitness': 0.603058205168074, 'generation': 855}","{'id': 47193, 'rank': 20, 'fitness': 0.5358697504808126, 'generation': 855}","{'id': 47192, 'rank': 21, 'fitness': 0.32875660307853233, 'generation': 855}","{'id': 47116, 'rank': 22, 'fitness': 0.25646157046516865, 'generation': 855}","{'id': 47179, 'rank': 23, 'fitness': 0.21751362350187786, 'generation': 855}","{'id': 47127, 'rank': 24, 'fitness': 0.1720843010256533, 'generation': 855}","{'id': 47127, 'rank': 25, 'fitness': 0.1720843010256533, 'generation': 855}","{'id': 47127, 'rank': 26, 'fitness': 0.1720843010256533, 'generation': 855}","{'id': 47204, 'rank': 27, 'fitness': 0.12173190752806845, 'generation': 855}","{'id': 47155, 'rank': 28, 'fitness': 0.11814958151688015, 'generation': 855}","{'id': 47191, 'rank': 29, 'fitness': 0.03545402605655218, 'generation': 855}","{'id': 47198, 'rank': 30, 'fitness': 0.01798620996209155, 'generation': 855}"
"{'id': 47288, 'rank': 1, 'fitness': 0.9820137900379085, 'generation': 856}","{'id': 47298, 'rank': 2, 'fitness': 0.9647220263585247, 'generation': 856}","{'id': 47298, 'rank': 3, 'fitness': 0.9647220263585247, 'generation': 856}","{'id': 47268, 'rank': 4, 'fitness': 0.9639963254972448, 'generation': 856}","{'id': 47181, 'rank': 5, 'fitness': 0.9530956878357817, 'generation': 856}","{'id': 47011, 'rank': 6, 'fitness': 0.9363081065845541, 'generation': 856}","{'id': 47011, 'rank': 7, 'fitness': 0.9363081065845541, 'generation': 856}","{'id': 47170, 'rank': 8, 'fitness': 0.9285439759276586, 'generation': 856}","{'id': 47170, 'rank': 9, 'fitness': 0.9285439759276586, 'generation': 856}","{'id': 47259, 'rank': 10, 'fitness': 0.9138096098500934, 'generation': 856}","{'id': 47259, 'rank': 11, 'fitness': 0.9138096098500934, 'generation': 856}","{'id': 47255, 'rank': 12, 'fitness': 0.8989841526061929, 'generation': 856}","{'id': 47076, 'rank': 13, 'fitness': 0.851564706331069, 'generation': 856}","{'id': 47223, 'rank': 14, 'fitness': 0.7304292023227967, 'generation': 856}","{'id': 47063, 'rank': 15, 'fitness': 0.708344667303457, 'generation': 856}","{'id': 47063, 'rank': 16, 'fitness': 0.708344667303457, 'generation': 856}","{'id': 47085, 'rank': 17, 'fitness': 0.3232682498215923, 'generation': 856}","{'id': 47193, 'rank': 18, 'fitness': 0.26381886989635117, 'generation': 856}","{'id': 47235, 'rank': 19, 'fitness': 0.22798540364054365, 'generation': 856}","{'id': 47239, 'rank': 20, 'fitness': 0.1896505652193728, 'generation': 856}","{'id': 47283, 'rank': 21, 'fitness': 0.13235191881446423, 'generation': 856}","{'id': 47287, 'rank': 22, 'fitness': 0.11202684347637021, 'generation': 856}","{'id': 47256, 'rank': 23, 'fitness': 0.08539308994634925, 'generation': 856}","{'id': 47273, 'rank': 24, 'fitness': 0.06267519479482253, 'generation': 856}","{'id': 47261, 'rank': 25, 'fitness': 0.05654310598352713, 'generation': 856}","{'id': 47127, 'rank': 26, 'fitness': 0.05616867166038392, 'generation': 856}","{'id': 47274, 'rank': 27, 'fitness': 0.029991714620872467, 'generation': 856}","{'id': 47253, 'rank': 28, 'fitness': 0.020309842236000186, 'generation': 856}","{'id': 47253, 'rank': 29, 'fitness': 0.020309842236000186, 'generation': 856}","{'id': 47224, 'rank': 30, 'fitness': 0.01798620996209155, 'generation': 856}"
"{'id': 47298, 'rank': 1, 'fitness': 0.9820137900379085, 'generation': 857}","{'id': 47298, 'rank': 2, 'fitness': 0.9820137900379085, 'generation': 857}","{'id': 47268, 'rank': 3, 'fitness': 0.981649145211922, 'generation': 857}","{'id': 47181, 'rank': 4, 'fitness': 0.9761651634661372, 'generation': 857}","{'id': 47170, 'rank': 5, 'fitness': 0.9637241621009371, 'generation': 857}","{'id': 47170, 'rank': 6, 'fitness': 0.9637241621009371, 'generation': 857}","{'id': 47259, 'rank': 7, 'fitness': 0.9561718819371066, 'generation': 857}","{'id': 47255, 'rank': 8, 'fitness': 0.9484933061764953, 'generation': 857}","{'id': 47302, 'rank': 9, 'fitness': 0.9342837008787948, 'generation': 857}","{'id': 47063, 'rank': 10, 'fitness': 0.839686347410679, 'generation': 857}","{'id': 47063, 'rank': 11, 'fitness': 0.839686347410679, 'generation': 857}","{'id': 47346, 'rank': 12, 'fitness': 0.8278543945790755, 'generation': 857}","{'id': 47349, 'rank': 13, 'fitness': 0.7256689639373852, 'generation': 857}","{'id': 47355, 'rank': 14, 'fitness': 0.6751122628443251, 'generation': 857}","{'id': 47321, 'rank': 15, 'fitness': 0.6322106941496688, 'generation': 857}","{'id': 47356, 'rank': 16, 'fitness': 0.5824887621534229, 'generation': 857}","{'id': 47340, 'rank': 17, 'fitness': 0.476499524403864, 'generation': 857}","{'id': 47351, 'rank': 18, 'fitness': 0.2794896831895508, 'generation': 857}","{'id': 47283, 'rank': 19, 'fitness': 0.2643210918721774, 'generation': 857}","{'id': 47283, 'rank': 20, 'fitness': 0.2643210918721774, 'generation': 857}","{'id': 47350, 'rank': 21, 'fitness': 0.21618523707545423, 'generation': 857}","{'id': 47312, 'rank': 22, 'fitness': 0.19033463670198553, 'generation': 857}","{'id': 47358, 'rank': 23, 'fitness': 0.132260528629078, 'generation': 857}","{'id': 47274, 'rank': 24, 'fitness': 0.07117002232880149, 'generation': 857}","{'id': 47344, 'rank': 25, 'fitness': 0.0694274172500825, 'generation': 857}","{'id': 47353, 'rank': 26, 'fitness': 0.0691394094717932, 'generation': 857}","{'id': 47335, 'rank': 27, 'fitness': 0.060988406669781114, 'generation': 857}","{'id': 47253, 'rank': 28, 'fitness': 0.04945986764442439, 'generation': 857}","{'id': 47342, 'rank': 29, 'fitness': 0.03922225429757059, 'generation': 857}","{'id': 47322, 'rank': 30, 'fitness': 0.01798620996209155, 'generation': 857}"
"{'id': 47392, 'rank': 1, 'fitness': 0.9820137900379085, 'generation': 858}","{'id': 47401, 'rank': 2, 'fitness': 0.895184707689493, 'generation': 858}","{'id': 47401, 'rank': 3, 'fitness': 0.895184707689493, 'generation': 858}","{'id': 47400, 'rank': 4, 'fitness': 0.8560175026182733, 'generation': 858}","{'id': 47389, 'rank': 5, 'fitness': 0.7901360809356024, 'generation': 858}","{'id': 47399, 'rank': 6, 'fitness': 0.7680199867606143, 'generation': 858}","{'id': 47268, 'rank': 7, 'fitness': 0.7398887346212802, 'generation': 858}","{'id': 47390, 'rank': 8, 'fitness': 0.6818207043556321, 'generation': 858}","{'id': 47390, 'rank': 9, 'fitness': 0.6818207043556321, 'generation': 858}","{'id': 47170, 'rank': 10, 'fitness': 0.6379897578106268, 'generation': 858}","{'id': 47259, 'rank': 11, 'fitness': 0.6063287490910155, 'generation': 858}","{'id': 47255, 'rank': 12, 'fitness': 0.5783411417455655, 'generation': 858}","{'id': 47255, 'rank': 13, 'fitness': 0.5783411417455655, 'generation': 858}","{'id': 47063, 'rank': 14, 'fitness': 0.36725438890725015, 'generation': 858}","{'id': 47063, 'rank': 15, 'fitness': 0.36725438890725015, 'generation': 858}","{'id': 47346, 'rank': 16, 'fitness': 0.35378846540166253, 'generation': 858}","{'id': 47405, 'rank': 17, 'fitness': 0.23306535699780978, 'generation': 858}","{'id': 47377, 'rank': 18, 'fitness': 0.16760386028665814, 'generation': 858}","{'id': 47377, 'rank': 19, 'fitness': 0.16760386028665814, 'generation': 858}","{'id': 47397, 'rank': 20, 'fitness': 0.15270326406297208, 'generation': 858}","{'id': 47413, 'rank': 21, 'fitness': 0.13455582364321544, 'generation': 858}","{'id': 47413, 'rank': 22, 'fitness': 0.13455582364321544, 'generation': 858}","{'id': 47409, 'rank': 23, 'fitness': 0.11724600889707226, 'generation': 858}","{'id': 47283, 'rank': 24, 'fitness': 0.08495655717361528, 'generation': 858}","{'id': 47387, 'rank': 25, 'fitness': 0.07772897222015562, 'generation': 858}","{'id': 47402, 'rank': 26, 'fitness': 0.07663340324577073, 'generation': 858}","{'id': 47376, 'rank': 27, 'fitness': 0.03475870144230575, 'generation': 858}","{'id': 47376, 'rank': 28, 'fitness': 0.03475870144230575, 'generation': 858}","{'id': 47344, 'rank': 29, 'fitness': 0.030708769934186364, 'generation': 858}","{'id': 47407, 'rank': 30, 'fitness': 0.01798620996209155, 'generation': 858}"
"{'id': 47392, 'rank': 1, 'fitness': 0.9820137900379085, 'generation': 859}","{'id': 47401, 'rank': 2, 'fitness': 0.9141726587042094, 'generation': 859}","{'id': 47401, 'rank': 3, 'fitness': 0.9141726587042094, 'generation': 859}","{'id': 47433, 'rank': 4, 'fitness': 0.89222250284438, 'generation': 859}","{'id': 47450, 'rank': 5, 'fitness': 0.8710457031670125, 'generation': 859}","{'id': 47389, 'rank': 6, 'fitness': 0.8380929296990762, 'generation': 859}","{'id': 47390, 'rank': 7, 'fitness': 0.7590734051103294, 'generation': 859}","{'id': 47390, 'rank': 8, 'fitness': 0.7590734051103294, 'generation': 859}","{'id': 47259, 'rank': 9, 'fitness': 0.701965547750633, 'generation': 859}","{'id': 47259, 'rank': 10, 'fitness': 0.701965547750633, 'generation': 859}","{'id': 47451, 'rank': 11, 'fitness': 0.6954096346370345, 'generation': 859}","{'id': 47451, 'rank': 12, 'fitness': 0.6954096346370345, 'generation': 859}","{'id': 47451, 'rank': 13, 'fitness': 0.6954096346370345, 'generation': 859}","{'id': 47442, 'rank': 14, 'fitness': 0.5099463104143562, 'generation': 859}","{'id': 47442, 'rank': 15, 'fitness': 0.5099463104143562, 'generation': 859}","{'id': 47442, 'rank': 16, 'fitness': 0.5099463104143562, 'generation': 859}","{'id': 47063, 'rank': 17, 'fitness': 0.49923380587898125, 'generation': 859}","{'id': 47063, 'rank': 18, 'fitness': 0.49923380587898125, 'generation': 859}","{'id': 47440, 'rank': 19, 'fitness': 0.45132024445216495, 'generation': 859}","{'id': 47447, 'rank': 20, 'fitness': 0.38549227501595307, 'generation': 859}","{'id': 47447, 'rank': 21, 'fitness': 0.38549227501595307, 'generation': 859}","{'id': 47377, 'rank': 22, 'fitness': 0.2817651266622848, 'generation': 859}","{'id': 47377, 'rank': 23, 'fitness': 0.2817651266622848, 'generation': 859}","{'id': 47468, 'rank': 24, 'fitness': 0.22546059790434753, 'generation': 859}","{'id': 47428, 'rank': 25, 'fitness': 0.20611647231203012, 'generation': 859}","{'id': 47432, 'rank': 26, 'fitness': 0.20061100243838265, 'generation': 859}","{'id': 47283, 'rank': 27, 'fitness': 0.16552341097037837, 'generation': 859}","{'id': 47283, 'rank': 28, 'fitness': 0.16552341097037837, 'generation': 859}","{'id': 47387, 'rank': 29, 'fitness': 0.1540803255722492, 'generation': 859}","{'id': 47427, 'rank': 30, 'fitness': 0.01798620996209155, 'generation': 859}"
"{'id': 47392, 'rank': 1, 'fitness': 0.9820137900379085, 'generation': 860}","{'id': 47450, 'rank': 2, 'fitness': 0.8220113222599738, 'generation': 860}","{'id': 47507, 'rank': 3, 'fitness': 0.7817831905712294, 'generation': 860}","{'id': 47389, 'rank': 4, 'fitness': 0.7712681608857324, 'generation': 860}","{'id': 47390, 'rank': 5, 'fitness': 0.6521843157112591, 'generation': 860}","{'id': 47390, 'rank': 6, 'fitness': 0.6521843157112591, 'generation': 860}","{'id': 47485, 'rank': 7, 'fitness': 0.5997598156557977, 'generation': 860}","{'id': 47485, 'rank': 8, 'fitness': 0.5997598156557977, 'generation': 860}","{'id': 47259, 'rank': 9, 'fitness': 0.5707208742653428, 'generation': 860}","{'id': 47521, 'rank': 10, 'fitness': 0.5035559918634118, 'generation': 860}","{'id': 47442, 'rank': 11, 'fitness': 0.3361023731005683, 'generation': 860}","{'id': 47063, 'rank': 12, 'fitness': 0.3248954060259117, 'generation': 860}","{'id': 47478, 'rank': 13, 'fitness': 0.2984810044584114, 'generation': 860}","{'id': 47520, 'rank': 14, 'fitness': 0.29301338685717726, 'generation': 860}","{'id': 47476, 'rank': 15, 'fitness': 0.2805637530540913, 'generation': 860}","{'id': 47440, 'rank': 16, 'fitness': 0.27715485566086284, 'generation': 860}","{'id': 47440, 'rank': 17, 'fitness': 0.27715485566086284, 'generation': 860}","{'id': 47447, 'rank': 18, 'fitness': 0.21774112222970704, 'generation': 860}","{'id': 47519, 'rank': 19, 'fitness': 0.165050538961177, 'generation': 860}","{'id': 47519, 'rank': 20, 'fitness': 0.165050538961177, 'generation': 860}","{'id': 47489, 'rank': 21, 'fitness': 0.1478975650972687, 'generation': 860}","{'id': 47377, 'rank': 22, 'fitness': 0.13779738163235977, 'generation': 860}","{'id': 47377, 'rank': 23, 'fitness': 0.13779738163235977, 'generation': 860}","{'id': 47516, 'rank': 24, 'fitness': 0.11815340991463513, 'generation': 860}","{'id': 47468, 'rank': 25, 'fitness': 0.10097881337481152, 'generation': 860}","{'id': 47471, 'rank': 26, 'fitness': 0.07558611022013062, 'generation': 860}","{'id': 47470, 'rank': 27, 'fitness': 0.0673408302722307, 'generation': 860}","{'id': 47283, 'rank': 28, 'fitness': 0.06662360485486069, 'generation': 860}","{'id': 47283, 'rank': 29, 'fitness': 0.06662360485486069, 'generation': 860}","{'id': 47487, 'rank': 30, 'fitness': 0.01798620996209155, 'generation': 860}"
"{'id': 47551, 'rank': 1, 'fitness': 0.9820137900379085, 'generation': 861}","{'id': 47450, 'rank': 2, 'fitness': 0.6337867105752784, 'generation': 861}","{'id': 47559, 'rank': 3, 'fitness': 0.6337043021137312, 'generation': 861}","{'id': 47559, 'rank': 4, 'fitness': 0.6337043021137312, 'generation': 861}","{'id': 47550, 'rank': 5, 'fitness': 0.5940129336180343, 'generation': 861}","{'id': 47526, 'rank': 6, 'fitness': 0.5557522927630866, 'generation': 861}","{'id': 47389, 'rank': 7, 'fitness': 0.5511652459189984, 'generation': 861}","{'id': 47554, 'rank': 8, 'fitness': 0.4374245113734949, 'generation': 861}","{'id': 47554, 'rank': 9, 'fitness': 0.4374245113734949, 'generation': 861}","{'id': 47553, 'rank': 10, 'fitness': 0.4039230683626086, 'generation': 861}","{'id': 47560, 'rank': 11, 'fitness': 0.3585444700811631, 'generation': 861}","{'id': 47531, 'rank': 12, 'fitness': 0.34244977084400735, 'generation': 861}","{'id': 47485, 'rank': 13, 'fitness': 0.33641733499639676, 'generation': 861}","{'id': 47259, 'rank': 14, 'fitness': 0.30792428166199637, 'generation': 861}","{'id': 47521, 'rank': 15, 'fitness': 0.24880720049698946, 'generation': 861}","{'id': 47539, 'rank': 16, 'fitness': 0.1985830522600367, 'generation': 861}","{'id': 47540, 'rank': 17, 'fitness': 0.18302112090427103, 'generation': 861}","{'id': 47442, 'rank': 18, 'fitness': 0.13434949285503295, 'generation': 861}","{'id': 47063, 'rank': 19, 'fitness': 0.1280524590276057, 'generation': 861}","{'id': 47063, 'rank': 20, 'fitness': 0.1280524590276057, 'generation': 861}","{'id': 47478, 'rank': 21, 'fitness': 0.1137844889441445, 'generation': 861}","{'id': 47520, 'rank': 22, 'fitness': 0.11092868184489024, 'generation': 861}","{'id': 47562, 'rank': 23, 'fitness': 0.0910361949188539, 'generation': 861}","{'id': 47519, 'rank': 24, 'fitness': 0.052707272207602296, 'generation': 861}","{'id': 47519, 'rank': 25, 'fitness': 0.052707272207602296, 'generation': 861}","{'id': 47516, 'rank': 26, 'fitness': 0.035124779608359136, 'generation': 861}","{'id': 47552, 'rank': 27, 'fitness': 0.03242876863299282, 'generation': 861}","{'id': 47471, 'rank': 28, 'fitness': 0.020799686198221257, 'generation': 861}","{'id': 47470, 'rank': 29, 'fitness': 0.01820866618270367, 'generation': 861}","{'id': 47283, 'rank': 30, 'fitness': 0.01798620996209155, 'generation': 861}"
"{'id': 47578, 'rank': 1, 'fitness': 0.9820137900379085, 'generation': 862}","{'id': 47592, 'rank': 2, 'fitness': 0.9760917225140365, 'generation': 862}","{'id': 47568, 'rank': 3, 'fitness': 0.9544524330293559, 'generation': 862}","{'id': 47602, 'rank': 4, 'fitness': 0.9292814891748851, 'generation': 862}","{'id': 47584, 'rank': 5, 'fitness': 0.9208430517845831, 'generation': 862}","{'id': 47450, 'rank': 6, 'fitness': 0.860579716608368, 'generation': 862}","{'id': 47559, 'rank': 7, 'fitness': 0.860525477875386, 'generation': 862}","{'id': 47559, 'rank': 8, 'fitness': 0.860525477875386, 'generation': 862}","{'id': 47559, 'rank': 9, 'fitness': 0.860525477875386, 'generation': 862}","{'id': 47559, 'rank': 10, 'fitness': 0.860525477875386, 'generation': 862}","{'id': 47559, 'rank': 11, 'fitness': 0.860525477875386, 'generation': 862}","{'id': 47550, 'rank': 12, 'fitness': 0.8329034161786306, 'generation': 862}","{'id': 47550, 'rank': 13, 'fitness': 0.8329034161786306, 'generation': 862}","{'id': 47389, 'rank': 14, 'fitness': 0.7995214781913182, 'generation': 862}","{'id': 47554, 'rank': 15, 'fitness': 0.6902991090000125, 'generation': 862}","{'id': 47485, 'rank': 16, 'fitness': 0.5639128015264149, 'generation': 862}","{'id': 47521, 'rank': 17, 'fitness': 0.42926238039940284, 'generation': 862}","{'id': 47521, 'rank': 18, 'fitness': 0.42926238039940284, 'generation': 862}","{'id': 47539, 'rank': 19, 'fitness': 0.34202357572218567, 'generation': 862}","{'id': 47539, 'rank': 20, 'fitness': 0.34202357572218567, 'generation': 862}","{'id': 47597, 'rank': 21, 'fitness': 0.32077178061293865, 'generation': 862}","{'id': 47576, 'rank': 22, 'fitness': 0.2694705979470165, 'generation': 862}","{'id': 47063, 'rank': 23, 'fitness': 0.21077755606675508, 'generation': 862}","{'id': 47606, 'rank': 24, 'fitness': 0.1528229695811838, 'generation': 862}","{'id': 47564, 'rank': 25, 'fitness': 0.13869407517674465, 'generation': 862}","{'id': 47519, 'rank': 26, 'fitness': 0.07203581436654455, 'generation': 862}","{'id': 47598, 'rank': 27, 'fitness': 0.06931300762686077, 'generation': 862}","{'id': 47572, 'rank': 28, 'fitness': 0.04320032768153287, 'generation': 862}","{'id': 47470, 'rank': 29, 'fitness': 0.018808782735806606, 'generation': 862}","{'id': 47604, 'rank': 30, 'fitness': 0.01798620996209155, 'generation': 862}"
"{'id': 47578, 'rank': 1, 'fitness': 0.9820137900379085, 'generation': 863}","{'id': 47592, 'rank': 2, 'fitness': 0.9770887849496157, 'generation': 863}","{'id': 47568, 'rank': 3, 'fitness': 0.9603072951234218, 'generation': 863}","{'id': 47584, 'rank': 4, 'fitness': 0.9361882508038438, 'generation': 863}","{'id': 47559, 'rank': 5, 'fitness': 0.8953744455234733, 'generation': 863}","{'id': 47559, 'rank': 6, 'fitness': 0.8953744455234733, 'generation': 863}","{'id': 47550, 'rank': 7, 'fitness': 0.8771323180444963, 'generation': 863}","{'id': 47550, 'rank': 8, 'fitness': 0.8771323180444963, 'generation': 863}","{'id': 47389, 'rank': 9, 'fitness': 0.8551998745499463, 'generation': 863}","{'id': 47389, 'rank': 10, 'fitness': 0.8551998745499463, 'generation': 863}","{'id': 47661, 'rank': 11, 'fitness': 0.8362920478213034, 'generation': 863}","{'id': 47661, 'rank': 12, 'fitness': 0.8362920478213034, 'generation': 863}","{'id': 47653, 'rank': 13, 'fitness': 0.7154404166453664, 'generation': 863}","{'id': 47521, 'rank': 14, 'fitness': 0.5885918446596211, 'generation': 863}","{'id': 47539, 'rank': 15, 'fitness': 0.5110375323295436, 'generation': 863}","{'id': 47539, 'rank': 16, 'fitness': 0.5110375323295436, 'generation': 863}","{'id': 47539, 'rank': 17, 'fitness': 0.5110375323295436, 'generation': 863}","{'id': 47539, 'rank': 18, 'fitness': 0.5110375323295436, 'generation': 863}","{'id': 47597, 'rank': 19, 'fitness': 0.4906551852721556, 'generation': 863}","{'id': 47598, 'rank': 20, 'fitness': 0.1669684120790353, 'generation': 863}","{'id': 47617, 'rank': 21, 'fitness': 0.15807391410308136, 'generation': 863}","{'id': 47654, 'rank': 22, 'fitness': 0.1517287155447662, 'generation': 863}","{'id': 47660, 'rank': 23, 'fitness': 0.12033318274427096, 'generation': 863}","{'id': 47572, 'rank': 24, 'fitness': 0.11582019393855547, 'generation': 863}","{'id': 47572, 'rank': 25, 'fitness': 0.11582019393855547, 'generation': 863}","{'id': 47627, 'rank': 26, 'fitness': 0.058568356814624245, 'generation': 863}","{'id': 47604, 'rank': 27, 'fitness': 0.05735235570943753, 'generation': 863}","{'id': 47629, 'rank': 28, 'fitness': 0.02711318295222198, 'generation': 863}","{'id': 47613, 'rank': 29, 'fitness': 0.0233572575001042, 'generation': 863}","{'id': 47656, 'rank': 30, 'fitness': 0.01798620996209155, 'generation': 863}"
"{'id': 47665, 'rank': 1, 'fitness': 0.9820137900379085, 'generation': 864}","{'id': 47559, 'rank': 2, 'fitness': 0.9192607779653736, 'generation': 864}","{'id': 47550, 'rank': 3, 'fitness': 0.90608885086091, 'generation': 864}","{'id': 47550, 'rank': 4, 'fitness': 0.90608885086091, 'generation': 864}","{'id': 47550, 'rank': 5, 'fitness': 0.90608885086091, 'generation': 864}","{'id': 47389, 'rank': 6, 'fitness': 0.890287813526745, 'generation': 864}","{'id': 47661, 'rank': 7, 'fitness': 0.8766626401953845, 'generation': 864}","{'id': 47661, 'rank': 8, 'fitness': 0.8766626401953845, 'generation': 864}","{'id': 47703, 'rank': 9, 'fitness': 0.8211416644604542, 'generation': 864}","{'id': 47653, 'rank': 10, 'fitness': 0.7881543001595557, 'generation': 864}","{'id': 47688, 'rank': 11, 'fitness': 0.7580677085942116, 'generation': 864}","{'id': 47684, 'rank': 12, 'fitness': 0.7095996272693824, 'generation': 864}","{'id': 47702, 'rank': 13, 'fitness': 0.6342700645379947, 'generation': 864}","{'id': 47702, 'rank': 14, 'fitness': 0.6342700645379947, 'generation': 864}","{'id': 47539, 'rank': 15, 'fitness': 0.6253405123264997, 'generation': 864}","{'id': 47539, 'rank': 16, 'fitness': 0.6253405123264997, 'generation': 864}","{'id': 47539, 'rank': 17, 'fitness': 0.6253405123264997, 'generation': 864}","{'id': 47699, 'rank': 18, 'fitness': 0.20900833689329396, 'generation': 864}","{'id': 47660, 'rank': 19, 'fitness': 0.20676399353622743, 'generation': 864}","{'id': 47660, 'rank': 20, 'fitness': 0.20676399353622743, 'generation': 864}","{'id': 47572, 'rank': 21, 'fitness': 0.20034797433567053, 'generation': 864}","{'id': 47706, 'rank': 22, 'fitness': 0.1880220051065698, 'generation': 864}","{'id': 47668, 'rank': 23, 'fitness': 0.07636036741594393, 'generation': 864}","{'id': 47629, 'rank': 24, 'fitness': 0.05746875454649025, 'generation': 864}","{'id': 47679, 'rank': 25, 'fitness': 0.04510717010774912, 'generation': 864}","{'id': 47722, 'rank': 26, 'fitness': 0.04060322900998886, 'generation': 864}","{'id': 47656, 'rank': 27, 'fitness': 0.039901487455869966, 'generation': 864}","{'id': 47697, 'rank': 28, 'fitness': 0.02219773710268097, 'generation': 864}","{'id': 47690, 'rank': 29, 'fitness': 0.018169103938208253, 'generation': 864}","{'id': 47674, 'rank': 30, 'fitness': 0.01798620996209155, 'generation': 864}"
"{'id': 47665, 'rank': 1, 'fitness': 0.9820137900379085, 'generation': 865}","{'id': 47763, 'rank': 2, 'fitness': 0.9364316804562964, 'generation': 865}","{'id': 47743, 'rank': 3, 'fitness': 0.9221502005494393, 'generation': 865}","{'id': 47550, 'rank': 4, 'fitness': 0.9058984858057418, 'generation': 865}","{'id': 47771, 'rank': 5, 'fitness': 0.8927299556090792, 'generation': 865}","{'id': 47389, 'rank': 6, 'fitness': 0.8900474601317568, 'generation': 865}","{'id': 47661, 'rank': 7, 'fitness': 0.876378072536489, 'generation': 865}","{'id': 47661, 'rank': 8, 'fitness': 0.876378072536489, 'generation': 865}","{'id': 47785, 'rank': 9, 'fitness': 0.8034993465684348, 'generation': 865}","{'id': 47684, 'rank': 10, 'fitness': 0.7087733839373753, 'generation': 865}","{'id': 47684, 'rank': 11, 'fitness': 0.7087733839373753, 'generation': 865}","{'id': 47733, 'rank': 12, 'fitness': 0.6414049083903048, 'generation': 865}","{'id': 47702, 'rank': 13, 'fitness': 0.6332375573733073, 'generation': 865}","{'id': 47702, 'rank': 14, 'fitness': 0.6332375573733073, 'generation': 865}","{'id': 47539, 'rank': 15, 'fitness': 0.6242861431259965, 'generation': 865}","{'id': 47539, 'rank': 16, 'fitness': 0.6242861431259965, 'generation': 865}","{'id': 47539, 'rank': 17, 'fitness': 0.6242861431259965, 'generation': 865}","{'id': 47784, 'rank': 18, 'fitness': 0.5325647407147828, 'generation': 865}","{'id': 47784, 'rank': 19, 'fitness': 0.5325647407147828, 'generation': 865}","{'id': 47747, 'rank': 20, 'fitness': 0.27466709892553076, 'generation': 865}","{'id': 47747, 'rank': 21, 'fitness': 0.27466709892553076, 'generation': 865}","{'id': 47774, 'rank': 22, 'fitness': 0.09654419879398879, 'generation': 865}","{'id': 47774, 'rank': 23, 'fitness': 0.09654419879398879, 'generation': 865}","{'id': 47729, 'rank': 24, 'fitness': 0.07485719149303721, 'generation': 865}","{'id': 47748, 'rank': 25, 'fitness': 0.06165102981218096, 'generation': 865}","{'id': 47782, 'rank': 26, 'fitness': 0.042648350221355824, 'generation': 865}","{'id': 47728, 'rank': 27, 'fitness': 0.03735367453880367, 'generation': 865}","{'id': 47773, 'rank': 28, 'fitness': 0.03180376637285259, 'generation': 865}","{'id': 47727, 'rank': 29, 'fitness': 0.026537118078968358, 'generation': 865}","{'id': 47690, 'rank': 30, 'fitness': 0.01798620996209155, 'generation': 865}"
"{'id': 47790, 'rank': 1, 'fitness': 0.9820137900379085, 'generation': 866}","{'id': 47763, 'rank': 2, 'fitness': 0.97588395188191, 'generation': 866}","{'id': 47743, 'rank': 3, 'fitness': 0.9682554340531786, 'generation': 866}","{'id': 47771, 'rank': 4, 'fitness': 0.950738861475416, 'generation': 866}","{'id': 47771, 'rank': 5, 'fitness': 0.950738861475416, 'generation': 866}","{'id': 47389, 'rank': 6, 'fitness': 0.9490287956202056, 'generation': 866}","{'id': 47661, 'rank': 7, 'fitness': 0.9400365352263155, 'generation': 866}","{'id': 47661, 'rank': 8, 'fitness': 0.9400365352263155, 'generation': 866}","{'id': 47786, 'rank': 9, 'fitness': 0.7398427941442388, 'generation': 866}","{'id': 47786, 'rank': 10, 'fitness': 0.7398427941442388, 'generation': 866}","{'id': 47733, 'rank': 11, 'fitness': 0.7244625695444019, 'generation': 866}","{'id': 47539, 'rank': 12, 'fitness': 0.7049889336207744, 'generation': 866}","{'id': 47539, 'rank': 13, 'fitness': 0.7049889336207744, 'generation': 866}","{'id': 47840, 'rank': 14, 'fitness': 0.6217832929431067, 'generation': 866}","{'id': 47821, 'rank': 15, 'fitness': 0.4834795082552772, 'generation': 866}","{'id': 47806, 'rank': 16, 'fitness': 0.48113579794227, 'generation': 866}","{'id': 47802, 'rank': 17, 'fitness': 0.4449851732789053, 'generation': 866}","{'id': 47796, 'rank': 18, 'fitness': 0.3147115424352904, 'generation': 866}","{'id': 47813, 'rank': 19, 'fitness': 0.2771998982680681, 'generation': 866}","{'id': 47835, 'rank': 20, 'fitness': 0.26488731001713056, 'generation': 866}","{'id': 47747, 'rank': 21, 'fitness': 0.2599496841024336, 'generation': 866}","{'id': 47747, 'rank': 22, 'fitness': 0.2599496841024336, 'generation': 866}","{'id': 47822, 'rank': 23, 'fitness': 0.056556558664428325, 'generation': 866}","{'id': 47793, 'rank': 24, 'fitness': 0.05285036278098115, 'generation': 866}","{'id': 47807, 'rank': 25, 'fitness': 0.05065560232946176, 'generation': 866}","{'id': 47826, 'rank': 26, 'fitness': 0.04146132477352865, 'generation': 866}","{'id': 47836, 'rank': 27, 'fitness': 0.027195648880149914, 'generation': 866}","{'id': 47836, 'rank': 28, 'fitness': 0.027195648880149914, 'generation': 866}","{'id': 47799, 'rank': 29, 'fitness': 0.02661433253881318, 'generation': 866}","{'id': 47728, 'rank': 30, 'fitness': 0.01798620996209155, 'generation': 866}"
"{'id': 47763, 'rank': 1, 'fitness': 0.9820137900379085, 'generation': 867}","{'id': 47743, 'rank': 2, 'fitness': 0.9756184980711149, 'generation': 867}","{'id': 47743, 'rank': 3, 'fitness': 0.9756184980711149, 'generation': 867}","{'id': 47661, 'rank': 4, 'fitness': 0.9506208078262972, 'generation': 867}","{'id': 47872, 'rank': 5, 'fitness': 0.8179171267883387, 'generation': 867}","{'id': 47852, 'rank': 6, 'fitness': 0.7786145177148627, 'generation': 867}","{'id': 47733, 'rank': 7, 'fitness': 0.7300496886514724, 'generation': 867}","{'id': 47733, 'rank': 8, 'fitness': 0.7300496886514724, 'generation': 867}","{'id': 47733, 'rank': 9, 'fitness': 0.7300496886514724, 'generation': 867}","{'id': 47733, 'rank': 10, 'fitness': 0.7300496886514724, 'generation': 867}","{'id': 47882, 'rank': 11, 'fitness': 0.7263280295368465, 'generation': 867}","{'id': 47539, 'rank': 12, 'fitness': 0.708860006230129, 'generation': 867}","{'id': 47539, 'rank': 13, 'fitness': 0.708860006230129, 'generation': 867}","{'id': 47840, 'rank': 14, 'fitness': 0.6174359941764385, 'generation': 867}","{'id': 47840, 'rank': 15, 'fitness': 0.6174359941764385, 'generation': 867}","{'id': 47840, 'rank': 16, 'fitness': 0.6174359941764385, 'generation': 867}","{'id': 47821, 'rank': 17, 'fitness': 0.46494267545386075, 'generation': 867}","{'id': 47909, 'rank': 18, 'fitness': 0.45486006844311105, 'generation': 867}","{'id': 47901, 'rank': 19, 'fitness': 0.4410769313574968, 'generation': 867}","{'id': 47802, 'rank': 20, 'fitness': 0.4229491270168484, 'generation': 867}","{'id': 47885, 'rank': 21, 'fitness': 0.3610389857174202, 'generation': 867}","{'id': 47813, 'rank': 22, 'fitness': 0.24576648245577282, 'generation': 867}","{'id': 47877, 'rank': 23, 'fitness': 0.21575861068913454, 'generation': 867}","{'id': 47892, 'rank': 24, 'fitness': 0.10610329260523288, 'generation': 867}","{'id': 47898, 'rank': 25, 'fitness': 0.10059431245589867, 'generation': 867}","{'id': 47847, 'rank': 26, 'fitness': 0.09282890740846889, 'generation': 867}","{'id': 47873, 'rank': 27, 'fitness': 0.07463000595611502, 'generation': 867}","{'id': 47907, 'rank': 28, 'fitness': 0.037286819670228344, 'generation': 867}","{'id': 47836, 'rank': 29, 'fitness': 0.01798620996209155, 'generation': 867}","{'id': 47836, 'rank': 30, 'fitness': 0.01798620996209155, 'generation': 867}"
"{'id': 47763, 'rank': 1, 'fitness': 0.9820137900379085, 'generation': 868}","{'id': 47661, 'rank': 2, 'fitness': 0.9542033752609007, 'generation': 868}","{'id': 47661, 'rank': 3, 'fitness': 0.9542033752609007, 'generation': 868}","{'id': 47661, 'rank': 4, 'fitness': 0.9542033752609007, 'generation': 868}","{'id': 47872, 'rank': 5, 'fitness': 0.8444582838913379, 'generation': 868}","{'id': 47852, 'rank': 6, 'fitness': 0.812396166354647, 'generation': 868}","{'id': 47733, 'rank': 7, 'fitness': 0.7725649790844852, 'generation': 868}","{'id': 47733, 'rank': 8, 'fitness': 0.7725649790844852, 'generation': 868}","{'id': 47733, 'rank': 9, 'fitness': 0.7725649790844852, 'generation': 868}","{'id': 47539, 'rank': 10, 'fitness': 0.7550625729550392, 'generation': 868}","{'id': 47952, 'rank': 11, 'fitness': 0.7293759168486869, 'generation': 868}","{'id': 47915, 'rank': 12, 'fitness': 0.7130765725453712, 'generation': 868}","{'id': 47840, 'rank': 13, 'fitness': 0.6782663977478579, 'generation': 868}","{'id': 47840, 'rank': 14, 'fitness': 0.6782663977478579, 'generation': 868}","{'id': 47821, 'rank': 15, 'fitness': 0.5433028947888927, 'generation': 868}","{'id': 47909, 'rank': 16, 'fitness': 0.5339808304883857, 'generation': 868}","{'id': 47885, 'rank': 17, 'fitness': 0.4442082966252753, 'generation': 868}","{'id': 47911, 'rank': 18, 'fitness': 0.34788461221887607, 'generation': 868}","{'id': 47813, 'rank': 19, 'fitness': 0.32457990194322117, 'generation': 868}","{'id': 47927, 'rank': 20, 'fitness': 0.26804612052433757, 'generation': 868}","{'id': 47927, 'rank': 21, 'fitness': 0.26804612052433757, 'generation': 868}","{'id': 47933, 'rank': 22, 'fitness': 0.23792379564645455, 'generation': 868}","{'id': 47951, 'rank': 23, 'fitness': 0.2184119105369028, 'generation': 868}","{'id': 47938, 'rank': 24, 'fitness': 0.19576137346507805, 'generation': 868}","{'id': 47937, 'rank': 25, 'fitness': 0.1678913425091214, 'generation': 868}","{'id': 47957, 'rank': 26, 'fitness': 0.13036462298009405, 'generation': 868}","{'id': 47957, 'rank': 27, 'fitness': 0.13036462298009405, 'generation': 868}","{'id': 47873, 'rank': 28, 'fitness': 0.11678804151688138, 'generation': 868}","{'id': 47953, 'rank': 29, 'fitness': 0.09302742706030714, 'generation': 868}","{'id': 47947, 'rank': 30, 'fitness': 0.01798620996209155, 'generation': 868}"
"{'id': 48018, 'rank': 1, 'fitness': 0.9820137900379085, 'generation': 869}","{'id': 47661, 'rank': 2, 'fitness': 0.9710287188814675, 'generation': 869}","{'id': 47976, 'rank': 3, 'fitness': 0.9610944059599562, 'generation': 869}","{'id': 47960, 'rank': 4, 'fitness': 0.9012527730480757, 'generation': 869}","{'id': 47852, 'rank': 5, 'fitness': 0.8605823608465699, 'generation': 869}","{'id': 47733, 'rank': 6, 'fitness': 0.8261588350313085, 'generation': 869}","{'id': 47539, 'rank': 7, 'fitness': 0.8106320131877262, 'generation': 869}","{'id': 47840, 'rank': 8, 'fitness': 0.7397937989821178, 'generation': 869}","{'id': 47965, 'rank': 9, 'fitness': 0.7375240365286928, 'generation': 869}","{'id': 48017, 'rank': 10, 'fitness': 0.7316627414436727, 'generation': 869}","{'id': 47974, 'rank': 11, 'fitness': 0.5805990516681493, 'generation': 869}","{'id': 48004, 'rank': 12, 'fitness': 0.5719113079141935, 'generation': 869}","{'id': 47968, 'rank': 13, 'fitness': 0.503116920458801, 'generation': 869}","{'id': 47968, 'rank': 14, 'fitness': 0.503116920458801, 'generation': 869}","{'id': 47972, 'rank': 15, 'fitness': 0.4774902603184949, 'generation': 869}","{'id': 47911, 'rank': 16, 'fitness': 0.39292689637625466, 'generation': 869}","{'id': 47911, 'rank': 17, 'fitness': 0.39292689637625466, 'generation': 869}","{'id': 47813, 'rank': 18, 'fitness': 0.3664407333475705, 'generation': 869}","{'id': 47927, 'rank': 19, 'fitness': 0.30149553834125475, 'generation': 869}","{'id': 47927, 'rank': 20, 'fitness': 0.30149553834125475, 'generation': 869}","{'id': 48009, 'rank': 21, 'fitness': 0.23183849310064325, 'generation': 869}","{'id': 48013, 'rank': 22, 'fitness': 0.1494388383582898, 'generation': 869}","{'id': 47957, 'rank': 23, 'fitness': 0.14159493153158392, 'generation': 869}","{'id': 47957, 'rank': 24, 'fitness': 0.14159493153158392, 'generation': 869}","{'id': 47957, 'rank': 25, 'fitness': 0.14159493153158392, 'generation': 869}","{'id': 47957, 'rank': 26, 'fitness': 0.14159493153158392, 'generation': 869}","{'id': 47982, 'rank': 27, 'fitness': 0.12559464400702414, 'generation': 869}","{'id': 47987, 'rank': 28, 'fitness': 0.08095797261529836, 'generation': 869}","{'id': 47995, 'rank': 29, 'fitness': 0.032041111299803915, 'generation': 869}","{'id': 48020, 'rank': 30, 'fitness': 0.01798620996209155, 'generation': 869}"
"{'id': 48049, 'rank': 1, 'fitness': 0.9820137900379085, 'generation': 870}","{'id': 48049, 'rank': 2, 'fitness': 0.9820137900379085, 'generation': 870}","{'id': 48026, 'rank': 3, 'fitness': 0.7355662210218905, 'generation': 870}","{'id': 48018, 'rank': 4, 'fitness': 0.7266929924886979, 'generation': 870}","{'id': 48023, 'rank': 5, 'fitness': 0.550759486419163, 'generation': 870}","{'id': 48043, 'rank': 6, 'fitness': 0.4912218341614064, 'generation': 870}","{'id': 48043, 'rank': 7, 'fitness': 0.4912218341614064, 'generation': 870}","{'id': 47539, 'rank': 8, 'fitness': 0.3497928674740093, 'generation': 870}","{'id': 47965, 'rank': 9, 'fitness': 0.29231451261717534, 'generation': 870}","{'id': 48017, 'rank': 10, 'fitness': 0.2884264943293211, 'generation': 870}","{'id': 48017, 'rank': 11, 'fitness': 0.2884264943293211, 'generation': 870}","{'id': 48032, 'rank': 12, 'fitness': 0.2764340482634067, 'generation': 870}","{'id': 48048, 'rank': 13, 'fitness': 0.2752724111736221, 'generation': 870}","{'id': 48041, 'rank': 14, 'fitness': 0.21807369147292593, 'generation': 870}","{'id': 47974, 'rank': 15, 'fitness': 0.20941264754762018, 'generation': 870}","{'id': 48061, 'rank': 16, 'fitness': 0.1858243862631439, 'generation': 870}","{'id': 47911, 'rank': 17, 'fitness': 0.14116744112825186, 'generation': 870}","{'id': 47911, 'rank': 18, 'fitness': 0.14116744112825186, 'generation': 870}","{'id': 48050, 'rank': 19, 'fitness': 0.1339842433843681, 'generation': 870}","{'id': 47813, 'rank': 20, 'fitness': 0.13282255367790757, 'generation': 870}","{'id': 47927, 'rank': 21, 'fitness': 0.11305420261102533, 'generation': 870}","{'id': 48059, 'rank': 22, 'fitness': 0.110054174066195, 'generation': 870}","{'id': 48009, 'rank': 23, 'fitness': 0.09241786268594077, 'generation': 870}","{'id': 48036, 'rank': 24, 'fitness': 0.05812619859712376, 'generation': 870}","{'id': 47987, 'rank': 25, 'fitness': 0.044901265962209, 'generation': 870}","{'id': 47987, 'rank': 26, 'fitness': 0.044901265962209, 'generation': 870}","{'id': 48069, 'rank': 27, 'fitness': 0.039748936332000606, 'generation': 870}","{'id': 48068, 'rank': 28, 'fitness': 0.034573197133748956, 'generation': 870}","{'id': 47995, 'rank': 29, 'fitness': 0.024803634392490337, 'generation': 870}","{'id': 48037, 'rank': 30, 'fitness': 0.01798620996209155, 'generation': 870}"
"{'id': 48085, 'rank': 1, 'fitness': 0.9820137900379085, 'generation': 871}","{'id': 48085, 'rank': 2, 'fitness': 0.9820137900379085, 'generation': 871}","{'id': 48074, 'rank': 3, 'fitness': 0.9757281207687092, 'generation': 871}","{'id': 48104, 'rank': 4, 'fitness': 0.9667713240989988, 'generation': 871}","{'id': 48104, 'rank': 5, 'fitness': 0.9667713240989988, 'generation': 871}","{'id': 48026, 'rank': 6, 'fitness': 0.962296588924755, 'generation': 871}","{'id': 48075, 'rank': 7, 'fitness': 0.9270446511311284, 'generation': 871}","{'id': 48098, 'rank': 8, 'fitness': 0.8739035571092832, 'generation': 871}","{'id': 48023, 'rank': 9, 'fitness': 0.8521391290827495, 'generation': 871}","{'id': 48043, 'rank': 10, 'fitness': 0.788790320302805, 'generation': 871}","{'id': 48086, 'rank': 11, 'fitness': 0.7246508807258194, 'generation': 871}","{'id': 48079, 'rank': 12, 'fitness': 0.5304707349152986, 'generation': 871}","{'id': 47965, 'rank': 13, 'fitness': 0.44411769990930144, 'generation': 871}","{'id': 47965, 'rank': 14, 'fitness': 0.44411769990930144, 'generation': 871}","{'id': 48017, 'rank': 15, 'fitness': 0.435673883108139, 'generation': 871}","{'id': 48017, 'rank': 16, 'fitness': 0.435673883108139, 'generation': 871}","{'id': 48032, 'rank': 17, 'fitness': 0.40945293216535267, 'generation': 871}","{'id': 48048, 'rank': 18, 'fitness': 0.40690147783932457, 'generation': 871}","{'id': 48048, 'rank': 19, 'fitness': 0.40690147783932457, 'generation': 871}","{'id': 48076, 'rank': 20, 'fitness': 0.364396757197206, 'generation': 871}","{'id': 48088, 'rank': 21, 'fitness': 0.3143397167169634, 'generation': 871}","{'id': 48041, 'rank': 22, 'fitness': 0.28133999744174376, 'generation': 871}","{'id': 48061, 'rank': 23, 'fitness': 0.2138469318350994, 'generation': 871}","{'id': 47911, 'rank': 24, 'fitness': 0.13032480205181762, 'generation': 871}","{'id': 48050, 'rank': 25, 'fitness': 0.11835799592221052, 'generation': 871}","{'id': 48059, 'rank': 26, 'fitness': 0.08204119860233172, 'generation': 871}","{'id': 48059, 'rank': 27, 'fitness': 0.08204119860233172, 'generation': 871}","{'id': 48091, 'rank': 28, 'fitness': 0.04805031042225966, 'generation': 871}","{'id': 48107, 'rank': 29, 'fitness': 0.04199377048748337, 'generation': 871}","{'id': 48084, 'rank': 30, 'fitness': 0.01798620996209155, 'generation': 871}"
"{'id': 48152, 'rank': 1, 'fitness': 0.9820137900379085, 'generation': 872}","{'id': 48085, 'rank': 2, 'fitness': 0.9450134582648599, 'generation': 872}","{'id': 48085, 'rank': 3, 'fitness': 0.9450134582648599, 'generation': 872}","{'id': 48085, 'rank': 4, 'fitness': 0.9450134582648599, 'generation': 872}","{'id': 48104, 'rank': 5, 'fitness': 0.9093403001160222, 'generation': 872}","{'id': 48075, 'rank': 6, 'fitness': 0.831585147357399, 'generation': 872}","{'id': 48075, 'rank': 7, 'fitness': 0.831585147357399, 'generation': 872}","{'id': 48075, 'rank': 8, 'fitness': 0.831585147357399, 'generation': 872}","{'id': 48132, 'rank': 9, 'fitness': 0.7203276612895573, 'generation': 872}","{'id': 48043, 'rank': 10, 'fitness': 0.6339783767635732, 'generation': 872}","{'id': 48137, 'rank': 11, 'fitness': 0.5864291575413394, 'generation': 872}","{'id': 48131, 'rank': 12, 'fitness': 0.5572223024642924, 'generation': 872}","{'id': 48131, 'rank': 13, 'fitness': 0.5572223024642924, 'generation': 872}","{'id': 48131, 'rank': 14, 'fitness': 0.5572223024642924, 'generation': 872}","{'id': 48079, 'rank': 15, 'fitness': 0.3837780702665898, 'generation': 872}","{'id': 47965, 'rank': 16, 'fitness': 0.31648359719768215, 'generation': 872}","{'id': 47965, 'rank': 17, 'fitness': 0.31648359719768215, 'generation': 872}","{'id': 48017, 'rank': 18, 'fitness': 0.3101755203476637, 'generation': 872}","{'id': 48017, 'rank': 19, 'fitness': 0.3101755203476637, 'generation': 872}","{'id': 48048, 'rank': 20, 'fitness': 0.28899024314238664, 'generation': 872}","{'id': 48048, 'rank': 21, 'fitness': 0.28899024314238664, 'generation': 872}","{'id': 48076, 'rank': 22, 'fitness': 0.25847809599885213, 'generation': 872}","{'id': 48076, 'rank': 23, 'fitness': 0.25847809599885213, 'generation': 872}","{'id': 48138, 'rank': 24, 'fitness': 0.22155866808943536, 'generation': 872}","{'id': 48138, 'rank': 25, 'fitness': 0.22155866808943536, 'generation': 872}","{'id': 48122, 'rank': 26, 'fitness': 0.1719767500821333, 'generation': 872}","{'id': 48091, 'rank': 27, 'fitness': 0.041777004232169235, 'generation': 872}","{'id': 48139, 'rank': 28, 'fitness': 0.029974230447867345, 'generation': 872}","{'id': 48136, 'rank': 29, 'fitness': 0.02346513156859087, 'generation': 872}","{'id': 48084, 'rank': 30, 'fitness': 0.01798620996209155, 'generation': 872}"
"{'id': 48213, 'rank': 1, 'fitness': 0.9820137900379085, 'generation': 873}","{'id': 48152, 'rank': 2, 'fitness': 0.8969441228342965, 'generation': 873}","{'id': 48085, 'rank': 3, 'fitness': 0.7872748302311009, 'generation': 873}","{'id': 48104, 'rank': 4, 'fitness': 0.7130374165798871, 'generation': 873}","{'id': 48104, 'rank': 5, 'fitness': 0.7130374165798871, 'generation': 873}","{'id': 48104, 'rank': 6, 'fitness': 0.7130374165798871, 'generation': 873}","{'id': 48210, 'rank': 7, 'fitness': 0.6433527074782325, 'generation': 873}","{'id': 48075, 'rank': 8, 'fitness': 0.5952885497374416, 'generation': 873}","{'id': 48075, 'rank': 9, 'fitness': 0.5952885497374416, 'generation': 873}","{'id': 48075, 'rank': 10, 'fitness': 0.5952885497374416, 'generation': 873}","{'id': 48075, 'rank': 11, 'fitness': 0.5952885497374416, 'generation': 873}","{'id': 48075, 'rank': 12, 'fitness': 0.5952885497374416, 'generation': 873}","{'id': 48075, 'rank': 13, 'fitness': 0.5952885497374416, 'generation': 873}","{'id': 48212, 'rank': 14, 'fitness': 0.5676952831424865, 'generation': 873}","{'id': 48175, 'rank': 15, 'fitness': 0.47687243808066154, 'generation': 873}","{'id': 48132, 'rank': 16, 'fitness': 0.4761150948429721, 'generation': 873}","{'id': 48217, 'rank': 17, 'fitness': 0.47491236802786, 'generation': 873}","{'id': 48217, 'rank': 18, 'fitness': 0.47491236802786, 'generation': 873}","{'id': 48185, 'rank': 19, 'fitness': 0.44543793985901603, 'generation': 873}","{'id': 48043, 'rank': 20, 'fitness': 0.40392297335203897, 'generation': 873}","{'id': 48131, 'rank': 21, 'fitness': 0.34854015819810413, 'generation': 873}","{'id': 48205, 'rank': 22, 'fitness': 0.27623871767968494, 'generation': 873}","{'id': 48205, 'rank': 23, 'fitness': 0.27623871767968494, 'generation': 873}","{'id': 47965, 'rank': 24, 'fitness': 0.20339861371003304, 'generation': 873}","{'id': 48184, 'rank': 25, 'fitness': 0.13375313544030698, 'generation': 873}","{'id': 48206, 'rank': 26, 'fitness': 0.04497914658873342, 'generation': 873}","{'id': 48199, 'rank': 27, 'fitness': 0.044862363550770556, 'generation': 873}","{'id': 48199, 'rank': 28, 'fitness': 0.044862363550770556, 'generation': 873}","{'id': 48208, 'rank': 29, 'fitness': 0.037648860095694014, 'generation': 873}","{'id': 48174, 'rank': 30, 'fitness': 0.01798620996209155, 'generation': 873}"
"{'id': 48251, 'rank': 1, 'fitness': 0.9820137900379085, 'generation': 874}","{'id': 48251, 'rank': 2, 'fitness': 0.9820137900379085, 'generation': 874}","{'id': 48251, 'rank': 3, 'fitness': 0.9820137900379085, 'generation': 874}","{'id': 48251, 'rank': 4, 'fitness': 0.9820137900379085, 'generation': 874}","{'id': 48261, 'rank': 5, 'fitness': 0.9626744516726204, 'generation': 874}","{'id': 48104, 'rank': 6, 'fitness': 0.9117545912258913, 'generation': 874}","{'id': 48104, 'rank': 7, 'fitness': 0.9117545912258913, 'generation': 874}","{'id': 48210, 'rank': 8, 'fitness': 0.8791439553853627, 'generation': 874}","{'id': 48075, 'rank': 9, 'fitness': 0.8533014945226467, 'generation': 874}","{'id': 48075, 'rank': 10, 'fitness': 0.8533014945226467, 'generation': 874}","{'id': 48075, 'rank': 11, 'fitness': 0.8533014945226467, 'generation': 874}","{'id': 48075, 'rank': 12, 'fitness': 0.8533014945226467, 'generation': 874}","{'id': 48075, 'rank': 13, 'fitness': 0.8533014945226467, 'generation': 874}","{'id': 48212, 'rank': 14, 'fitness': 0.8370520262033856, 'generation': 874}","{'id': 48132, 'rank': 15, 'fitness': 0.7743684374473054, 'generation': 874}","{'id': 48217, 'rank': 16, 'fitness': 0.7734438238315704, 'generation': 874}","{'id': 48243, 'rank': 17, 'fitness': 0.6818539263428317, 'generation': 874}","{'id': 48259, 'rank': 18, 'fitness': 0.6020363311150427, 'generation': 874}","{'id': 48257, 'rank': 19, 'fitness': 0.5982646045829656, 'generation': 874}","{'id': 47965, 'rank': 20, 'fitness': 0.4605822789654037, 'generation': 874}","{'id': 48225, 'rank': 21, 'fitness': 0.22433839328186406, 'generation': 874}","{'id': 48231, 'rank': 22, 'fitness': 0.18703845894090293, 'generation': 874}","{'id': 48221, 'rank': 23, 'fitness': 0.1659261773393772, 'generation': 874}","{'id': 48199, 'rank': 24, 'fitness': 0.11782510051740708, 'generation': 874}","{'id': 48239, 'rank': 25, 'fitness': 0.09985189925497917, 'generation': 874}","{'id': 48229, 'rank': 26, 'fitness': 0.08594547981896977, 'generation': 874}","{'id': 48270, 'rank': 27, 'fitness': 0.03627206525817367, 'generation': 874}","{'id': 48240, 'rank': 28, 'fitness': 0.025650479202403154, 'generation': 874}","{'id': 48240, 'rank': 29, 'fitness': 0.025650479202403154, 'generation': 874}","{'id': 48248, 'rank': 30, 'fitness': 0.01798620996209155, 'generation': 874}"
"{'id': 48274, 'rank': 1, 'fitness': 0.9820137900379085, 'generation': 875}","{'id': 48261, 'rank': 2, 'fitness': 0.9813279128998147, 'generation': 875}","{'id': 48276, 'rank': 3, 'fitness': 0.9731840448105209, 'generation': 875}","{'id': 48276, 'rank': 4, 'fitness': 0.9731840448105209, 'generation': 875}","{'id': 48319, 'rank': 5, 'fitness': 0.9637226923952322, 'generation': 875}","{'id': 48104, 'rank': 6, 'fitness': 0.9529462093139928, 'generation': 875}","{'id': 48104, 'rank': 7, 'fitness': 0.9529462093139928, 'generation': 875}","{'id': 48075, 'rank': 8, 'fitness': 0.9175390231953379, 'generation': 875}","{'id': 48132, 'rank': 9, 'fitness': 0.8652259489140319, 'generation': 875}","{'id': 48325, 'rank': 10, 'fitness': 0.7696065691578671, 'generation': 875}","{'id': 48298, 'rank': 11, 'fitness': 0.6470210320620917, 'generation': 875}","{'id': 48298, 'rank': 12, 'fitness': 0.6470210320620917, 'generation': 875}","{'id': 47965, 'rank': 13, 'fitness': 0.6008985509469734, 'generation': 875}","{'id': 48335, 'rank': 14, 'fitness': 0.5426813736224008, 'generation': 875}","{'id': 48280, 'rank': 15, 'fitness': 0.3719266805343511, 'generation': 875}","{'id': 48280, 'rank': 16, 'fitness': 0.3719266805343511, 'generation': 875}","{'id': 48328, 'rank': 17, 'fitness': 0.3450851206282121, 'generation': 875}","{'id': 48221, 'rank': 18, 'fitness': 0.2479841371137605, 'generation': 875}","{'id': 48305, 'rank': 19, 'fitness': 0.2133333328509252, 'generation': 875}","{'id': 48199, 'rank': 20, 'fitness': 0.178768927784411, 'generation': 875}","{'id': 48199, 'rank': 21, 'fitness': 0.178768927784411, 'generation': 875}","{'id': 48307, 'rank': 22, 'fitness': 0.10421673038613999, 'generation': 875}","{'id': 48324, 'rank': 23, 'fitness': 0.05929822188065448, 'generation': 875}","{'id': 48324, 'rank': 24, 'fitness': 0.05929822188065448, 'generation': 875}","{'id': 48332, 'rank': 25, 'fitness': 0.05830037640836039, 'generation': 875}","{'id': 48300, 'rank': 26, 'fitness': 0.05089136547201223, 'generation': 875}","{'id': 48288, 'rank': 27, 'fitness': 0.04818816774491419, 'generation': 875}","{'id': 48293, 'rank': 28, 'fitness': 0.02383885762547311, 'generation': 875}","{'id': 48326, 'rank': 29, 'fitness': 0.01798620996209155, 'generation': 875}","{'id': 48326, 'rank': 30, 'fitness': 0.01798620996209155, 'generation': 875}"
"{'id': 48365, 'rank': 1, 'fitness': 0.9820137900379085, 'generation': 876}","{'id': 48391, 'rank': 2, 'fitness': 0.9692594076209498, 'generation': 876}","{'id': 48319, 'rank': 3, 'fitness': 0.7820247994004179, 'generation': 876}","{'id': 48363, 'rank': 4, 'fitness': 0.7466738498081469, 'generation': 876}","{'id': 48363, 'rank': 5, 'fitness': 0.7466738498081469, 'generation': 876}","{'id': 48104, 'rank': 6, 'fitness': 0.745668770881341, 'generation': 876}","{'id': 48104, 'rank': 7, 'fitness': 0.745668770881341, 'generation': 876}","{'id': 48104, 'rank': 8, 'fitness': 0.745668770881341, 'generation': 876}","{'id': 48349, 'rank': 9, 'fitness': 0.6362609594081367, 'generation': 876}","{'id': 48132, 'rank': 10, 'fitness': 0.5550164317369668, 'generation': 876}","{'id': 48368, 'rank': 11, 'fitness': 0.49764617452969107, 'generation': 876}","{'id': 48325, 'rank': 12, 'fitness': 0.4341228914905401, 'generation': 876}","{'id': 48366, 'rank': 13, 'fitness': 0.42714012280572705, 'generation': 876}","{'id': 48361, 'rank': 14, 'fitness': 0.27726222523679, 'generation': 876}","{'id': 48361, 'rank': 15, 'fitness': 0.27726222523679, 'generation': 876}","{'id': 48361, 'rank': 16, 'fitness': 0.27726222523679, 'generation': 876}","{'id': 48361, 'rank': 17, 'fitness': 0.27726222523679, 'generation': 876}","{'id': 48335, 'rank': 18, 'fitness': 0.262119923239241, 'generation': 876}","{'id': 48374, 'rank': 19, 'fitness': 0.235659595634804, 'generation': 876}","{'id': 48351, 'rank': 20, 'fitness': 0.20293366699165827, 'generation': 876}","{'id': 48351, 'rank': 21, 'fitness': 0.20293366699165827, 'generation': 876}","{'id': 48351, 'rank': 22, 'fitness': 0.20293366699165827, 'generation': 876}","{'id': 48328, 'rank': 23, 'fitness': 0.16260886240581696, 'generation': 876}","{'id': 48353, 'rank': 24, 'fitness': 0.07017222014097124, 'generation': 876}","{'id': 48379, 'rank': 25, 'fitness': 0.06465967282327739, 'generation': 876}","{'id': 48332, 'rank': 26, 'fitness': 0.03798024516038345, 'generation': 876}","{'id': 48341, 'rank': 27, 'fitness': 0.036685156918413286, 'generation': 876}","{'id': 48341, 'rank': 28, 'fitness': 0.036685156918413286, 'generation': 876}","{'id': 48293, 'rank': 29, 'fitness': 0.019378976309673723, 'generation': 876}","{'id': 48355, 'rank': 30, 'fitness': 0.01798620996209155, 'generation': 876}"
"{'id': 48365, 'rank': 1, 'fitness': 0.9820137900379085, 'generation': 877}","{'id': 48365, 'rank': 2, 'fitness': 0.9820137900379085, 'generation': 877}","{'id': 48391, 'rank': 3, 'fitness': 0.9658300793010564, 'generation': 877}","{'id': 48391, 'rank': 4, 'fitness': 0.9658300793010564, 'generation': 877}","{'id': 48411, 'rank': 5, 'fitness': 0.9152725003965523, 'generation': 877}","{'id': 48412, 'rank': 6, 'fitness': 0.6633419334051921, 'generation': 877}","{'id': 48363, 'rank': 7, 'fitness': 0.6224174168074545, 'generation': 877}","{'id': 48363, 'rank': 8, 'fitness': 0.6224174168074545, 'generation': 877}","{'id': 48104, 'rank': 9, 'fitness': 0.6209208340146601, 'generation': 877}","{'id': 48104, 'rank': 10, 'fitness': 0.6209208340146601, 'generation': 877}","{'id': 48132, 'rank': 11, 'fitness': 0.37019579733147373, 'generation': 877}","{'id': 48132, 'rank': 12, 'fitness': 0.37019579733147373, 'generation': 877}","{'id': 48325, 'rank': 13, 'fitness': 0.24709946904608543, 'generation': 877}","{'id': 48325, 'rank': 14, 'fitness': 0.24709946904608543, 'generation': 877}","{'id': 48402, 'rank': 15, 'fitness': 0.17157274053341148, 'generation': 877}","{'id': 48410, 'rank': 16, 'fitness': 0.12614987082847384, 'generation': 877}","{'id': 48410, 'rank': 17, 'fitness': 0.12614987082847384, 'generation': 877}","{'id': 48361, 'rank': 18, 'fitness': 0.12508361969371162, 'generation': 877}","{'id': 48361, 'rank': 19, 'fitness': 0.12508361969371162, 'generation': 877}","{'id': 48361, 'rank': 20, 'fitness': 0.12508361969371162, 'generation': 877}","{'id': 48361, 'rank': 21, 'fitness': 0.12508361969371162, 'generation': 877}","{'id': 48361, 'rank': 22, 'fitness': 0.12508361969371162, 'generation': 877}","{'id': 48361, 'rank': 23, 'fitness': 0.12508361969371162, 'generation': 877}","{'id': 48335, 'rank': 24, 'fitness': 0.11533674936289595, 'generation': 877}","{'id': 48427, 'rank': 25, 'fitness': 0.09586260328477297, 'generation': 877}","{'id': 48420, 'rank': 26, 'fitness': 0.08057143276614032, 'generation': 877}","{'id': 48395, 'rank': 27, 'fitness': 0.07179434073412183, 'generation': 877}","{'id': 48396, 'rank': 28, 'fitness': 0.06552923278698047, 'generation': 877}","{'id': 48415, 'rank': 29, 'fitness': 0.027089035101447667, 'generation': 877}","{'id': 48379, 'rank': 30, 'fitness': 0.01798620996209155, 'generation': 877}"
"{'id': 48365, 'rank': 1, 'fitness': 0.9820137900379085, 'generation': 878}","{'id': 48451, 'rank': 2, 'fitness': 0.9778534281788336, 'generation': 878}","{'id': 48452, 'rank': 3, 'fitness': 0.9221053850002472, 'generation': 878}","{'id': 48411, 'rank': 4, 'fitness': 0.918042350831633, 'generation': 878}","{'id': 48460, 'rank': 5, 'fitness': 0.7969308772933201, 'generation': 878}","{'id': 48460, 'rank': 6, 'fitness': 0.7969308772933201, 'generation': 878}","{'id': 48484, 'rank': 7, 'fitness': 0.760029693712855, 'generation': 878}","{'id': 48484, 'rank': 8, 'fitness': 0.760029693712855, 'generation': 878}","{'id': 48363, 'rank': 9, 'fitness': 0.6406423016643709, 'generation': 878}","{'id': 48104, 'rank': 10, 'fitness': 0.6392089201487176, 'generation': 878}","{'id': 48475, 'rank': 11, 'fitness': 0.5904339351620935, 'generation': 878}","{'id': 48475, 'rank': 12, 'fitness': 0.5904339351620935, 'generation': 878}","{'id': 48475, 'rank': 13, 'fitness': 0.5904339351620935, 'generation': 878}","{'id': 48463, 'rank': 14, 'fitness': 0.546752863362026, 'generation': 878}","{'id': 48463, 'rank': 15, 'fitness': 0.546752863362026, 'generation': 878}","{'id': 48470, 'rank': 16, 'fitness': 0.4829121985271486, 'generation': 878}","{'id': 48478, 'rank': 17, 'fitness': 0.4496339805041927, 'generation': 878}","{'id': 48325, 'rank': 18, 'fitness': 0.26900207885124217, 'generation': 878}","{'id': 48325, 'rank': 19, 'fitness': 0.26900207885124217, 'generation': 878}","{'id': 48450, 'rank': 20, 'fitness': 0.17990948355168862, 'generation': 878}","{'id': 48466, 'rank': 21, 'fitness': 0.14487117617688777, 'generation': 878}","{'id': 48361, 'rank': 22, 'fitness': 0.14038475952303597, 'generation': 878}","{'id': 48361, 'rank': 23, 'fitness': 0.14038475952303597, 'generation': 878}","{'id': 48462, 'rank': 24, 'fitness': 0.1359866603909276, 'generation': 878}","{'id': 48427, 'rank': 25, 'fitness': 0.10867688280303617, 'generation': 878}","{'id': 48482, 'rank': 26, 'fitness': 0.08022345549602128, 'generation': 878}","{'id': 48396, 'rank': 27, 'fitness': 0.07526482382237043, 'generation': 878}","{'id': 48472, 'rank': 28, 'fitness': 0.04147439547952564, 'generation': 878}","{'id': 48379, 'rank': 29, 'fitness': 0.021437015574685137, 'generation': 878}","{'id': 48441, 'rank': 30, 'fitness': 0.01798620996209155, 'generation': 878}"
"{'id': 48451, 'rank': 1, 'fitness': 0.9820137900379085, 'generation': 879}","{'id': 48451, 'rank': 2, 'fitness': 0.9820137900379085, 'generation': 879}","{'id': 48452, 'rank': 3, 'fitness': 0.9458138427890198, 'generation': 879}","{'id': 48411, 'rank': 4, 'fitness': 0.943307307671361, 'generation': 879}","{'id': 48460, 'rank': 5, 'fitness': 0.8702477331619214, 'generation': 879}","{'id': 48363, 'rank': 6, 'fitness': 0.7719892992266961, 'generation': 879}","{'id': 48104, 'rank': 7, 'fitness': 0.7710393222904192, 'generation': 879}","{'id': 48514, 'rank': 8, 'fitness': 0.7347556228763187, 'generation': 879}","{'id': 48463, 'rank': 9, 'fitness': 0.7070719679617183, 'generation': 879}","{'id': 48536, 'rank': 10, 'fitness': 0.6609834080229083, 'generation': 879}","{'id': 48470, 'rank': 11, 'fitness': 0.6591449639166925, 'generation': 879}","{'id': 48522, 'rank': 12, 'fitness': 0.6368115064341235, 'generation': 879}","{'id': 48478, 'rank': 13, 'fitness': 0.6326492868033128, 'generation': 879}","{'id': 48516, 'rank': 14, 'fitness': 0.5999620532136686, 'generation': 879}","{'id': 48516, 'rank': 15, 'fitness': 0.5999620532136686, 'generation': 879}","{'id': 48493, 'rank': 16, 'fitness': 0.5090834032486861, 'generation': 879}","{'id': 48325, 'rank': 17, 'fitness': 0.46323794286772985, 'generation': 879}","{'id': 48361, 'rank': 18, 'fitness': 0.2992011944041107, 'generation': 879}","{'id': 48361, 'rank': 19, 'fitness': 0.2992011944041107, 'generation': 879}","{'id': 48499, 'rank': 20, 'fitness': 0.27938487398372475, 'generation': 879}","{'id': 48526, 'rank': 21, 'fitness': 0.18997705422152406, 'generation': 879}","{'id': 48500, 'rank': 22, 'fitness': 0.18718975458475318, 'generation': 879}","{'id': 48540, 'rank': 23, 'fitness': 0.13937880639615258, 'generation': 879}","{'id': 48472, 'rank': 24, 'fitness': 0.11901951687878676, 'generation': 879}","{'id': 48539, 'rank': 25, 'fitness': 0.10316029699717855, 'generation': 879}","{'id': 48496, 'rank': 26, 'fitness': 0.08659226154143806, 'generation': 879}","{'id': 48496, 'rank': 27, 'fitness': 0.08659226154143806, 'generation': 879}","{'id': 48525, 'rank': 28, 'fitness': 0.07204233502288299, 'generation': 879}","{'id': 48503, 'rank': 29, 'fitness': 0.049768230610037933, 'generation': 879}","{'id': 48532, 'rank': 30, 'fitness': 0.01798620996209155, 'generation': 879}"
"{'id': 48451, 'rank': 1, 'fitness': 0.9820137900379085, 'generation': 880}","{'id': 48452, 'rank': 2, 'fitness': 0.9406290809033606, 'generation': 880}","{'id': 48460, 'rank': 3, 'fitness': 0.8487746166056499, 'generation': 880}","{'id': 48550, 'rank': 4, 'fitness': 0.8200541805708212, 'generation': 880}","{'id': 48550, 'rank': 5, 'fitness': 0.8200541805708212, 'generation': 880}","{'id': 48556, 'rank': 6, 'fitness': 0.7952812634491149, 'generation': 880}","{'id': 48555, 'rank': 7, 'fitness': 0.7653493688793264, 'generation': 880}","{'id': 48555, 'rank': 8, 'fitness': 0.7653493688793264, 'generation': 880}","{'id': 48536, 'rank': 9, 'fitness': 0.5949813859503018, 'generation': 880}","{'id': 48536, 'rank': 10, 'fitness': 0.5949813859503018, 'generation': 880}","{'id': 48470, 'rank': 11, 'fitness': 0.5928374073707259, 'generation': 880}","{'id': 48522, 'rank': 12, 'fitness': 0.5669587379441864, 'generation': 880}","{'id': 48478, 'rank': 13, 'fitness': 0.56217056931452, 'generation': 880}","{'id': 48547, 'rank': 14, 'fitness': 0.5485506463906441, 'generation': 880}","{'id': 48516, 'rank': 15, 'fitness': 0.5249631498364052, 'generation': 880}","{'id': 48589, 'rank': 16, 'fitness': 0.5238804113804703, 'generation': 880}","{'id': 48589, 'rank': 17, 'fitness': 0.5238804113804703, 'generation': 880}","{'id': 48493, 'rank': 18, 'fitness': 0.42546511276017634, 'generation': 880}","{'id': 48561, 'rank': 19, 'fitness': 0.1473238457984155, 'generation': 880}","{'id': 48560, 'rank': 20, 'fitness': 0.12870401268392573, 'generation': 880}","{'id': 48560, 'rank': 21, 'fitness': 0.12870401268392573, 'generation': 880}","{'id': 48526, 'rank': 22, 'fitness': 0.1286269812987747, 'generation': 880}","{'id': 48564, 'rank': 23, 'fitness': 0.11958386565957885, 'generation': 880}","{'id': 48540, 'rank': 24, 'fitness': 0.08989558944479042, 'generation': 880}","{'id': 48577, 'rank': 25, 'fitness': 0.07256321554125378, 'generation': 880}","{'id': 48582, 'rank': 26, 'fitness': 0.06784066531559696, 'generation': 880}","{'id': 48582, 'rank': 27, 'fitness': 0.06784066531559696, 'generation': 880}","{'id': 48575, 'rank': 28, 'fitness': 0.05846228837146128, 'generation': 880}","{'id': 48544, 'rank': 29, 'fitness': 0.021238776342961063, 'generation': 880}","{'id': 48572, 'rank': 30, 'fitness': 0.01798620996209155, 'generation': 880}"
"{'id': 48638, 'rank': 1, 'fitness': 0.9820137900379085, 'generation': 881}","{'id': 48638, 'rank': 2, 'fitness': 0.9820137900379085, 'generation': 881}","{'id': 48550, 'rank': 3, 'fitness': 0.7561990478248368, 'generation': 881}","{'id': 48624, 'rank': 4, 'fitness': 0.7056910623274067, 'generation': 881}","{'id': 48555, 'rank': 5, 'fitness': 0.6730743684844752, 'generation': 881}","{'id': 48555, 'rank': 6, 'fitness': 0.6730743684844752, 'generation': 881}","{'id': 48619, 'rank': 7, 'fitness': 0.5832620718176401, 'generation': 881}","{'id': 48625, 'rank': 8, 'fitness': 0.517133915278718, 'generation': 881}","{'id': 48599, 'rank': 9, 'fitness': 0.5048696938599598, 'generation': 881}","{'id': 48639, 'rank': 10, 'fitness': 0.4881719961180275, 'generation': 881}","{'id': 48536, 'rank': 11, 'fitness': 0.43654373694974896, 'generation': 881}","{'id': 48536, 'rank': 12, 'fitness': 0.43654373694974896, 'generation': 881}","{'id': 48478, 'rank': 13, 'fitness': 0.39648111243514794, 'generation': 881}","{'id': 48547, 'rank': 14, 'fitness': 0.3804274330560219, 'generation': 881}","{'id': 48516, 'rank': 15, 'fitness': 0.35343155048494646, 'generation': 881}","{'id': 48589, 'rank': 16, 'fitness': 0.3522169471850399, 'generation': 881}","{'id': 48589, 'rank': 17, 'fitness': 0.3522169471850399, 'generation': 881}","{'id': 48592, 'rank': 18, 'fitness': 0.3137077139564578, 'generation': 881}","{'id': 48618, 'rank': 19, 'fitness': 0.28021559046091443, 'generation': 881}","{'id': 48608, 'rank': 20, 'fitness': 0.16147219546227842, 'generation': 881}","{'id': 48608, 'rank': 21, 'fitness': 0.16147219546227842, 'generation': 881}","{'id': 48620, 'rank': 22, 'fitness': 0.13516748934141154, 'generation': 881}","{'id': 48636, 'rank': 23, 'fitness': 0.1122948339744374, 'generation': 881}","{'id': 48561, 'rank': 24, 'fitness': 0.053266616942485245, 'generation': 881}","{'id': 48561, 'rank': 25, 'fitness': 0.053266616942485245, 'generation': 881}","{'id': 48600, 'rank': 26, 'fitness': 0.0419765410388222, 'generation': 881}","{'id': 48600, 'rank': 27, 'fitness': 0.0419765410388222, 'generation': 881}","{'id': 48593, 'rank': 28, 'fitness': 0.04034873993668253, 'generation': 881}","{'id': 48603, 'rank': 29, 'fitness': 0.02672734527804782, 'generation': 881}","{'id': 48598, 'rank': 30, 'fitness': 0.01798620996209155, 'generation': 881}"
"{'id': 48675, 'rank': 1, 'fitness': 0.9820137900379085, 'generation': 882}","{'id': 48555, 'rank': 2, 'fitness': 0.9239654181275746, 'generation': 882}","{'id': 48555, 'rank': 3, 'fitness': 0.9239654181275746, 'generation': 882}","{'id': 48555, 'rank': 4, 'fitness': 0.9239654181275746, 'generation': 882}","{'id': 48555, 'rank': 5, 'fitness': 0.9239654181275746, 'generation': 882}","{'id': 48555, 'rank': 6, 'fitness': 0.9239654181275746, 'generation': 882}","{'id': 48639, 'rank': 7, 'fitness': 0.8413727412159551, 'generation': 882}","{'id': 48662, 'rank': 8, 'fitness': 0.8124031273932145, 'generation': 882}","{'id': 48536, 'rank': 9, 'fitness': 0.8091512621419897, 'generation': 882}","{'id': 48547, 'rank': 10, 'fitness': 0.7674504169484049, 'generation': 882}","{'id': 48547, 'rank': 11, 'fitness': 0.7674504169484049, 'generation': 882}","{'id': 48589, 'rank': 12, 'fitness': 0.7432605444751509, 'generation': 882}","{'id': 48643, 'rank': 13, 'fitness': 0.7398689121238551, 'generation': 882}","{'id': 48592, 'rank': 14, 'fitness': 0.7059963302651363, 'generation': 882}","{'id': 48649, 'rank': 15, 'fitness': 0.6678015573383778, 'generation': 882}","{'id': 48651, 'rank': 16, 'fitness': 0.5397775039710098, 'generation': 882}","{'id': 48608, 'rank': 17, 'fitness': 0.4861594462604926, 'generation': 882}","{'id': 48608, 'rank': 18, 'fitness': 0.4861594462604926, 'generation': 882}","{'id': 48681, 'rank': 19, 'fitness': 0.45804939735463907, 'generation': 882}","{'id': 48677, 'rank': 20, 'fitness': 0.4226135267789446, 'generation': 882}","{'id': 48636, 'rank': 21, 'fitness': 0.37563855944267477, 'generation': 882}","{'id': 48652, 'rank': 22, 'fitness': 0.3310534071628238, 'generation': 882}","{'id': 48683, 'rank': 23, 'fitness': 0.24817304509237925, 'generation': 882}","{'id': 48668, 'rank': 24, 'fitness': 0.2454604901461973, 'generation': 882}","{'id': 48678, 'rank': 25, 'fitness': 0.1595687637817726, 'generation': 882}","{'id': 48593, 'rank': 26, 'fitness': 0.1551364526524011, 'generation': 882}","{'id': 48593, 'rank': 27, 'fitness': 0.1551364526524011, 'generation': 882}","{'id': 48676, 'rank': 28, 'fitness': 0.1320649294045788, 'generation': 882}","{'id': 48644, 'rank': 29, 'fitness': 0.03141751874506732, 'generation': 882}","{'id': 48654, 'rank': 30, 'fitness': 0.01798620996209155, 'generation': 882}"
"{'id': 48555, 'rank': 1, 'fitness': 0.9820137900379085, 'generation': 883}","{'id': 48555, 'rank': 2, 'fitness': 0.9820137900379085, 'generation': 883}","{'id': 48555, 'rank': 3, 'fitness': 0.9820137900379085, 'generation': 883}","{'id': 48555, 'rank': 4, 'fitness': 0.9820137900379085, 'generation': 883}","{'id': 48555, 'rank': 5, 'fitness': 0.9820137900379085, 'generation': 883}","{'id': 48555, 'rank': 6, 'fitness': 0.9820137900379085, 'generation': 883}","{'id': 48639, 'rank': 7, 'fitness': 0.9595567416182307, 'generation': 883}","{'id': 48536, 'rank': 8, 'fitness': 0.9498556656158348, 'generation': 883}","{'id': 48698, 'rank': 9, 'fitness': 0.9284098541146635, 'generation': 883}","{'id': 48643, 'rank': 10, 'fitness': 0.9269028084061994, 'generation': 883}","{'id': 48721, 'rank': 11, 'fitness': 0.9249167254493169, 'generation': 883}","{'id': 48677, 'rank': 12, 'fitness': 0.7641343460839821, 'generation': 883}","{'id': 48723, 'rank': 13, 'fitness': 0.6135682535583329, 'generation': 883}","{'id': 48731, 'rank': 14, 'fitness': 0.4802880734361993, 'generation': 883}","{'id': 48678, 'rank': 15, 'fitness': 0.4548485162144865, 'generation': 883}","{'id': 48593, 'rank': 16, 'fitness': 0.44652841442584656, 'generation': 883}","{'id': 48745, 'rank': 17, 'fitness': 0.402855416439988, 'generation': 883}","{'id': 48676, 'rank': 18, 'fitness': 0.4004326851217709, 'generation': 883}","{'id': 48696, 'rank': 19, 'fitness': 0.39049175477649845, 'generation': 883}","{'id': 48730, 'rank': 20, 'fitness': 0.3390029008667071, 'generation': 883}","{'id': 48740, 'rank': 21, 'fitness': 0.330372929499214, 'generation': 883}","{'id': 48713, 'rank': 22, 'fitness': 0.31074431361813315, 'generation': 883}","{'id': 48701, 'rank': 23, 'fitness': 0.2990188331857677, 'generation': 883}","{'id': 48733, 'rank': 24, 'fitness': 0.24310504915981462, 'generation': 883}","{'id': 48724, 'rank': 25, 'fitness': 0.23564146042573852, 'generation': 883}","{'id': 48710, 'rank': 26, 'fitness': 0.20150704252499108, 'generation': 883}","{'id': 48729, 'rank': 27, 'fitness': 0.16366006061662486, 'generation': 883}","{'id': 48644, 'rank': 28, 'fitness': 0.12373268536492188, 'generation': 883}","{'id': 48748, 'rank': 29, 'fitness': 0.05453966348785977, 'generation': 883}","{'id': 48738, 'rank': 30, 'fitness': 0.01798620996209155, 'generation': 883}"
"{'id': 48765, 'rank': 1, 'fitness': 0.9820137900379085, 'generation': 884}","{'id': 48764, 'rank': 2, 'fitness': 0.9242062030523548, 'generation': 884}","{'id': 48764, 'rank': 3, 'fitness': 0.9242062030523548, 'generation': 884}","{'id': 48555, 'rank': 4, 'fitness': 0.9224436676580386, 'generation': 884}","{'id': 48788, 'rank': 5, 'fitness': 0.9165315892603055, 'generation': 884}","{'id': 48788, 'rank': 6, 'fitness': 0.9165315892603055, 'generation': 884}","{'id': 48766, 'rank': 7, 'fitness': 0.8412826389686143, 'generation': 884}","{'id': 48766, 'rank': 8, 'fitness': 0.8412826389686143, 'generation': 884}","{'id': 48698, 'rank': 9, 'fitness': 0.7587572850361222, 'generation': 884}","{'id': 48698, 'rank': 10, 'fitness': 0.7587572850361222, 'generation': 884}","{'id': 48643, 'rank': 11, 'fitness': 0.7549331640254326, 'generation': 884}","{'id': 48721, 'rank': 12, 'fitness': 0.7499428199199755, 'generation': 884}","{'id': 48721, 'rank': 13, 'fitness': 0.7499428199199755, 'generation': 884}","{'id': 48678, 'rank': 14, 'fitness': 0.1989509841974345, 'generation': 884}","{'id': 48678, 'rank': 15, 'fitness': 0.1989509841974345, 'generation': 884}","{'id': 48803, 'rank': 16, 'fitness': 0.178056169031172, 'generation': 884}","{'id': 48803, 'rank': 17, 'fitness': 0.178056169031172, 'generation': 884}","{'id': 48757, 'rank': 18, 'fitness': 0.1659535992129192, 'generation': 884}","{'id': 48696, 'rank': 19, 'fitness': 0.16283476524579377, 'generation': 884}","{'id': 48782, 'rank': 20, 'fitness': 0.15473268363659842, 'generation': 884}","{'id': 48782, 'rank': 21, 'fitness': 0.15473268363659842, 'generation': 884}","{'id': 48730, 'rank': 22, 'fitness': 0.13667724485168364, 'generation': 884}","{'id': 48789, 'rank': 23, 'fitness': 0.1177608074393639, 'generation': 884}","{'id': 48776, 'rank': 24, 'fitness': 0.10655590170409712, 'generation': 884}","{'id': 48724, 'rank': 25, 'fitness': 0.08995832711327423, 'generation': 884}","{'id': 48724, 'rank': 26, 'fitness': 0.08995832711327423, 'generation': 884}","{'id': 48783, 'rank': 27, 'fitness': 0.0714685566481944, 'generation': 884}","{'id': 48787, 'rank': 28, 'fitness': 0.04448989208627813, 'generation': 884}","{'id': 48801, 'rank': 29, 'fitness': 0.02401210753010552, 'generation': 884}","{'id': 48790, 'rank': 30, 'fitness': 0.01798620996209155, 'generation': 884}"
"{'id': 48868, 'rank': 1, 'fitness': 0.9820137900379085, 'generation': 885}","{'id': 48765, 'rank': 2, 'fitness': 0.9740940347881606, 'generation': 885}","{'id': 48847, 'rank': 3, 'fitness': 0.9568837442067428, 'generation': 885}","{'id': 48847, 'rank': 4, 'fitness': 0.9568837442067428, 'generation': 885}","{'id': 48555, 'rank': 5, 'fitness': 0.9190749088824517, 'generation': 885}","{'id': 48788, 'rank': 6, 'fitness': 0.914282438961786, 'generation': 885}","{'id': 48865, 'rank': 7, 'fitness': 0.9088788900740213, 'generation': 885}","{'id': 48865, 'rank': 8, 'fitness': 0.9088788900740213, 'generation': 885}","{'id': 48766, 'rank': 9, 'fitness': 0.8575308160591277, 'generation': 885}","{'id': 48872, 'rank': 10, 'fitness': 0.7977820704445062, 'generation': 885}","{'id': 48643, 'rank': 11, 'fitness': 0.7971537607893409, 'generation': 885}","{'id': 48643, 'rank': 12, 'fitness': 0.7971537607893409, 'generation': 885}","{'id': 48721, 'rank': 13, 'fitness': 0.7937293222043046, 'generation': 885}","{'id': 48721, 'rank': 14, 'fitness': 0.7937293222043046, 'generation': 885}","{'id': 48873, 'rank': 15, 'fitness': 0.6335937336222076, 'generation': 885}","{'id': 48830, 'rank': 16, 'fitness': 0.5408311482822985, 'generation': 885}","{'id': 48830, 'rank': 17, 'fitness': 0.5408311482822985, 'generation': 885}","{'id': 48678, 'rank': 18, 'fitness': 0.3521881291763955, 'generation': 885}","{'id': 48828, 'rank': 19, 'fitness': 0.33577100107700986, 'generation': 885}","{'id': 48803, 'rank': 20, 'fitness': 0.3280915212468017, 'generation': 885}","{'id': 48803, 'rank': 21, 'fitness': 0.3280915212468017, 'generation': 885}","{'id': 48757, 'rank': 22, 'fitness': 0.31354256731312424, 'generation': 885}","{'id': 48696, 'rank': 23, 'fitness': 0.30971646409695813, 'generation': 885}","{'id': 48696, 'rank': 24, 'fitness': 0.30971646409695813, 'generation': 885}","{'id': 48866, 'rank': 25, 'fitness': 0.3069175820875516, 'generation': 885}","{'id': 48776, 'rank': 26, 'fitness': 0.23403072177896372, 'generation': 885}","{'id': 48724, 'rank': 27, 'fitness': 0.2086363998966524, 'generation': 885}","{'id': 48801, 'rank': 28, 'fitness': 0.08123427630115299, 'generation': 885}","{'id': 48858, 'rank': 29, 'fitness': 0.04245167159722385, 'generation': 885}","{'id': 48842, 'rank': 30, 'fitness': 0.01798620996209155, 'generation': 885}"
"{'id': 48878, 'rank': 1, 'fitness': 0.9820137900379085, 'generation': 886}","{'id': 48868, 'rank': 2, 'fitness': 0.9376658303707974, 'generation': 886}","{'id': 48901, 'rank': 3, 'fitness': 0.8912252532105422, 'generation': 886}","{'id': 48847, 'rank': 4, 'fitness': 0.859606519729354, 'generation': 886}","{'id': 48788, 'rank': 5, 'fitness': 0.7465758445391181, 'generation': 886}","{'id': 48766, 'rank': 6, 'fitness': 0.6246063886217436, 'generation': 886}","{'id': 48766, 'rank': 7, 'fitness': 0.6246063886217436, 'generation': 886}","{'id': 48872, 'rank': 8, 'fitness': 0.521821845589829, 'generation': 886}","{'id': 48643, 'rank': 9, 'fitness': 0.520852544689652, 'generation': 886}","{'id': 48643, 'rank': 10, 'fitness': 0.520852544689652, 'generation': 886}","{'id': 48643, 'rank': 11, 'fitness': 0.520852544689652, 'generation': 886}","{'id': 48913, 'rank': 12, 'fitness': 0.5174907177533913, 'generation': 886}","{'id': 48913, 'rank': 13, 'fitness': 0.5174907177533913, 'generation': 886}","{'id': 48721, 'rank': 14, 'fitness': 0.5156059971622976, 'generation': 886}","{'id': 48902, 'rank': 15, 'fitness': 0.47611738963830363, 'generation': 886}","{'id': 48927, 'rank': 16, 'fitness': 0.3455065502325506, 'generation': 886}","{'id': 48891, 'rank': 17, 'fitness': 0.3112835010611929, 'generation': 886}","{'id': 48830, 'rank': 18, 'fitness': 0.24607967472633335, 'generation': 886}","{'id': 48918, 'rank': 19, 'fitness': 0.22459696075477142, 'generation': 886}","{'id': 48937, 'rank': 20, 'fitness': 0.129369285134934, 'generation': 886}","{'id': 48931, 'rank': 21, 'fitness': 0.12317606073530818, 'generation': 886}","{'id': 48803, 'rank': 22, 'fitness': 0.11932689733526425, 'generation': 886}","{'id': 48696, 'rank': 23, 'fitness': 0.11072985628922516, 'generation': 886}","{'id': 48925, 'rank': 24, 'fitness': 0.10876959220790183, 'generation': 886}","{'id': 48923, 'rank': 25, 'fitness': 0.08430194302340538, 'generation': 886}","{'id': 48883, 'rank': 26, 'fitness': 0.07167252894529186, 'generation': 886}","{'id': 48883, 'rank': 27, 'fitness': 0.07167252894529186, 'generation': 886}","{'id': 48926, 'rank': 28, 'fitness': 0.04953507053316569, 'generation': 886}","{'id': 48876, 'rank': 29, 'fitness': 0.045305300060972, 'generation': 886}","{'id': 48920, 'rank': 30, 'fitness': 0.01798620996209155, 'generation': 886}"
"{'id': 48878, 'rank': 1, 'fitness': 0.9820137900379085, 'generation': 887}","{'id': 48878, 'rank': 2, 'fitness': 0.9820137900379085, 'generation': 887}","{'id': 48878, 'rank': 3, 'fitness': 0.9820137900379085, 'generation': 887}","{'id': 48868, 'rank': 4, 'fitness': 0.9253275469801934, 'generation': 887}","{'id': 48945, 'rank': 5, 'fitness': 0.5955485613291585, 'generation': 887}","{'id': 48643, 'rank': 6, 'fitness': 0.3762535358372495, 'generation': 887}","{'id': 48643, 'rank': 7, 'fitness': 0.3762535358372495, 'generation': 887}","{'id': 48913, 'rank': 8, 'fitness': 0.3726247394142839, 'generation': 887}","{'id': 48902, 'rank': 9, 'fitness': 0.32927444151703533, 'generation': 887}","{'id': 48976, 'rank': 10, 'fitness': 0.3188121579762603, 'generation': 887}","{'id': 48976, 'rank': 11, 'fitness': 0.3188121579762603, 'generation': 887}","{'id': 48976, 'rank': 12, 'fitness': 0.3188121579762603, 'generation': 887}","{'id': 48985, 'rank': 13, 'fitness': 0.17316623922912538, 'generation': 887}","{'id': 48830, 'rank': 14, 'fitness': 0.1313035332544728, 'generation': 887}","{'id': 48830, 'rank': 15, 'fitness': 0.1313035332544728, 'generation': 887}","{'id': 48918, 'rank': 16, 'fitness': 0.11640870783853324, 'generation': 887}","{'id': 48918, 'rank': 17, 'fitness': 0.11640870783853324, 'generation': 887}","{'id': 48966, 'rank': 18, 'fitness': 0.08927893240700718, 'generation': 887}","{'id': 48966, 'rank': 19, 'fitness': 0.08927893240700718, 'generation': 887}","{'id': 48943, 'rank': 20, 'fitness': 0.08924301791148742, 'generation': 887}","{'id': 48968, 'rank': 21, 'fitness': 0.08648272067272367, 'generation': 887}","{'id': 48972, 'rank': 22, 'fitness': 0.06432304288195723, 'generation': 887}","{'id': 48696, 'rank': 23, 'fitness': 0.04751320714026985, 'generation': 887}","{'id': 48925, 'rank': 24, 'fitness': 0.04647951822524177, 'generation': 887}","{'id': 48977, 'rank': 25, 'fitness': 0.042852904604395836, 'generation': 887}","{'id': 48975, 'rank': 26, 'fitness': 0.03621378449632867, 'generation': 887}","{'id': 48975, 'rank': 27, 'fitness': 0.03621378449632867, 'generation': 887}","{'id': 48974, 'rank': 28, 'fitness': 0.03416841774246915, 'generation': 887}","{'id': 48883, 'rank': 29, 'fitness': 0.027979321734279305, 'generation': 887}","{'id': 48926, 'rank': 30, 'fitness': 0.01798620996209155, 'generation': 887}"
"{'id': 48878, 'rank': 1, 'fitness': 0.9820137900379085, 'generation': 888}","{'id': 48878, 'rank': 2, 'fitness': 0.9820137900379085, 'generation': 888}","{'id': 48878, 'rank': 3, 'fitness': 0.9820137900379085, 'generation': 888}","{'id': 48878, 'rank': 4, 'fitness': 0.9820137900379085, 'generation': 888}","{'id': 48996, 'rank': 5, 'fitness': 0.8749512639864989, 'generation': 888}","{'id': 48988, 'rank': 6, 'fitness': 0.8723163681458093, 'generation': 888}","{'id': 49011, 'rank': 7, 'fitness': 0.862430025942402, 'generation': 888}","{'id': 49011, 'rank': 8, 'fitness': 0.862430025942402, 'generation': 888}","{'id': 48945, 'rank': 9, 'fitness': 0.6837867169853398, 'generation': 888}","{'id': 48643, 'rank': 10, 'fitness': 0.49342904988289954, 'generation': 888}","{'id': 48913, 'rank': 11, 'fitness': 0.48996888861194804, 'generation': 888}","{'id': 48913, 'rank': 12, 'fitness': 0.48996888861194804, 'generation': 888}","{'id': 48913, 'rank': 13, 'fitness': 0.48996888861194804, 'generation': 888}","{'id': 49004, 'rank': 14, 'fitness': 0.4408655441839725, 'generation': 888}","{'id': 49004, 'rank': 15, 'fitness': 0.4408655441839725, 'generation': 888}","{'id': 49017, 'rank': 16, 'fitness': 0.3179520356064212, 'generation': 888}","{'id': 48985, 'rank': 17, 'fitness': 0.27455318446345367, 'generation': 888}","{'id': 48985, 'rank': 18, 'fitness': 0.27455318446345367, 'generation': 888}","{'id': 48985, 'rank': 19, 'fitness': 0.27455318446345367, 'generation': 888}","{'id': 48830, 'rank': 20, 'fitness': 0.22044301733298544, 'generation': 888}","{'id': 48830, 'rank': 21, 'fitness': 0.22044301733298544, 'generation': 888}","{'id': 48991, 'rank': 22, 'fitness': 0.20984803041628441, 'generation': 888}","{'id': 49018, 'rank': 23, 'fitness': 0.2017277839591632, 'generation': 888}","{'id': 48918, 'rank': 24, 'fitness': 0.20006669748351152, 'generation': 888}","{'id': 48987, 'rank': 25, 'fitness': 0.09239878908052396, 'generation': 888}","{'id': 48998, 'rank': 26, 'fitness': 0.08511952348408025, 'generation': 888}","{'id': 48998, 'rank': 27, 'fitness': 0.08511952348408025, 'generation': 888}","{'id': 48975, 'rank': 28, 'fitness': 0.07536968201680538, 'generation': 888}","{'id': 49005, 'rank': 29, 'fitness': 0.02009419122913697, 'generation': 888}","{'id': 48999, 'rank': 30, 'fitness': 0.01798620996209155, 'generation': 888}"
"{'id': 48878, 'rank': 1, 'fitness': 0.9820137900379085, 'generation': 889}","{'id': 48878, 'rank': 2, 'fitness': 0.9820137900379085, 'generation': 889}","{'id': 48878, 'rank': 3, 'fitness': 0.9820137900379085, 'generation': 889}","{'id': 48878, 'rank': 4, 'fitness': 0.9820137900379085, 'generation': 889}","{'id': 49074, 'rank': 5, 'fitness': 0.9526835174903292, 'generation': 889}","{'id': 49074, 'rank': 6, 'fitness': 0.9526835174903292, 'generation': 889}","{'id': 48996, 'rank': 7, 'fitness': 0.9030570175194607, 'generation': 889}","{'id': 49011, 'rank': 8, 'fitness': 0.8944591005829452, 'generation': 889}","{'id': 48945, 'rank': 9, 'fitness': 0.7722392933162292, 'generation': 889}","{'id': 48945, 'rank': 10, 'fitness': 0.7722392933162292, 'generation': 889}","{'id': 49031, 'rank': 11, 'fitness': 0.6820066107840036, 'generation': 889}","{'id': 49057, 'rank': 12, 'fitness': 0.6792344924140252, 'generation': 889}","{'id': 48643, 'rank': 13, 'fitness': 0.6305503975032455, 'generation': 889}","{'id': 48643, 'rank': 14, 'fitness': 0.6305503975032455, 'generation': 889}","{'id': 48643, 'rank': 15, 'fitness': 0.6305503975032455, 'generation': 889}","{'id': 48913, 'rank': 16, 'fitness': 0.6277702024532275, 'generation': 889}","{'id': 48913, 'rank': 17, 'fitness': 0.6277702024532275, 'generation': 889}","{'id': 48913, 'rank': 18, 'fitness': 0.6277702024532275, 'generation': 889}","{'id': 49042, 'rank': 19, 'fitness': 0.623634825795861, 'generation': 889}","{'id': 49068, 'rank': 20, 'fitness': 0.4362352181497171, 'generation': 889}","{'id': 49048, 'rank': 21, 'fitness': 0.4075109391021857, 'generation': 889}","{'id': 49043, 'rank': 22, 'fitness': 0.2451764703458969, 'generation': 889}","{'id': 49029, 'rank': 23, 'fitness': 0.22449791112953998, 'generation': 889}","{'id': 49072, 'rank': 24, 'fitness': 0.21315497305615505, 'generation': 889}","{'id': 49034, 'rank': 25, 'fitness': 0.19761046316023734, 'generation': 889}","{'id': 49053, 'rank': 26, 'fitness': 0.16921482818521544, 'generation': 889}","{'id': 49063, 'rank': 27, 'fitness': 0.09544424698112347, 'generation': 889}","{'id': 49054, 'rank': 28, 'fitness': 0.07634113305184403, 'generation': 889}","{'id': 49061, 'rank': 29, 'fitness': 0.07625328611761245, 'generation': 889}","{'id': 49028, 'rank': 30, 'fitness': 0.01798620996209155, 'generation': 889}"
"{'id': 48878, 'rank': 1, 'fitness': 0.9820137900379085, 'generation': 890}","{'id': 48878, 'rank': 2, 'fitness': 0.9820137900379085, 'generation': 890}","{'id': 48878, 'rank': 3, 'fitness': 0.9820137900379085, 'generation': 890}","{'id': 48878, 'rank': 4, 'fitness': 0.9820137900379085, 'generation': 890}","{'id': 49074, 'rank': 5, 'fitness': 0.9518652517095112, 'generation': 890}","{'id': 49120, 'rank': 6, 'fitness': 0.934454593179354, 'generation': 890}","{'id': 49120, 'rank': 7, 'fitness': 0.934454593179354, 'generation': 890}","{'id': 49117, 'rank': 8, 'fitness': 0.7432296980612637, 'generation': 890}","{'id': 49092, 'rank': 9, 'fitness': 0.6950012342226911, 'generation': 890}","{'id': 48643, 'rank': 10, 'fitness': 0.615864719481421, 'generation': 890}","{'id': 48643, 'rank': 11, 'fitness': 0.615864719481421, 'generation': 890}","{'id': 48913, 'rank': 12, 'fitness': 0.612990811516867, 'generation': 890}","{'id': 48913, 'rank': 13, 'fitness': 0.612990811516867, 'generation': 890}","{'id': 49135, 'rank': 14, 'fitness': 0.37517494738477536, 'generation': 890}","{'id': 49127, 'rank': 15, 'fitness': 0.3138849412048075, 'generation': 890}","{'id': 49105, 'rank': 16, 'fitness': 0.25100536264157325, 'generation': 890}","{'id': 49043, 'rank': 17, 'fitness': 0.22846549562328566, 'generation': 890}","{'id': 49140, 'rank': 18, 'fitness': 0.19463054016025083, 'generation': 890}","{'id': 49088, 'rank': 19, 'fitness': 0.18101896162233644, 'generation': 890}","{'id': 49128, 'rank': 20, 'fitness': 0.13426880690728454, 'generation': 890}","{'id': 49128, 'rank': 21, 'fitness': 0.13426880690728454, 'generation': 890}","{'id': 49080, 'rank': 22, 'fitness': 0.1298723174317442, 'generation': 890}","{'id': 49090, 'rank': 23, 'fitness': 0.1085524925302307, 'generation': 890}","{'id': 49090, 'rank': 24, 'fitness': 0.1085524925302307, 'generation': 890}","{'id': 49090, 'rank': 25, 'fitness': 0.1085524925302307, 'generation': 890}","{'id': 49096, 'rank': 26, 'fitness': 0.08839483483826704, 'generation': 890}","{'id': 49138, 'rank': 27, 'fitness': 0.08813970227790169, 'generation': 890}","{'id': 49061, 'rank': 28, 'fitness': 0.06839608207825537, 'generation': 890}","{'id': 49125, 'rank': 29, 'fitness': 0.05973064307283382, 'generation': 890}","{'id': 49133, 'rank': 30, 'fitness': 0.01798620996209155, 'generation': 890}"
"{'id': 48878, 'rank': 1, 'fitness': 0.9820137900379085, 'generation': 891}","{'id': 48878, 'rank': 2, 'fitness': 0.9820137900379085, 'generation': 891}","{'id': 48878, 'rank': 3, 'fitness': 0.9820137900379085, 'generation': 891}","{'id': 48878, 'rank': 4, 'fitness': 0.9820137900379085, 'generation': 891}","{'id': 49117, 'rank': 5, 'fitness': 0.7217867692948747, 'generation': 891}","{'id': 49182, 'rank': 6, 'fitness': 0.6859417223335387, 'generation': 891}","{'id': 49092, 'rank': 7, 'fitness': 0.669341422490829, 'generation': 891}","{'id': 49092, 'rank': 8, 'fitness': 0.669341422490829, 'generation': 891}","{'id': 48913, 'rank': 9, 'fitness': 0.5812596945446977, 'generation': 891}","{'id': 49164, 'rank': 10, 'fitness': 0.5082654217430406, 'generation': 891}","{'id': 49164, 'rank': 11, 'fitness': 0.5082654217430406, 'generation': 891}","{'id': 49164, 'rank': 12, 'fitness': 0.5082654217430406, 'generation': 891}","{'id': 49176, 'rank': 13, 'fitness': 0.388749575347661, 'generation': 891}","{'id': 49176, 'rank': 14, 'fitness': 0.388749575347661, 'generation': 891}","{'id': 49161, 'rank': 15, 'fitness': 0.37955411070689177, 'generation': 891}","{'id': 49177, 'rank': 16, 'fitness': 0.325262852022711, 'generation': 891}","{'id': 49183, 'rank': 17, 'fitness': 0.2578676433369349, 'generation': 891}","{'id': 49166, 'rank': 18, 'fitness': 0.24129916595352574, 'generation': 891}","{'id': 49166, 'rank': 19, 'fitness': 0.24129916595352574, 'generation': 891}","{'id': 49105, 'rank': 20, 'fitness': 0.2170220977462723, 'generation': 891}","{'id': 49043, 'rank': 21, 'fitness': 0.19600446930602183, 'generation': 891}","{'id': 49140, 'rank': 22, 'fitness': 0.1648972394913173, 'generation': 891}","{'id': 49128, 'rank': 23, 'fitness': 0.11082937482745803, 'generation': 891}","{'id': 49128, 'rank': 24, 'fitness': 0.11082937482745803, 'generation': 891}","{'id': 49090, 'rank': 25, 'fitness': 0.08841079869043111, 'generation': 891}","{'id': 49090, 'rank': 26, 'fitness': 0.08841079869043111, 'generation': 891}","{'id': 49148, 'rank': 27, 'fitness': 0.06315755016336966, 'generation': 891}","{'id': 49186, 'rank': 28, 'fitness': 0.027956303738394195, 'generation': 891}","{'id': 49153, 'rank': 29, 'fitness': 0.01798620996209155, 'generation': 891}","{'id': 49153, 'rank': 30, 'fitness': 0.01798620996209155, 'generation': 891}"
"{'id': 48878, 'rank': 1, 'fitness': 0.9820137900379085, 'generation': 892}","{'id': 48878, 'rank': 2, 'fitness': 0.9820137900379085, 'generation': 892}","{'id': 48878, 'rank': 3, 'fitness': 0.9820137900379085, 'generation': 892}","{'id': 49206, 'rank': 4, 'fitness': 0.8914403121710964, 'generation': 892}","{'id': 49204, 'rank': 5, 'fitness': 0.8713260687400353, 'generation': 892}","{'id': 49204, 'rank': 6, 'fitness': 0.8713260687400353, 'generation': 892}","{'id': 49212, 'rank': 7, 'fitness': 0.8399469945068068, 'generation': 892}","{'id': 49195, 'rank': 8, 'fitness': 0.772855543503257, 'generation': 892}","{'id': 49182, 'rank': 9, 'fitness': 0.6430908661307742, 'generation': 892}","{'id': 49229, 'rank': 10, 'fitness': 0.6335213463988852, 'generation': 892}","{'id': 49229, 'rank': 11, 'fitness': 0.6335213463988852, 'generation': 892}","{'id': 49092, 'rank': 12, 'fitness': 0.6243973648520721, 'generation': 892}","{'id': 49092, 'rank': 13, 'fitness': 0.6243973648520721, 'generation': 892}","{'id': 49164, 'rank': 14, 'fitness': 0.4491596300318474, 'generation': 892}","{'id': 49164, 'rank': 15, 'fitness': 0.4491596300318474, 'generation': 892}","{'id': 49216, 'rank': 16, 'fitness': 0.4062784559227891, 'generation': 892}","{'id': 49197, 'rank': 17, 'fitness': 0.3838475896852948, 'generation': 892}","{'id': 49176, 'rank': 18, 'fitness': 0.32767212753731295, 'generation': 892}","{'id': 49176, 'rank': 19, 'fitness': 0.32767212753731295, 'generation': 892}","{'id': 49221, 'rank': 20, 'fitness': 0.3048622108911947, 'generation': 892}","{'id': 49177, 'rank': 21, 'fitness': 0.2665072768218968, 'generation': 892}","{'id': 49215, 'rank': 22, 'fitness': 0.23076036651598375, 'generation': 892}","{'id': 49226, 'rank': 23, 'fitness': 0.2130134143138569, 'generation': 892}","{'id': 49208, 'rank': 24, 'fitness': 0.20282593250864112, 'generation': 892}","{'id': 49218, 'rank': 25, 'fitness': 0.1813356715337665, 'generation': 892}","{'id': 49218, 'rank': 26, 'fitness': 0.1813356715337665, 'generation': 892}","{'id': 49140, 'rank': 27, 'fitness': 0.12364980531968328, 'generation': 892}","{'id': 49196, 'rank': 28, 'fitness': 0.11512730222781242, 'generation': 892}","{'id': 49196, 'rank': 29, 'fitness': 0.11512730222781242, 'generation': 892}","{'id': 49186, 'rank': 30, 'fitness': 0.01798620996209155, 'generation': 892}"
"{'id': 48878, 'rank': 1, 'fitness': 0.9820137900379085, 'generation': 893}","{'id': 48878, 'rank': 2, 'fitness': 0.9820137900379085, 'generation': 893}","{'id': 48878, 'rank': 3, 'fitness': 0.9820137900379085, 'generation': 893}","{'id': 48878, 'rank': 4, 'fitness': 0.9820137900379085, 'generation': 893}","{'id': 48878, 'rank': 5, 'fitness': 0.9820137900379085, 'generation': 893}","{'id': 49206, 'rank': 6, 'fitness': 0.8713545426717441, 'generation': 893}","{'id': 49204, 'rank': 7, 'fitness': 0.845611632557773, 'generation': 893}","{'id': 49195, 'rank': 8, 'fitness': 0.7195861725937953, 'generation': 893}","{'id': 49195, 'rank': 9, 'fitness': 0.7195861725937953, 'generation': 893}","{'id': 49269, 'rank': 10, 'fitness': 0.5541922420199832, 'generation': 893}","{'id': 49092, 'rank': 11, 'fitness': 0.5382651909440574, 'generation': 893}","{'id': 49234, 'rank': 12, 'fitness': 0.36035789719826694, 'generation': 893}","{'id': 49216, 'rank': 13, 'fitness': 0.3048128746987276, 'generation': 893}","{'id': 49176, 'rank': 14, 'fitness': 0.23177136516514218, 'generation': 893}","{'id': 49176, 'rank': 15, 'fitness': 0.23177136516514218, 'generation': 893}","{'id': 49247, 'rank': 16, 'fitness': 0.21721140897762548, 'generation': 893}","{'id': 49177, 'rank': 17, 'fitness': 0.17918647141755356, 'generation': 893}","{'id': 49177, 'rank': 18, 'fitness': 0.17918647141755356, 'generation': 893}","{'id': 49177, 'rank': 19, 'fitness': 0.17918647141755356, 'generation': 893}","{'id': 49266, 'rank': 20, 'fitness': 0.1388557992678232, 'generation': 893}","{'id': 49226, 'rank': 21, 'fitness': 0.13631553114240336, 'generation': 893}","{'id': 49208, 'rank': 22, 'fitness': 0.1284882012309334, 'generation': 893}","{'id': 49218, 'rank': 23, 'fitness': 0.11233801768007295, 'generation': 893}","{'id': 49218, 'rank': 24, 'fitness': 0.11233801768007295, 'generation': 893}","{'id': 49246, 'rank': 25, 'fitness': 0.09758527656425942, 'generation': 893}","{'id': 49243, 'rank': 26, 'fitness': 0.0892231923212719, 'generation': 893}","{'id': 49243, 'rank': 27, 'fitness': 0.0892231923212719, 'generation': 893}","{'id': 49243, 'rank': 28, 'fitness': 0.0892231923212719, 'generation': 893}","{'id': 49288, 'rank': 29, 'fitness': 0.05183794448008594, 'generation': 893}","{'id': 49263, 'rank': 30, 'fitness': 0.01798620996209155, 'generation': 893}"
"{'id': 48878, 'rank': 1, 'fitness': 0.9820137900379085, 'generation': 894}","{'id': 48878, 'rank': 2, 'fitness': 0.9820137900379085, 'generation': 894}","{'id': 48878, 'rank': 3, 'fitness': 0.9820137900379085, 'generation': 894}","{'id': 48878, 'rank': 4, 'fitness': 0.9820137900379085, 'generation': 894}","{'id': 48878, 'rank': 5, 'fitness': 0.9820137900379085, 'generation': 894}","{'id': 48878, 'rank': 6, 'fitness': 0.9820137900379085, 'generation': 894}","{'id': 49328, 'rank': 7, 'fitness': 0.9810559109528554, 'generation': 894}","{'id': 49334, 'rank': 8, 'fitness': 0.9510552031678055, 'generation': 894}","{'id': 49303, 'rank': 9, 'fitness': 0.9489380920160031, 'generation': 894}","{'id': 49303, 'rank': 10, 'fitness': 0.9489380920160031, 'generation': 894}","{'id': 49204, 'rank': 11, 'fitness': 0.793712985620604, 'generation': 894}","{'id': 49299, 'rank': 12, 'fitness': 0.7516648733705708, 'generation': 894}","{'id': 49299, 'rank': 13, 'fitness': 0.7516648733705708, 'generation': 894}","{'id': 49327, 'rank': 14, 'fitness': 0.6215985484599179, 'generation': 894}","{'id': 49327, 'rank': 15, 'fitness': 0.6215985484599179, 'generation': 894}","{'id': 49332, 'rank': 16, 'fitness': 0.5882550145482947, 'generation': 894}","{'id': 49315, 'rank': 17, 'fitness': 0.3560107407422076, 'generation': 894}","{'id': 49315, 'rank': 18, 'fitness': 0.3560107407422076, 'generation': 894}","{'id': 49294, 'rank': 19, 'fitness': 0.3140501342496449, 'generation': 894}","{'id': 49294, 'rank': 20, 'fitness': 0.3140501342496449, 'generation': 894}","{'id': 49296, 'rank': 21, 'fitness': 0.1803152681154087, 'generation': 894}","{'id': 49296, 'rank': 22, 'fitness': 0.1803152681154087, 'generation': 894}","{'id': 49311, 'rank': 23, 'fitness': 0.14200467093969127, 'generation': 894}","{'id': 49297, 'rank': 24, 'fitness': 0.11481141526989175, 'generation': 894}","{'id': 49247, 'rank': 25, 'fitness': 0.10976134200691834, 'generation': 894}","{'id': 49218, 'rank': 26, 'fitness': 0.047478340088941307, 'generation': 894}","{'id': 49306, 'rank': 27, 'fitness': 0.037311387023461984, 'generation': 894}","{'id': 49243, 'rank': 28, 'fitness': 0.035769148009899, 'generation': 894}","{'id': 49305, 'rank': 29, 'fitness': 0.031142075255350232, 'generation': 894}","{'id': 49293, 'rank': 30, 'fitness': 0.01798620996209155, 'generation': 894}"
"{'id': 48878, 'rank': 1, 'fitness': 0.9820137900379085, 'generation': 895}","{'id': 48878, 'rank': 2, 'fitness': 0.9820137900379085, 'generation': 895}","{'id': 48878, 'rank': 3, 'fitness': 0.9820137900379085, 'generation': 895}","{'id': 48878, 'rank': 4, 'fitness': 0.9820137900379085, 'generation': 895}","{'id': 48878, 'rank': 5, 'fitness': 0.9820137900379085, 'generation': 895}","{'id': 49303, 'rank': 6, 'fitness': 0.9590713937762823, 'generation': 895}","{'id': 49303, 'rank': 7, 'fitness': 0.9590713937762823, 'generation': 895}","{'id': 49299, 'rank': 8, 'fitness': 0.8493788281596863, 'generation': 895}","{'id': 49299, 'rank': 9, 'fitness': 0.8493788281596863, 'generation': 895}","{'id': 49345, 'rank': 10, 'fitness': 0.8226176648881238, 'generation': 895}","{'id': 49327, 'rank': 11, 'fitness': 0.7773065987053629, 'generation': 895}","{'id': 49332, 'rank': 12, 'fitness': 0.7577683381352203, 'generation': 895}","{'id': 49361, 'rank': 13, 'fitness': 0.6514941827573764, 'generation': 895}","{'id': 49361, 'rank': 14, 'fitness': 0.6514941827573764, 'generation': 895}","{'id': 49354, 'rank': 15, 'fitness': 0.6321843082088499, 'generation': 895}","{'id': 49315, 'rank': 16, 'fitness': 0.5975471479281423, 'generation': 895}","{'id': 49294, 'rank': 17, 'fitness': 0.5615071033747661, 'generation': 895}","{'id': 49384, 'rank': 18, 'fitness': 0.44654136061755856, 'generation': 895}","{'id': 49384, 'rank': 19, 'fitness': 0.44654136061755856, 'generation': 895}","{'id': 49296, 'rank': 20, 'fitness': 0.4187255710220807, 'generation': 895}","{'id': 49296, 'rank': 21, 'fitness': 0.4187255710220807, 'generation': 895}","{'id': 49381, 'rank': 22, 'fitness': 0.36936226285577345, 'generation': 895}","{'id': 49363, 'rank': 23, 'fitness': 0.28902629015269543, 'generation': 895}","{'id': 49363, 'rank': 24, 'fitness': 0.28902629015269543, 'generation': 895}","{'id': 49362, 'rank': 25, 'fitness': 0.23741227482872135, 'generation': 895}","{'id': 49370, 'rank': 26, 'fitness': 0.19960442277843593, 'generation': 895}","{'id': 49338, 'rank': 27, 'fitness': 0.18721398962386354, 'generation': 895}","{'id': 49377, 'rank': 28, 'fitness': 0.12237820613986239, 'generation': 895}","{'id': 49377, 'rank': 29, 'fitness': 0.12237820613986239, 'generation': 895}","{'id': 49341, 'rank': 30, 'fitness': 0.01798620996209155, 'generation': 895}"
"{'id': 48878, 'rank': 1, 'fitness': 0.9820137900379085, 'generation': 896}","{'id': 48878, 'rank': 2, 'fitness': 0.9820137900379085, 'generation': 896}","{'id': 48878, 'rank': 3, 'fitness': 0.9820137900379085, 'generation': 896}","{'id': 48878, 'rank': 4, 'fitness': 0.9820137900379085, 'generation': 896}","{'id': 48878, 'rank': 5, 'fitness': 0.9820137900379085, 'generation': 896}","{'id': 49303, 'rank': 6, 'fitness': 0.957559692308823, 'generation': 896}","{'id': 49303, 'rank': 7, 'fitness': 0.957559692308823, 'generation': 896}","{'id': 49332, 'rank': 8, 'fitness': 0.7335166986699445, 'generation': 896}","{'id': 49392, 'rank': 9, 'fitness': 0.6584344394306456, 'generation': 896}","{'id': 49392, 'rank': 10, 'fitness': 0.6584344394306456, 'generation': 896}","{'id': 49354, 'rank': 11, 'fitness': 0.5955262255068806, 'generation': 896}","{'id': 49443, 'rank': 12, 'fitness': 0.5557447757089872, 'generation': 896}","{'id': 49384, 'rank': 13, 'fitness': 0.400535869816675, 'generation': 896}","{'id': 49384, 'rank': 14, 'fitness': 0.400535869816675, 'generation': 896}","{'id': 49384, 'rank': 15, 'fitness': 0.400535869816675, 'generation': 896}","{'id': 49363, 'rank': 16, 'fitness': 0.24612899065289157, 'generation': 896}","{'id': 49363, 'rank': 17, 'fitness': 0.24612899065289157, 'generation': 896}","{'id': 49362, 'rank': 18, 'fitness': 0.1981170405641357, 'generation': 896}","{'id': 49362, 'rank': 19, 'fitness': 0.1981170405641357, 'generation': 896}","{'id': 49338, 'rank': 20, 'fitness': 0.15279029318271176, 'generation': 896}","{'id': 49441, 'rank': 21, 'fitness': 0.11006758039280418, 'generation': 896}","{'id': 49426, 'rank': 22, 'fitness': 0.059903980431247006, 'generation': 896}","{'id': 49426, 'rank': 23, 'fitness': 0.059903980431247006, 'generation': 896}","{'id': 49440, 'rank': 24, 'fitness': 0.05076723834229513, 'generation': 896}","{'id': 49403, 'rank': 25, 'fitness': 0.04727703484494439, 'generation': 896}","{'id': 49419, 'rank': 26, 'fitness': 0.045671861482167675, 'generation': 896}","{'id': 49417, 'rank': 27, 'fitness': 0.02786077304376855, 'generation': 896}","{'id': 49396, 'rank': 28, 'fitness': 0.024508997610367456, 'generation': 896}","{'id': 49431, 'rank': 29, 'fitness': 0.023675178999393476, 'generation': 896}","{'id': 49415, 'rank': 30, 'fitness': 0.01798620996209155, 'generation': 896}"
"{'id': 48878, 'rank': 1, 'fitness': 0.9820137900379085, 'generation': 897}","{'id': 49303, 'rank': 2, 'fitness': 0.9623759840940334, 'generation': 897}","{'id': 49303, 'rank': 3, 'fitness': 0.9623759840940334, 'generation': 897}","{'id': 49303, 'rank': 4, 'fitness': 0.9623759840940334, 'generation': 897}","{'id': 49303, 'rank': 5, 'fitness': 0.9623759840940334, 'generation': 897}","{'id': 49465, 'rank': 6, 'fitness': 0.8975092778937953, 'generation': 897}","{'id': 49465, 'rank': 7, 'fitness': 0.8975092778937953, 'generation': 897}","{'id': 49332, 'rank': 8, 'fitness': 0.8079449390462885, 'generation': 897}","{'id': 49392, 'rank': 9, 'fitness': 0.7560372526521011, 'generation': 897}","{'id': 49497, 'rank': 10, 'fitness': 0.6663750050044847, 'generation': 897}","{'id': 49500, 'rank': 11, 'fitness': 0.6355243578597267, 'generation': 897}","{'id': 49481, 'rank': 12, 'fitness': 0.5662101060493503, 'generation': 897}","{'id': 49384, 'rank': 13, 'fitness': 0.5552627468634315, 'generation': 897}","{'id': 49384, 'rank': 14, 'fitness': 0.5552627468634315, 'generation': 897}","{'id': 49384, 'rank': 15, 'fitness': 0.5552627468634315, 'generation': 897}","{'id': 49458, 'rank': 16, 'fitness': 0.5112492726768177, 'generation': 897}","{'id': 49454, 'rank': 17, 'fitness': 0.4907625465397499, 'generation': 897}","{'id': 49501, 'rank': 18, 'fitness': 0.4177065190376242, 'generation': 897}","{'id': 49471, 'rank': 19, 'fitness': 0.3799706963710153, 'generation': 897}","{'id': 49362, 'rank': 20, 'fitness': 0.34713473382501736, 'generation': 897}","{'id': 49456, 'rank': 21, 'fitness': 0.2501673810157117, 'generation': 897}","{'id': 49499, 'rank': 22, 'fitness': 0.20046044072573027, 'generation': 897}","{'id': 49462, 'rank': 23, 'fitness': 0.1429480369333866, 'generation': 897}","{'id': 49457, 'rank': 24, 'fitness': 0.1407266284104195, 'generation': 897}","{'id': 49457, 'rank': 25, 'fitness': 0.1407266284104195, 'generation': 897}","{'id': 49469, 'rank': 26, 'fitness': 0.09306821148414246, 'generation': 897}","{'id': 49494, 'rank': 27, 'fitness': 0.08788659538852028, 'generation': 897}","{'id': 49461, 'rank': 28, 'fitness': 0.04772967886706897, 'generation': 897}","{'id': 49479, 'rank': 29, 'fitness': 0.04399438265725242, 'generation': 897}","{'id': 49504, 'rank': 30, 'fitness': 0.01798620996209155, 'generation': 897}"
"{'id': 49534, 'rank': 1, 'fitness': 0.9820137900379085, 'generation': 898}","{'id': 49520, 'rank': 2, 'fitness': 0.5289037079999399, 'generation': 898}","{'id': 49520, 'rank': 3, 'fitness': 0.5289037079999399, 'generation': 898}","{'id': 49500, 'rank': 4, 'fitness': 0.5015947185362233, 'generation': 898}","{'id': 49384, 'rank': 5, 'fitness': 0.41052088105499207, 'generation': 898}","{'id': 49384, 'rank': 6, 'fitness': 0.41052088105499207, 'generation': 898}","{'id': 49384, 'rank': 7, 'fitness': 0.41052088105499207, 'generation': 898}","{'id': 49384, 'rank': 8, 'fitness': 0.41052088105499207, 'generation': 898}","{'id': 49541, 'rank': 9, 'fitness': 0.4002135476927636, 'generation': 898}","{'id': 49541, 'rank': 10, 'fitness': 0.4002135476927636, 'generation': 898}","{'id': 49541, 'rank': 11, 'fitness': 0.4002135476927636, 'generation': 898}","{'id': 49519, 'rank': 12, 'fitness': 0.3911041943767974, 'generation': 898}","{'id': 49458, 'rank': 13, 'fitness': 0.36427409187127446, 'generation': 898}","{'id': 49458, 'rank': 14, 'fitness': 0.36427409187127446, 'generation': 898}","{'id': 49458, 'rank': 15, 'fitness': 0.36427409187127446, 'generation': 898}","{'id': 49458, 'rank': 16, 'fitness': 0.36427409187127446, 'generation': 898}","{'id': 49548, 'rank': 17, 'fitness': 0.35739929343497245, 'generation': 898}","{'id': 49454, 'rank': 18, 'fitness': 0.34362061060850535, 'generation': 898}","{'id': 49522, 'rank': 19, 'fitness': 0.2951583638423596, 'generation': 898}","{'id': 49517, 'rank': 20, 'fitness': 0.18418603500364472, 'generation': 898}","{'id': 49539, 'rank': 21, 'fitness': 0.1573221336188994, 'generation': 898}","{'id': 49456, 'rank': 22, 'fitness': 0.13986144212772522, 'generation': 898}","{'id': 49456, 'rank': 23, 'fitness': 0.13986144212772522, 'generation': 898}","{'id': 49536, 'rank': 24, 'fitness': 0.08542507084895878, 'generation': 898}","{'id': 49457, 'rank': 25, 'fitness': 0.06908998568852587, 'generation': 898}","{'id': 49457, 'rank': 26, 'fitness': 0.06908998568852587, 'generation': 898}","{'id': 49551, 'rank': 27, 'fitness': 0.0686598036856364, 'generation': 898}","{'id': 49523, 'rank': 28, 'fitness': 0.033776454455958005, 'generation': 898}","{'id': 49553, 'rank': 29, 'fitness': 0.03316684118913188, 'generation': 898}","{'id': 49479, 'rank': 30, 'fitness': 0.01798620996209155, 'generation': 898}"
"{'id': 49576, 'rank': 1, 'fitness': 0.9820137900379085, 'generation': 899}","{'id': 49581, 'rank': 2, 'fitness': 0.8376540662205808, 'generation': 899}","{'id': 49581, 'rank': 3, 'fitness': 0.8376540662205808, 'generation': 899}","{'id': 49591, 'rank': 4, 'fitness': 0.8368717892993355, 'generation': 899}","{'id': 49599, 'rank': 5, 'fitness': 0.7607537015529667, 'generation': 899}","{'id': 49520, 'rank': 6, 'fitness': 0.4626831572792735, 'generation': 899}","{'id': 49500, 'rank': 7, 'fitness': 0.4244423812268846, 'generation': 899}","{'id': 49500, 'rank': 8, 'fitness': 0.4244423812268846, 'generation': 899}","{'id': 49384, 'rank': 9, 'fitness': 0.3043962101291824, 'generation': 899}","{'id': 49384, 'rank': 10, 'fitness': 0.3043962101291824, 'generation': 899}","{'id': 49541, 'rank': 11, 'fitness': 0.2917161598258549, 'generation': 899}","{'id': 49541, 'rank': 12, 'fitness': 0.2917161598258549, 'generation': 899}","{'id': 49541, 'rank': 13, 'fitness': 0.2917161598258549, 'generation': 899}","{'id': 49592, 'rank': 14, 'fitness': 0.2713298769777374, 'generation': 899}","{'id': 49592, 'rank': 15, 'fitness': 0.2713298769777374, 'generation': 899}","{'id': 49458, 'rank': 16, 'fitness': 0.24919349169328003, 'generation': 899}","{'id': 49548, 'rank': 17, 'fitness': 0.24137230057342524, 'generation': 899}","{'id': 49548, 'rank': 18, 'fitness': 0.24137230057342524, 'generation': 899}","{'id': 49598, 'rank': 19, 'fitness': 0.23353553338184146, 'generation': 899}","{'id': 49522, 'rank': 20, 'fitness': 0.17545836767859196, 'generation': 899}","{'id': 49522, 'rank': 21, 'fitness': 0.17545836767859196, 'generation': 899}","{'id': 49597, 'rank': 22, 'fitness': 0.13833965830950906, 'generation': 899}","{'id': 49594, 'rank': 23, 'fitness': 0.12320417124571847, 'generation': 899}","{'id': 49566, 'rank': 24, 'fitness': 0.1088424656475469, 'generation': 899}","{'id': 49600, 'rank': 25, 'fitness': 0.10629900062650699, 'generation': 899}","{'id': 49539, 'rank': 26, 'fitness': 0.06341921777832893, 'generation': 899}","{'id': 49539, 'rank': 27, 'fitness': 0.06341921777832893, 'generation': 899}","{'id': 49593, 'rank': 28, 'fitness': 0.04422465392681002, 'generation': 899}","{'id': 49590, 'rank': 29, 'fitness': 0.034993679362848196, 'generation': 899}","{'id': 49457, 'rank': 30, 'fitness': 0.01798620996209155, 'generation': 899}"
"{'id': 49576, 'rank': 1, 'fitness': 0.9820137900379085, 'generation': 900}","{'id': 49644, 'rank': 2, 'fitness': 0.9460140069539843, 'generation': 900}","{'id': 49614, 'rank': 3, 'fitness': 0.9221791819182603, 'generation': 900}","{'id': 49581, 'rank': 4, 'fitness': 0.9044470365525648, 'generation': 900}","{'id': 49621, 'rank': 5, 'fitness': 0.8705552420996667, 'generation': 900}","{'id': 49599, 'rank': 6, 'fitness': 0.8685368764634106, 'generation': 900}","{'id': 49618, 'rank': 7, 'fitness': 0.8223826817264914, 'generation': 900}","{'id': 49618, 'rank': 8, 'fitness': 0.8223826817264914, 'generation': 900}","{'id': 49618, 'rank': 9, 'fitness': 0.8223826817264914, 'generation': 900}","{'id': 49615, 'rank': 10, 'fitness': 0.7758504193993339, 'generation': 900}","{'id': 49615, 'rank': 11, 'fitness': 0.7758504193993339, 'generation': 900}","{'id': 49615, 'rank': 12, 'fitness': 0.7758504193993339, 'generation': 900}","{'id': 49520, 'rank': 13, 'fitness': 0.7145770291507352, 'generation': 900}","{'id': 49520, 'rank': 14, 'fitness': 0.7145770291507352, 'generation': 900}","{'id': 49500, 'rank': 15, 'fitness': 0.6905242923148018, 'generation': 900}","{'id': 49500, 'rank': 16, 'fitness': 0.6905242923148018, 'generation': 900}","{'id': 49500, 'rank': 17, 'fitness': 0.6905242923148018, 'generation': 900}","{'id': 49500, 'rank': 18, 'fitness': 0.6905242923148018, 'generation': 900}","{'id': 49611, 'rank': 19, 'fitness': 0.6446457710984913, 'generation': 900}","{'id': 49384, 'rank': 20, 'fitness': 0.602265583532529, 'generation': 900}","{'id': 49541, 'rank': 21, 'fitness': 0.5914324636043296, 'generation': 900}","{'id': 49541, 'rank': 22, 'fitness': 0.5914324636043296, 'generation': 900}","{'id': 49612, 'rank': 23, 'fitness': 0.3576700966980806, 'generation': 900}","{'id': 49539, 'rank': 24, 'fitness': 0.2746484955620188, 'generation': 900}","{'id': 49539, 'rank': 25, 'fitness': 0.2746484955620188, 'generation': 900}","{'id': 49590, 'rank': 26, 'fitness': 0.19231437234317017, 'generation': 900}","{'id': 49641, 'rank': 27, 'fitness': 0.15228152374820775, 'generation': 900}","{'id': 49633, 'rank': 28, 'fitness': 0.1379111699540494, 'generation': 900}","{'id': 49642, 'rank': 29, 'fitness': 0.10634609678824725, 'generation': 900}","{'id': 49640, 'rank': 30, 'fitness': 0.01798620996209155, 'generation': 900}"
"{'id': 49677, 'rank': 1, 'fitness': 0.9820137900379085, 'generation': 901}","{'id': 49599, 'rank': 2, 'fitness': 0.908486052731549, 'generation': 901}","{'id': 49618, 'rank': 3, 'fitness': 0.8738116102775941, 'generation': 901}","{'id': 49618, 'rank': 4, 'fitness': 0.8738116102775941, 'generation': 901}","{'id': 49618, 'rank': 5, 'fitness': 0.8738116102775941, 'generation': 901}","{'id': 49615, 'rank': 6, 'fitness': 0.8375787979474485, 'generation': 901}","{'id': 49615, 'rank': 7, 'fitness': 0.8375787979474485, 'generation': 901}","{'id': 49699, 'rank': 8, 'fitness': 0.8169203680473309, 'generation': 901}","{'id': 49699, 'rank': 9, 'fitness': 0.8169203680473309, 'generation': 901}","{'id': 49520, 'rank': 10, 'fitness': 0.7878679201057379, 'generation': 901}","{'id': 49500, 'rank': 11, 'fitness': 0.7677153029668564, 'generation': 901}","{'id': 49500, 'rank': 12, 'fitness': 0.7677153029668564, 'generation': 901}","{'id': 49659, 'rank': 13, 'fitness': 0.7411638096189765, 'generation': 901}","{'id': 49541, 'rank': 14, 'fitness': 0.6807163240185512, 'generation': 901}","{'id': 49541, 'rank': 15, 'fitness': 0.6807163240185512, 'generation': 901}","{'id': 49666, 'rank': 16, 'fitness': 0.658411893697413, 'generation': 901}","{'id': 49666, 'rank': 17, 'fitness': 0.658411893697413, 'generation': 901}","{'id': 49687, 'rank': 18, 'fitness': 0.42967626152975424, 'generation': 901}","{'id': 49539, 'rank': 19, 'fitness': 0.3539592017454769, 'generation': 901}","{'id': 49676, 'rank': 20, 'fitness': 0.24391040946846554, 'generation': 901}","{'id': 49660, 'rank': 21, 'fitness': 0.24018434879806233, 'generation': 901}","{'id': 49647, 'rank': 22, 'fitness': 0.23580791946317137, 'generation': 901}","{'id': 49641, 'rank': 23, 'fitness': 0.20470038440831745, 'generation': 901}","{'id': 49641, 'rank': 24, 'fitness': 0.20470038440831745, 'generation': 901}","{'id': 49701, 'rank': 25, 'fitness': 0.1805056432607714, 'generation': 901}","{'id': 49658, 'rank': 26, 'fitness': 0.10458185075322984, 'generation': 901}","{'id': 49662, 'rank': 27, 'fitness': 0.0866094044518037, 'generation': 901}","{'id': 49696, 'rank': 28, 'fitness': 0.07299440802418872, 'generation': 901}","{'id': 49655, 'rank': 29, 'fitness': 0.018345785620040245, 'generation': 901}","{'id': 49691, 'rank': 30, 'fitness': 0.01798620996209155, 'generation': 901}"
"{'id': 49754, 'rank': 1, 'fitness': 0.9820137900379085, 'generation': 902}","{'id': 49677, 'rank': 2, 'fitness': 0.9805703223694222, 'generation': 902}","{'id': 49599, 'rank': 3, 'fitness': 0.8761158213154372, 'generation': 902}","{'id': 49599, 'rank': 4, 'fitness': 0.8761158213154372, 'generation': 902}","{'id': 49729, 'rank': 5, 'fitness': 0.8353550548809447, 'generation': 902}","{'id': 49729, 'rank': 6, 'fitness': 0.8353550548809447, 'generation': 902}","{'id': 49615, 'rank': 7, 'fitness': 0.7687223018654645, 'generation': 902}","{'id': 49758, 'rank': 8, 'fitness': 0.7408815024640317, 'generation': 902}","{'id': 49740, 'rank': 9, 'fitness': 0.7221825804251937, 'generation': 902}","{'id': 49740, 'rank': 10, 'fitness': 0.7221825804251937, 'generation': 902}","{'id': 49520, 'rank': 11, 'fitness': 0.6948224296390754, 'generation': 902}","{'id': 49500, 'rank': 12, 'fitness': 0.665582073934204, 'generation': 902}","{'id': 49666, 'rank': 13, 'fitness': 0.5166561460347653, 'generation': 902}","{'id': 49711, 'rank': 14, 'fitness': 0.3501636536399651, 'generation': 902}","{'id': 49716, 'rank': 15, 'fitness': 0.29045539459539815, 'generation': 902}","{'id': 49731, 'rank': 16, 'fitness': 0.24383937586302645, 'generation': 902}","{'id': 49707, 'rank': 17, 'fitness': 0.20682128324094828, 'generation': 902}","{'id': 49676, 'rank': 18, 'fitness': 0.11982728958102717, 'generation': 902}","{'id': 49641, 'rank': 19, 'fitness': 0.09497213870048782, 'generation': 902}","{'id': 49755, 'rank': 20, 'fitness': 0.0837435150873716, 'generation': 902}","{'id': 49730, 'rank': 21, 'fitness': 0.0596213125472313, 'generation': 902}","{'id': 49708, 'rank': 22, 'fitness': 0.051371211717696375, 'generation': 902}","{'id': 49708, 'rank': 23, 'fitness': 0.051371211717696375, 'generation': 902}","{'id': 49658, 'rank': 24, 'fitness': 0.04049413000522639, 'generation': 902}","{'id': 49710, 'rank': 25, 'fitness': 0.03970271169147305, 'generation': 902}","{'id': 49710, 'rank': 26, 'fitness': 0.03970271169147305, 'generation': 902}","{'id': 49732, 'rank': 27, 'fitness': 0.03297580096472247, 'generation': 902}","{'id': 49719, 'rank': 28, 'fitness': 0.027014552095188715, 'generation': 902}","{'id': 49696, 'rank': 29, 'fitness': 0.02609024132275345, 'generation': 902}","{'id': 49749, 'rank': 30, 'fitness': 0.01798620996209155, 'generation': 902}"
"{'id': 49760, 'rank': 1, 'fitness': 0.9820137900379085, 'generation': 903}","{'id': 49677, 'rank': 2, 'fitness': 0.9755464053164093, 'generation': 903}","{'id': 49780, 'rank': 3, 'fitness': 0.9704245368770104, 'generation': 903}","{'id': 49781, 'rank': 4, 'fitness': 0.9104939735944191, 'generation': 903}","{'id': 49783, 'rank': 5, 'fitness': 0.8645189761791776, 'generation': 903}","{'id': 49599, 'rank': 6, 'fitness': 0.8424772148076347, 'generation': 903}","{'id': 49599, 'rank': 7, 'fitness': 0.8424772148076347, 'generation': 903}","{'id': 49772, 'rank': 8, 'fitness': 0.8149148829118646, 'generation': 903}","{'id': 49729, 'rank': 9, 'fitness': 0.7920309405290178, 'generation': 903}","{'id': 49758, 'rank': 10, 'fitness': 0.6793493808230417, 'generation': 903}","{'id': 49758, 'rank': 11, 'fitness': 0.6793493808230417, 'generation': 903}","{'id': 49740, 'rank': 12, 'fitness': 0.6577755393063132, 'generation': 903}","{'id': 49500, 'rank': 13, 'fitness': 0.5939548160397048, 'generation': 903}","{'id': 49807, 'rank': 14, 'fitness': 0.5539004587130262, 'generation': 903}","{'id': 49807, 'rank': 15, 'fitness': 0.5539004587130262, 'generation': 903}","{'id': 49666, 'rank': 16, 'fitness': 0.43652349732596474, 'generation': 903}","{'id': 49711, 'rank': 17, 'fitness': 0.27774387946020507, 'generation': 903}","{'id': 49766, 'rank': 18, 'fitness': 0.22221637611159356, 'generation': 903}","{'id': 49810, 'rank': 19, 'fitness': 0.1864626805348807, 'generation': 903}","{'id': 49810, 'rank': 20, 'fitness': 0.1864626805348807, 'generation': 903}","{'id': 49810, 'rank': 21, 'fitness': 0.1864626805348807, 'generation': 903}","{'id': 49731, 'rank': 22, 'fitness': 0.18532644574520557, 'generation': 903}","{'id': 49769, 'rank': 23, 'fitness': 0.1351264161664923, 'generation': 903}","{'id': 49769, 'rank': 24, 'fitness': 0.1351264161664923, 'generation': 903}","{'id': 49785, 'rank': 25, 'fitness': 0.1130251593584678, 'generation': 903}","{'id': 49771, 'rank': 26, 'fitness': 0.09296381427824962, 'generation': 903}","{'id': 49658, 'rank': 27, 'fitness': 0.027652755184922106, 'generation': 903}","{'id': 49658, 'rank': 28, 'fitness': 0.027652755184922106, 'generation': 903}","{'id': 49732, 'rank': 29, 'fitness': 0.022357604162627387, 'generation': 903}","{'id': 49808, 'rank': 30, 'fitness': 0.01798620996209155, 'generation': 903}"
"{'id': 49838, 'rank': 1, 'fitness': 0.9820137900379085, 'generation': 904}","{'id': 49677, 'rank': 2, 'fitness': 0.9790309243121943, 'generation': 904}","{'id': 49677, 'rank': 3, 'fitness': 0.9790309243121943, 'generation': 904}","{'id': 49772, 'rank': 4, 'fitness': 0.8768171344090074, 'generation': 904}","{'id': 49864, 'rank': 5, 'fitness': 0.8474269787161022, 'generation': 904}","{'id': 49758, 'rank': 6, 'fitness': 0.7922215638727009, 'generation': 904}","{'id': 49740, 'rank': 7, 'fitness': 0.7782086665874512, 'generation': 904}","{'id': 49740, 'rank': 8, 'fitness': 0.7782086665874512, 'generation': 904}","{'id': 49500, 'rank': 9, 'fitness': 0.735405941367084, 'generation': 904}","{'id': 49500, 'rank': 10, 'fitness': 0.735405941367084, 'generation': 904}","{'id': 49807, 'rank': 11, 'fitness': 0.7073099204792405, 'generation': 904}","{'id': 49807, 'rank': 12, 'fitness': 0.7073099204792405, 'generation': 904}","{'id': 49818, 'rank': 13, 'fitness': 0.6890402084066671, 'generation': 904}","{'id': 49857, 'rank': 14, 'fitness': 0.6726293219606585, 'generation': 904}","{'id': 49666, 'rank': 15, 'fitness': 0.6176950692147397, 'generation': 904}","{'id': 49869, 'rank': 16, 'fitness': 0.574676647196642, 'generation': 904}","{'id': 49869, 'rank': 17, 'fitness': 0.574676647196642, 'generation': 904}","{'id': 49859, 'rank': 18, 'fitness': 0.5090191449644437, 'generation': 904}","{'id': 49769, 'rank': 19, 'fitness': 0.29180846804929117, 'generation': 904}","{'id': 49769, 'rank': 20, 'fitness': 0.29180846804929117, 'generation': 904}","{'id': 49829, 'rank': 21, 'fitness': 0.1940749220049116, 'generation': 904}","{'id': 49829, 'rank': 22, 'fitness': 0.1940749220049116, 'generation': 904}","{'id': 49839, 'rank': 23, 'fitness': 0.170476563995908, 'generation': 904}","{'id': 49840, 'rank': 24, 'fitness': 0.12893787703102416, 'generation': 904}","{'id': 49841, 'rank': 25, 'fitness': 0.11835643732066248, 'generation': 904}","{'id': 49858, 'rank': 26, 'fitness': 0.10079132177504119, 'generation': 904}","{'id': 49847, 'rank': 27, 'fitness': 0.08968831919435127, 'generation': 904}","{'id': 49816, 'rank': 28, 'fitness': 0.07359293894958852, 'generation': 904}","{'id': 49844, 'rank': 29, 'fitness': 0.045859519811867255, 'generation': 904}","{'id': 49850, 'rank': 30, 'fitness': 0.01798620996209155, 'generation': 904}"
"{'id': 49838, 'rank': 1, 'fitness': 0.9820137900379085, 'generation': 905}","{'id': 49677, 'rank': 2, 'fitness': 0.9781031535803609, 'generation': 905}","{'id': 49677, 'rank': 3, 'fitness': 0.9781031535803609, 'generation': 905}","{'id': 49890, 'rank': 4, 'fitness': 0.9429781632489798, 'generation': 905}","{'id': 49891, 'rank': 5, 'fitness': 0.6454083969189722, 'generation': 905}","{'id': 49758, 'rank': 6, 'fitness': 0.6424161177892711, 'generation': 905}","{'id': 49758, 'rank': 7, 'fitness': 0.6424161177892711, 'generation': 905}","{'id': 49740, 'rank': 8, 'fitness': 0.6175726022830103, 'generation': 905}","{'id': 49740, 'rank': 9, 'fitness': 0.6175726022830103, 'generation': 905}","{'id': 49740, 'rank': 10, 'fitness': 0.6175726022830103, 'generation': 905}","{'id': 49500, 'rank': 11, 'fitness': 0.5449638665177804, 'generation': 905}","{'id': 49500, 'rank': 12, 'fitness': 0.5449638665177804, 'generation': 905}","{'id': 49818, 'rank': 13, 'fitness': 0.4724506344705712, 'generation': 905}","{'id': 49857, 'rank': 14, 'fitness': 0.4483847160144542, 'generation': 905}","{'id': 49666, 'rank': 15, 'fitness': 0.3739122544986434, 'generation': 905}","{'id': 49903, 'rank': 16, 'fitness': 0.32257276217304176, 'generation': 905}","{'id': 49903, 'rank': 17, 'fitness': 0.32257276217304176, 'generation': 905}","{'id': 49895, 'rank': 18, 'fitness': 0.26328635561226055, 'generation': 905}","{'id': 49859, 'rank': 19, 'fitness': 0.2526349884618347, 'generation': 905}","{'id': 49859, 'rank': 20, 'fitness': 0.2526349884618347, 'generation': 905}","{'id': 49909, 'rank': 21, 'fitness': 0.23937874704943152, 'generation': 905}","{'id': 49880, 'rank': 22, 'fitness': 0.12127984887190896, 'generation': 905}","{'id': 49769, 'rank': 23, 'fitness': 0.09379342283044767, 'generation': 905}","{'id': 49875, 'rank': 24, 'fitness': 0.0803751701638643, 'generation': 905}","{'id': 49829, 'rank': 25, 'fitness': 0.04939916853122989, 'generation': 905}","{'id': 49896, 'rank': 26, 'fitness': 0.04746714904449323, 'generation': 905}","{'id': 49882, 'rank': 27, 'fitness': 0.04552991550205304, 'generation': 905}","{'id': 49839, 'rank': 28, 'fitness': 0.040680272495397574, 'generation': 905}","{'id': 49902, 'rank': 29, 'fitness': 0.03811058304893, 'generation': 905}","{'id': 49893, 'rank': 30, 'fitness': 0.01798620996209155, 'generation': 905}"
"{'id': 49924, 'rank': 1, 'fitness': 0.9820137900379085, 'generation': 906}","{'id': 49677, 'rank': 2, 'fitness': 0.9742233868590993, 'generation': 906}","{'id': 49890, 'rank': 3, 'fitness': 0.9360305815281295, 'generation': 906}","{'id': 49947, 'rank': 4, 'fitness': 0.884394580956734, 'generation': 906}","{'id': 49891, 'rank': 5, 'fitness': 0.6401220008121605, 'generation': 906}","{'id': 49500, 'rank': 6, 'fitness': 0.5439273418183862, 'generation': 906}","{'id': 49930, 'rank': 7, 'fitness': 0.514103063096081, 'generation': 906}","{'id': 49930, 'rank': 8, 'fitness': 0.514103063096081, 'generation': 906}","{'id': 49818, 'rank': 9, 'fitness': 0.4746708340509144, 'generation': 906}","{'id': 49968, 'rank': 10, 'fitness': 0.46539741841345045, 'generation': 906}","{'id': 49857, 'rank': 11, 'fitness': 0.4516684705321123, 'generation': 906}","{'id': 49953, 'rank': 12, 'fitness': 0.4267952501280088, 'generation': 906}","{'id': 49939, 'rank': 13, 'fitness': 0.3841905568596019, 'generation': 906}","{'id': 49939, 'rank': 14, 'fitness': 0.3841905568596019, 'generation': 906}","{'id': 49941, 'rank': 15, 'fitness': 0.3131328712870543, 'generation': 906}","{'id': 49941, 'rank': 16, 'fitness': 0.3131328712870543, 'generation': 906}","{'id': 49956, 'rank': 17, 'fitness': 0.2996431218357978, 'generation': 906}","{'id': 49895, 'rank': 18, 'fitness': 0.2731508474528831, 'generation': 906}","{'id': 49859, 'rank': 19, 'fitness': 0.26272746423430127, 'generation': 906}","{'id': 49935, 'rank': 20, 'fitness': 0.1946590904226066, 'generation': 906}","{'id': 49955, 'rank': 21, 'fitness': 0.1614355340651662, 'generation': 906}","{'id': 49966, 'rank': 22, 'fitness': 0.12055679334604524, 'generation': 906}","{'id': 49769, 'rank': 23, 'fitness': 0.10320387726451735, 'generation': 906}","{'id': 49964, 'rank': 24, 'fitness': 0.0917988116205043, 'generation': 906}","{'id': 49875, 'rank': 25, 'fitness': 0.08918735856305954, 'generation': 906}","{'id': 49938, 'rank': 26, 'fitness': 0.07885067396843104, 'generation': 906}","{'id': 49829, 'rank': 27, 'fitness': 0.0562480122251795, 'generation': 906}","{'id': 49936, 'rank': 28, 'fitness': 0.05136725300997369, 'generation': 906}","{'id': 49958, 'rank': 29, 'fitness': 0.025212990791851964, 'generation': 906}","{'id': 49957, 'rank': 30, 'fitness': 0.01798620996209155, 'generation': 906}"
